9.027080078125000000e+08 1.868186800000000147e+01 1.433354999999999935e+00 2.341320000000000068e-01 9.334999999999999548e-03 6.099999999999999737e-04 9.290000000000000297e-04
9.160830078125000000e+08 1.853004599999999868e+01 1.441862999999999895e+00 2.615430000000000255e-01 6.791000000000000161e-03 5.529999999999999976e-04 8.019999999999999785e-04
9.294580078125000000e+08 1.839481200000000172e+01 1.449955000000000105e+00 2.902719999999999745e-01 6.405000000000000103e-03 4.620000000000000083e-04 7.600000000000000418e-04
9.428330078125000000e+08 1.827074400000000054e+01 1.447970999999999897e+00 3.388900000000000245e-01 7.228000000000000050e-03 5.349999999999999938e-04 7.569999999999999689e-04
9.562080078125000000e+08 1.812738999999999834e+01 1.453845999999999972e+00 3.579309999999999992e-01 4.813999999999999703e-03 3.049999999999999868e-04 5.990000000000000316e-04
9.695830078125000000e+08 1.798818999999999946e+01 1.451734000000000080e+00 3.889090000000000047e-01 4.603000000000000320e-03 2.999999999999999737e-04 5.190000000000000386e-04
9.829580078125000000e+08 1.786262699999999981e+01 1.445022000000000029e+00 4.214589999999999725e-01 4.113000000000000336e-03 2.840000000000000185e-04 5.159999999999999656e-04
9.963330078125000000e+08 1.773337599999999981e+01 1.430697000000000108e+00 4.596759999999999735e-01 4.230000000000000253e-03 2.930000000000000204e-04 5.039999999999999992e-04
1.009708007812500000e+09 1.761624000000000123e+01 1.421821000000000002e+00 4.914419999999999900e-01 3.782999999999999904e-03 2.700000000000000035e-04 5.019999999999999506e-04
1.023083007812500000e+09 1.749593399999999832e+01 1.420090999999999992e+00 5.093100000000000405e-01 3.942000000000000191e-03 2.799999999999999755e-04 4.789999999999999879e-04
1.036458007812500000e+09 1.737286399999999986e+01 1.427705000000000002e+00 5.212080000000000046e-01 3.647000000000000068e-03 2.719999999999999979e-04 4.719999999999999803e-04
1.049833007812500000e+09 1.725820900000000080e+01 1.436903999999999959e+00 5.308829999999999938e-01 3.422000000000000128e-03 2.719999999999999979e-04 4.670000000000000214e-04
1.063208007812500000e+09 1.714470499999999831e+01 1.436933000000000016e+00 5.415450000000000541e-01 3.086000000000000201e-03 2.790000000000000054e-04 4.609999999999999840e-04
1.076583007812500000e+09 1.703976799999999869e+01 1.424415999999999904e+00 5.650140000000000162e-01 3.148000000000000190e-03 2.900000000000000017e-04 4.670000000000000214e-04
1.089958007812500000e+09 1.692595499999999831e+01 1.409330999999999889e+00 5.940790000000000237e-01 2.936999999999999941e-03 3.130000000000000187e-04 4.800000000000000122e-04
1.103333007812500000e+09 1.681862299999999877e+01 1.393599999999999950e+00 6.200510000000000188e-01 2.707000000000000205e-03 2.950000000000000148e-04 4.400000000000000157e-04
1.116708007812500000e+09 1.670818500000000029e+01 1.378894000000000064e+00 6.406939999999999857e-01 2.876999999999999783e-03 2.919999999999999961e-04 4.380000000000000213e-04
1.130083007812500000e+09 1.660372200000000120e+01 1.367710999999999899e+00 6.600359999999999561e-01 2.691999999999999948e-03 2.900000000000000017e-04 4.650000000000000270e-04
1.143458007812500000e+09 1.650669500000000056e+01 1.354594000000000076e+00 6.768779999999999797e-01 2.739999999999999814e-03 2.990000000000000036e-04 4.609999999999999840e-04
1.156833007812500000e+09 1.640301300000000140e+01 1.341717999999999966e+00 7.000239999999999796e-01 2.478000000000000168e-03 2.979999999999999793e-04 4.330000000000000081e-04
1.170208007812500000e+09 1.630911800000000156e+01 1.325760000000000050e+00 7.133340000000000236e-01 2.994000000000000133e-03 4.099999999999999912e-04 4.679999999999999915e-04
1.183583007812500000e+09 1.620603900000000053e+01 1.311612999999999918e+00 7.370910000000000517e-01 2.589000000000000155e-03 3.719999999999999891e-04 4.769999999999999934e-04
1.196958007812500000e+09 1.610994900000000030e+01 1.295452999999999966e+00 7.507479999999999709e-01 2.642999999999999950e-03 4.670000000000000214e-04 4.310000000000000137e-04
1.210333007812500000e+09 1.601007699999999900e+01 1.282021999999999995e+00 7.674830000000000263e-01 2.942999999999999870e-03 7.590000000000000175e-04 5.569999999999999864e-04
1.223708007812500000e+09 1.591281900000000071e+01 1.282262999999999931e+00 7.766610000000000458e-01 2.415000000000000046e-03 4.169999999999999987e-04 4.960000000000000216e-04
1.237083007812500000e+09 1.583231499999999947e+01 1.275681999999999983e+00 7.826309999999999656e-01 2.044999999999999943e-03 3.379999999999999758e-04 4.209999999999999875e-04
1.250458007812500000e+09 1.574019900000000050e+01 1.269217999999999957e+00 7.857070000000000443e-01 2.255000000000000060e-03 5.890000000000000053e-04 6.459999999999999814e-04
1.263833007812500000e+09 1.565554900000000060e+01 1.259641999999999928e+00 7.900690000000000213e-01 2.260999999999999989e-03 4.679999999999999915e-04 5.400000000000000069e-04
1.277208007812500000e+09 1.556100299999999947e+01 1.250636000000000081e+00 7.937450000000000339e-01 1.765999999999999992e-03 5.640000000000000482e-04 5.670000000000000127e-04
1.290583007812500000e+09 1.552281699999999987e+01 1.242434999999999956e+00 7.747650000000000370e-01 3.288999999999999823e-03 6.380000000000000037e-04 7.669999999999999951e-04
1.303958007812500000e+09 1.540166999999999931e+01 1.230990000000000029e+00 8.247149999999999759e-01 1.575999999999999927e-03 2.959999999999999849e-04 3.789999999999999966e-04
1.317333007812500000e+09 1.532294300000000042e+01 1.217302000000000106e+00 8.375129999999999519e-01 1.613000000000000067e-03 2.999999999999999737e-04 3.750000000000000078e-04
1.330708007812500000e+09 1.524355399999999960e+01 1.203923999999999994e+00 8.477679999999999660e-01 1.585000000000000037e-03 2.829999999999999942e-04 3.649999999999999816e-04
1.344083007812500000e+09 1.516476899999999972e+01 1.196093000000000073e+00 8.550910000000000455e-01 1.497999999999999983e-03 3.020000000000000223e-04 3.750000000000000078e-04
1.357458007812500000e+09 1.508479999999999954e+01 1.187936000000000103e+00 8.626399999999999624e-01 1.590000000000000050e-03 2.849999999999999886e-04 3.719999999999999891e-04
1.370833007812500000e+09 1.501067899999999966e+01 1.178811000000000053e+00 8.694410000000000194e-01 1.523000000000000048e-03 3.159999999999999832e-04 3.600000000000000227e-04
1.384208007812500000e+09 1.493665400000000076e+01 1.166218999999999895e+00 8.776960000000000317e-01 1.516999999999999902e-03 2.939999999999999905e-04 3.649999999999999816e-04
1.397583007812500000e+09 1.486204099999999961e+01 1.155054000000000025e+00 8.864419999999999522e-01 1.526999999999999929e-03 2.950000000000000148e-04 3.589999999999999984e-04
1.410958007812500000e+09 1.479219200000000001e+01 1.143763000000000085e+00 8.944640000000000368e-01 1.534999999999999906e-03 3.139999999999999888e-04 3.660000000000000059e-04
1.424333007812500000e+09 1.472380899999999926e+01 1.132878999999999969e+00 9.009110000000000174e-01 1.498999999999999898e-03 3.209999999999999963e-04 3.680000000000000003e-04
1.437708007812500000e+09 1.464879099999999923e+01 1.125126999999999988e+00 9.048030000000000239e-01 1.541999999999999968e-03 3.040000000000000167e-04 3.490000000000000263e-04
1.451083007812500000e+09 1.458332500000000032e+01 1.117812999999999946e+00 9.083189999999999875e-01 1.562999999999999936e-03 3.240000000000000150e-04 3.429999999999999889e-04
1.464458007812500000e+09 1.451555199999999957e+01 1.111428000000000083e+00 9.104280000000000150e-01 1.562000000000000020e-03 3.110000000000000243e-04 3.370000000000000057e-04
1.477833007812500000e+09 1.444742500000000085e+01 1.102956000000000047e+00 9.147459999999999480e-01 1.588000000000000002e-03 3.130000000000000187e-04 3.440000000000000132e-04
1.491208007812500000e+09 1.438151299999999999e+01 1.095075999999999938e+00 9.180030000000000134e-01 1.632999999999999903e-03 3.069999999999999812e-04 3.480000000000000020e-04
1.504583007812500000e+09 1.431586199999999920e+01 1.086551999999999962e+00 9.216689999999999605e-01 1.745000000000000023e-03 3.119999999999999944e-04 3.530000000000000152e-04
1.517958007812500000e+09 1.425316600000000022e+01 1.077523000000000009e+00 9.240080000000000515e-01 1.789999999999999925e-03 3.299999999999999982e-04 3.339999999999999870e-04
1.531333007812500000e+09 1.416711600000000004e+01 1.085463999999999984e+00 9.207370000000000276e-01 2.773999999999999990e-03 5.810000000000000277e-04 6.009999999999999717e-04
1.544708007812500000e+09 1.411016099999999973e+01 1.070275000000000087e+00 9.233430000000000248e-01 2.170000000000000054e-03 4.409999999999999858e-04 4.929999999999999487e-04
1.558083007812500000e+09 1.408231800000000078e+01 1.053374999999999950e+00 9.235240000000000116e-01 2.544999999999999953e-03 3.589999999999999984e-04 5.230000000000000274e-04
1.571458007812500000e+09 1.399493499999999990e+01 1.046904999999999974e+00 9.352610000000000090e-01 2.321000000000000146e-03 4.350000000000000026e-04 4.659999999999999971e-04
1.584833007812500000e+09 1.394337400000000038e+01 1.035268999999999995e+00 9.421040000000000525e-01 2.258000000000000024e-03 3.930000000000000117e-04 4.020000000000000136e-04
1.598208007812500000e+09 1.388888399999999912e+01 1.028351999999999933e+00 9.422650000000000192e-01 2.279000000000000210e-03 3.550000000000000096e-04 3.660000000000000059e-04
1.611583007812500000e+09 1.383450700000000033e+01 1.026257999999999893e+00 9.397609999999999575e-01 2.432000000000000134e-03 3.699999999999999947e-04 4.159999999999999744e-04
1.624958007812500000e+09 1.379092499999999966e+01 1.020197000000000020e+00 9.349809999999999510e-01 2.382000000000000003e-03 4.369999999999999970e-04 4.800000000000000122e-04
1.638333007812500000e+09 1.372483399999999953e+01 1.014010999999999996e+00 9.381950000000000012e-01 2.707000000000000205e-03 4.020000000000000136e-04 4.360000000000000269e-04
1.651708007812500000e+09 1.368374500000000005e+01 1.001457000000000042e+00 9.467550000000000132e-01 2.579999999999999828e-03 4.380000000000000213e-04 4.490000000000000176e-04
