9.027994384765620232e+08 1.699999999999999905e-03 -2.590000000000000071e-04 1.100000000000000039e-04 2.059999999999999928e-04 1.579999999999999916e-04 1.740000000000000010e-04
9.161744384765620232e+08 1.765999999999999992e-03 -3.000000000000000076e-05 1.359999999999999989e-04 1.399999999999999877e-04 1.100000000000000039e-04 1.259999999999999998e-04
9.696744384765620232e+08 1.600000000000000077e-03 1.240000000000000054e-04 -6.200000000000000270e-05 1.259999999999999998e-04 1.179999999999999951e-04 1.259999999999999998e-04
9.830494384765620232e+08 1.474000000000000050e-03 5.500000000000000196e-05 -1.599999999999999928e-05 1.269999999999999970e-04 1.060000000000000016e-04 1.160000000000000007e-04
9.964244384765620232e+08 1.830000000000000029e-03 2.420000000000000005e-04 -1.969999999999999909e-04 1.219999999999999974e-04 1.019999999999999992e-04 1.210000000000000002e-04
1.009799438476559997e+09 1.544999999999999932e-03 -5.899999999999999754e-05 1.800000000000000046e-05 1.230000000000000082e-04 1.069999999999999988e-04 1.019999999999999992e-04
1.023174438476559997e+09 1.758000000000000014e-03 2.799999999999999958e-05 1.969999999999999909e-04 1.140000000000000063e-04 1.039999999999999936e-04 1.069999999999999988e-04
1.036549438476559997e+09 1.688999999999999963e-03 -4.199999999999999768e-05 -2.310000000000000042e-04 1.259999999999999998e-04 1.100000000000000039e-04 1.000000000000000048e-04
1.049924438476559997e+09 1.523999999999999964e-03 -5.300000000000000078e-05 7.899999999999999579e-05 1.299999999999999886e-04 1.210000000000000002e-04 1.060000000000000016e-04
1.063299438476559997e+09 1.551999999999999994e-03 8.000000000000000654e-05 6.399999999999999710e-05 1.129999999999999955e-04 9.699999999999999963e-05 1.060000000000000016e-04
1.076674438476560116e+09 1.580000000000000024e-03 -1.399999999999999979e-05 4.399999999999999886e-05 1.160000000000000007e-04 1.019999999999999992e-04 1.160000000000000007e-04
1.090049438476560116e+09 1.791000000000000057e-03 1.699999999999999987e-05 6.000000000000000152e-06 1.069999999999999988e-04 9.600000000000000243e-05 9.399999999999999448e-05
1.103424438476560116e+09 1.593999999999999931e-03 2.039999999999999984e-04 -1.399999999999999877e-04 9.799999999999999684e-05 1.079999999999999960e-04 9.500000000000000523e-05
1.116799438476560116e+09 1.595000000000000064e-03 -3.199999999999999855e-05 -3.399999999999999973e-05 1.060000000000000016e-04 9.100000000000000287e-05 1.039999999999999936e-04
1.130174438476560116e+09 1.588999999999999918e-03 7.799999999999999859e-05 9.999999999999999547e-07 1.079999999999999960e-04 9.299999999999999727e-05 9.799999999999999684e-05
1.143549438476560116e+09 1.598999999999999944e-03 1.369999999999999961e-04 -2.280000000000000126e-04 1.119999999999999983e-04 1.050000000000000044e-04 1.160000000000000007e-04
1.156924438476560116e+09 1.592000000000000099e-03 1.029999999999999964e-04 -2.799999999999999755e-04 1.250000000000000026e-04 1.119999999999999983e-04 1.039999999999999936e-04
1.170299438476560116e+09 1.410999999999999928e-03 8.299999999999999815e-05 1.039999999999999936e-04 2.000000000000000096e-04 1.890000000000000133e-04 1.689999999999999879e-04
1.183674438476560116e+09 1.449999999999999900e-03 1.350000000000000017e-04 2.169999999999999891e-04 1.939999999999999993e-04 1.550000000000000000e-04 1.800000000000000113e-04
1.197049438476560116e+09 1.843000000000000020e-03 2.010000000000000068e-04 -1.949999999999999965e-04 1.540000000000000028e-04 1.430000000000000064e-04 1.410000000000000120e-04
1.237174438476560116e+09 1.144999999999999967e-03 -2.099999999999999884e-05 -3.100000000000000135e-05 1.679999999999999907e-04 1.350000000000000017e-04 1.440000000000000036e-04
1.250549438476560116e+09 1.085999999999999943e-03 1.060000000000000016e-04 -6.299999999999999990e-05 1.129999999999999955e-04 1.069999999999999988e-04 1.150000000000000035e-04
1.277299438476560116e+09 1.582000000000000073e-03 -1.599999999999999928e-05 2.259999999999999910e-04 2.359999999999999902e-04 2.539999999999999940e-04 2.300000000000000070e-04
1.290674438476560116e+09 1.309999999999999967e-03 -1.340000000000000045e-04 -8.899999999999999491e-05 1.569999999999999944e-04 1.450000000000000009e-04 1.610000000000000103e-04
1.304049438476560116e+09 1.252999999999999991e-03 -3.600000000000000091e-05 -2.280000000000000126e-04 1.110000000000000011e-04 9.500000000000000523e-05 1.000000000000000048e-04
1.317424438476560116e+09 1.229999999999999974e-03 -2.799999999999999958e-05 2.900000000000000017e-05 9.200000000000000007e-05 9.299999999999999727e-05 9.399999999999999448e-05
1.330799438476560116e+09 1.557999999999999923e-03 1.100000000000000039e-04 6.099999999999999872e-05 9.600000000000000243e-05 8.500000000000000611e-05 9.399999999999999448e-05
1.344174438476560116e+09 1.376999999999999969e-03 9.999999999999999547e-07 1.169999999999999979e-04 9.500000000000000523e-05 8.600000000000000331e-05 8.399999999999999535e-05
1.357549438476560116e+09 1.497000000000000067e-03 -1.800000000000000046e-05 7.200000000000000182e-05 9.200000000000000007e-05 9.000000000000000567e-05 8.100000000000000375e-05
1.370924438476560116e+09 1.433000000000000029e-03 -1.359999999999999989e-04 1.160000000000000007e-04 8.399999999999999535e-05 7.700000000000000139e-05 9.000000000000000567e-05
1.384299438476560116e+09 1.417999999999999990e-03 2.300000000000000002e-05 -2.000000000000000164e-05 9.100000000000000287e-05 9.200000000000000007e-05 9.600000000000000243e-05
1.397674438476560116e+09 1.402999999999999950e-03 -6.399999999999999710e-05 -9.000000000000000567e-05 8.799999999999999771e-05 8.299999999999999815e-05 9.399999999999999448e-05
1.411049438476560116e+09 1.435000000000000078e-03 -9.299999999999999727e-05 8.899999999999999491e-05 8.799999999999999771e-05 8.200000000000000095e-05 9.200000000000000007e-05
1.424424438476560116e+09 1.637999999999999916e-03 5.099999999999999960e-05 3.800000000000000209e-05 1.200000000000000030e-04 1.140000000000000063e-04 1.179999999999999951e-04
1.437799438476560116e+09 1.526000000000000013e-03 -7.999999999999999638e-06 9.299999999999999727e-05 9.799999999999999684e-05 8.700000000000000051e-05 8.500000000000000611e-05
1.451174438476560116e+09 1.214000000000000018e-03 6.399999999999999710e-05 8.200000000000000095e-05 8.700000000000000051e-05 9.200000000000000007e-05 9.399999999999999448e-05
1.464549438476560116e+09 1.170999999999999949e-03 3.899999999999999929e-05 -4.699999999999999724e-05 8.700000000000000051e-05 8.899999999999999491e-05 9.000000000000000567e-05
1.477924438476560116e+09 1.301999999999999989e-03 -1.789999999999999870e-04 -1.399999999999999979e-05 9.200000000000000007e-05 8.399999999999999535e-05 9.100000000000000287e-05
1.491299438476560116e+09 1.204999999999999908e-03 8.600000000000000331e-05 -8.299999999999999815e-05 8.000000000000000654e-05 9.299999999999999727e-05 9.600000000000000243e-05
1.504674438476560116e+09 1.443999999999999971e-03 9.699999999999999963e-05 0.000000000000000000e+00 9.399999999999999448e-05 9.299999999999999727e-05 9.399999999999999448e-05
1.518049438476560116e+09 1.242999999999999964e-03 -1.289999999999999914e-04 -2.400000000000000061e-04 1.250000000000000026e-04 1.320000000000000101e-04 1.190000000000000058e-04
1.584924438476560116e+09 1.526000000000000013e-03 1.240000000000000054e-04 -2.500000000000000120e-05 2.049999999999999956e-04 1.659999999999999963e-04 1.810000000000000085e-04
1.598299438476560116e+09 1.224999999999999960e-03 3.429999999999999889e-04 -2.570000000000000127e-04 1.530000000000000056e-04 1.459999999999999981e-04 1.430000000000000064e-04
1.611674438476560116e+09 1.301999999999999989e-03 6.700000000000000226e-05 -7.200000000000000182e-05 1.010000000000000020e-04 9.500000000000000523e-05 1.069999999999999988e-04
1.625049438476560116e+09 1.170999999999999949e-03 -1.000000000000000048e-04 -2.030000000000000012e-04 1.559999999999999972e-04 1.659999999999999963e-04 1.849999999999999973e-04
1.638424438476560116e+09 1.280000000000000105e-03 1.769999999999999926e-04 -1.550000000000000000e-04 9.299999999999999727e-05 9.399999999999999448e-05 1.010000000000000020e-04
