# ======================================================================
# FLAGGED DATA - KEPT CHANNELS ONLY
# ======================================================================
# 
# FLAGGING SUMMARY:
#   Total channels: 57
#   Flagged: 8 (14.0%)
#   Kept: 49 (86.0%)
# 
# FLAGGING CRITERIA APPLIED:
#   - Gross outliers: 1 channels
#   - Spectral baseline clipping: 5 channels
#   - Stokes V clipping: 2 channels
#       Threshold: 2.33σ
#       Reference: median
#       Iterations: 2
# 
# COLUMN FORMAT: freq(Hz) I Q U V dI dQ dU dV
# ======================================================================
9.0279943848e+08 1.7380000000e-03 2.3100000000e-04 -1.3800000000e-04 -2.5100000000e-04 1.8100000000e-04 1.6400000000e-04 1.4800000000e-04 1.6200000000e-04
9.1617443848e+08 1.4880000000e-03 6.6000000000e-05 3.1300000000e-04 -1.0500000000e-04 1.4800000000e-04 1.1800000000e-04 1.2400000000e-04 1.2600000000e-04
9.2954943848e+08 1.6190000000e-03 -6.5000000000e-05 -1.6100000000e-04 1.4300000000e-04 1.5900000000e-04 1.5300000000e-04 1.4100000000e-04 1.3900000000e-04
9.5629943848e+08 1.5730000000e-03 -5.1000000000e-05 5.9000000000e-05 -1.6100000000e-04 1.5800000000e-04 1.4000000000e-04 1.4600000000e-04 1.5400000000e-04
9.6967443848e+08 1.1630000000e-03 8.9000000000e-05 9.2000000000e-05 2.3000000000e-05 1.2400000000e-04 1.0100000000e-04 1.1300000000e-04 9.8000000000e-05
9.8304943848e+08 1.3830000000e-03 1.7300000000e-04 6.0000000000e-05 1.6200000000e-04 1.2300000000e-04 1.1300000000e-04 1.0400000000e-04 9.9000000000e-05
9.9642443848e+08 1.5830000000e-03 -1.8000000000e-05 -2.5000000000e-05 -1.1100000000e-04 1.1900000000e-04 1.1400000000e-04 1.0700000000e-04 9.9000000000e-05
1.0097994385e+09 1.3000000000e-03 1.2800000000e-04 -1.5600000000e-04 -1.1600000000e-04 1.1400000000e-04 1.0700000000e-04 1.0600000000e-04 9.6000000000e-05
1.0231744385e+09 1.5080000000e-03 1.9300000000e-04 -7.1000000000e-05 9.6000000000e-05 1.1600000000e-04 1.0700000000e-04 9.2000000000e-05 1.0800000000e-04
1.0365494385e+09 1.3280000000e-03 1.6900000000e-04 -5.2000000000e-05 1.1400000000e-04 1.0900000000e-04 9.5000000000e-05 1.1500000000e-04 1.0300000000e-04
1.0499244385e+09 1.5560000000e-03 4.4000000000e-05 7.0000000000e-06 5.5000000000e-05 1.0500000000e-04 1.0000000000e-04 1.0900000000e-04 1.0400000000e-04
1.0632994385e+09 1.2810000000e-03 7.0000000000e-06 2.0400000000e-04 -1.8000000000e-04 1.1400000000e-04 1.0300000000e-04 1.0600000000e-04 8.9000000000e-05
1.0766744385e+09 1.5390000000e-03 2.4500000000e-04 -4.0000000000e-05 -2.0100000000e-04 1.0300000000e-04 1.0000000000e-04 9.8000000000e-05 8.9000000000e-05
1.0900494385e+09 1.4350000000e-03 -0.0000000000e+00 1.8400000000e-04 1.2500000000e-04 1.0100000000e-04 1.0400000000e-04 1.0300000000e-04 1.0300000000e-04
1.1034244385e+09 1.2770000000e-03 1.9400000000e-04 -6.5000000000e-05 6.3000000000e-05 1.0300000000e-04 9.0000000000e-05 9.9000000000e-05 9.9000000000e-05
1.1167994385e+09 1.2220000000e-03 -1.0000000000e-06 7.5000000000e-05 1.3000000000e-04 1.1900000000e-04 1.0800000000e-04 9.6000000000e-05 1.0600000000e-04
1.1301744385e+09 1.2490000000e-03 1.4900000000e-04 -1.3100000000e-04 1.1600000000e-04 1.0100000000e-04 9.5000000000e-05 1.0300000000e-04 9.0000000000e-05
1.1435494385e+09 1.2510000000e-03 1.3600000000e-04 -2.0600000000e-04 -6.5000000000e-05 1.1300000000e-04 1.0500000000e-04 1.1200000000e-04 9.4000000000e-05
1.1569244385e+09 1.2370000000e-03 1.1800000000e-04 4.3000000000e-05 -2.2000000000e-05 1.1400000000e-04 1.0200000000e-04 1.0300000000e-04 1.0600000000e-04
1.1702994385e+09 1.5680000000e-03 1.9700000000e-04 -3.2400000000e-04 1.4300000000e-04 1.6400000000e-04 1.7700000000e-04 1.8000000000e-04 1.6200000000e-04
1.1970494385e+09 1.2060000000e-03 4.1000000000e-05 -7.6000000000e-05 -6.8000000000e-05 1.7000000000e-04 1.5200000000e-04 1.5300000000e-04 1.5600000000e-04
1.2104244385e+09 1.4890000000e-03 2.0200000000e-04 1.0500000000e-04 -1.0900000000e-04 2.1100000000e-04 1.9000000000e-04 2.1200000000e-04 2.1000000000e-04
1.2371744385e+09 1.4630000000e-03 -6.0000000000e-06 1.6600000000e-04 -8.4000000000e-05 1.4200000000e-04 1.3000000000e-04 1.2000000000e-04 1.2700000000e-04
1.2505494385e+09 1.3860000000e-03 1.7700000000e-04 9.2000000000e-05 -2.7100000000e-04 1.2800000000e-04 1.2100000000e-04 1.2700000000e-04 1.3600000000e-04
1.2639244385e+09 1.0300000000e-03 3.2300000000e-04 -2.8600000000e-04 2.7200000000e-04 1.7600000000e-04 1.5700000000e-04 1.8200000000e-04 1.7400000000e-04
1.2772994385e+09 1.3930000000e-03 1.5700000000e-04 2.5800000000e-04 -5.7000000000e-05 2.1700000000e-04 1.8400000000e-04 2.0100000000e-04 1.9900000000e-04
1.2906744385e+09 1.2130000000e-03 9.0000000000e-05 1.8000000000e-05 1.3900000000e-04 1.2500000000e-04 1.1800000000e-04 1.0700000000e-04 1.2100000000e-04
1.3040494385e+09 1.1590000000e-03 1.0000000000e-04 7.7000000000e-05 -1.3800000000e-04 9.8000000000e-05 9.0000000000e-05 8.6000000000e-05 9.2000000000e-05
1.3174244385e+09 1.2000000000e-03 1.3800000000e-04 8.0000000000e-06 -6.0000000000e-06 8.9000000000e-05 8.3000000000e-05 8.5000000000e-05 8.2000000000e-05
1.3441744385e+09 1.0020000000e-03 1.1500000000e-04 -1.7000000000e-05 -4.0000000000e-06 9.2000000000e-05 8.7000000000e-05 8.8000000000e-05 8.0000000000e-05
1.3575494385e+09 1.1080000000e-03 2.4600000000e-04 -1.6000000000e-04 4.1000000000e-05 8.2000000000e-05 8.1000000000e-05 9.4000000000e-05 8.0000000000e-05
1.3709244385e+09 1.1800000000e-03 1.2100000000e-04 1.1300000000e-04 -1.3000000000e-05 8.9000000000e-05 8.4000000000e-05 8.0000000000e-05 8.6000000000e-05
1.3842994385e+09 1.2320000000e-03 -3.2000000000e-05 -6.2000000000e-05 -9.5000000000e-05 8.7000000000e-05 8.1000000000e-05 8.0000000000e-05 7.9000000000e-05
1.3976744385e+09 1.0920000000e-03 1.3700000000e-04 -1.7000000000e-05 -1.7200000000e-04 8.4000000000e-05 8.6000000000e-05 8.2000000000e-05 8.4000000000e-05
1.4110494385e+09 9.3500000000e-04 1.8400000000e-04 8.7000000000e-05 3.1000000000e-05 8.8000000000e-05 7.9000000000e-05 8.9000000000e-05 7.2000000000e-05
1.4244244385e+09 1.1470000000e-03 1.7100000000e-04 -2.1000000000e-05 9.8000000000e-05 1.0900000000e-04 1.0600000000e-04 1.1100000000e-04 1.0200000000e-04
1.4377994385e+09 1.2100000000e-03 6.2000000000e-05 1.5600000000e-04 2.5000000000e-05 8.5000000000e-05 8.4000000000e-05 8.0000000000e-05 8.1000000000e-05
1.4645494385e+09 1.0780000000e-03 1.1100000000e-04 1.9000000000e-05 1.8000000000e-05 8.6000000000e-05 8.5000000000e-05 8.4000000000e-05 8.5000000000e-05
1.4779244385e+09 1.1930000000e-03 2.0800000000e-04 9.4000000000e-05 6.0000000000e-06 8.1000000000e-05 8.7000000000e-05 8.4000000000e-05 9.0000000000e-05
1.4912994385e+09 1.0710000000e-03 7.4000000000e-05 1.3400000000e-04 8.7000000000e-05 8.3000000000e-05 8.5000000000e-05 8.6000000000e-05 8.6000000000e-05
1.5046744385e+09 9.8500000000e-04 -3.7000000000e-05 7.3000000000e-05 2.7000000000e-05 9.0000000000e-05 9.5000000000e-05 9.2000000000e-05 9.2000000000e-05
1.5180494385e+09 1.0630000000e-03 5.1000000000e-05 -2.0700000000e-04 9.0000000000e-06 1.3600000000e-04 1.3300000000e-04 1.2200000000e-04 1.3600000000e-04
1.5581744385e+09 1.1460000000e-03 9.4000000000e-05 9.0000000000e-05 -2.1000000000e-04 1.9900000000e-04 1.7500000000e-04 1.7300000000e-04 1.9300000000e-04
1.5849244385e+09 7.0500000000e-04 2.2300000000e-04 -2.9000000000e-05 1.1100000000e-04 1.3800000000e-04 1.3900000000e-04 1.2600000000e-04 1.3200000000e-04
1.5982994385e+09 1.2720000000e-03 7.8000000000e-05 -2.6800000000e-04 -1.4000000000e-05 1.7400000000e-04 1.6400000000e-04 1.5700000000e-04 1.6800000000e-04
1.6116744385e+09 9.2400000000e-04 1.7800000000e-04 1.9100000000e-04 1.3400000000e-04 1.0100000000e-04 9.3000000000e-05 1.0400000000e-04 9.3000000000e-05
1.6250494385e+09 1.1570000000e-03 2.0600000000e-04 -1.2400000000e-04 -2.5400000000e-04 1.5300000000e-04 1.5800000000e-04 1.7500000000e-04 1.7800000000e-04
1.6384244385e+09 1.0800000000e-03 1.0000000000e-04 2.2100000000e-04 -5.0000000000e-05 8.6000000000e-05 9.6000000000e-05 9.1000000000e-05 9.3000000000e-05
1.6517994385e+09 1.3340000000e-03 1.2700000000e-04 -1.2400000000e-04 -1.3000000000e-04 1.7900000000e-04 1.9700000000e-04 1.8400000000e-04 1.7700000000e-04
