# Source: J1733-1304_scan14
# Position: RA=-96.738709 deg, Dec=-13.080416 deg
# MS: 1693837274_sdp_l0_1024ch_J1733-1304_scan14.ms
# Scan: 14
# Start MJD: 60191.6692425259
# End MJD: 60191.6704457207
# Middle MJD: 60191.6698441233
# Duration: 0.0289 hours
# Columns: Channel Freq[GHz] I[mJy] Q[mJy] U[mJy] V[mJy] Plin[mJy] rms_I rms_Q rms_U rms_V rms_Plin
#
   0     0.9028  5754.5772    -4.7301   221.8820    -0.4563   221.9740    12.2652     1.2612     1.7175     1.0053     2.1308
   1     0.9162  5783.9360   -54.7320   208.1043    -0.3032   215.2234     9.5943     1.2290     1.2421     0.7448     1.7474
   2     0.9295  5810.2427  -110.7089   183.0351     1.4734   213.9553     9.6419     1.1507     0.9541     0.8654     1.4948
   3     0.9429  5991.2071  -168.4278    98.0570     2.2856   195.0249    18.8427     2.5564     2.3222     2.4580     3.4536
   4     0.9563  5859.0431  -181.0740    57.3358    -1.3675   189.9916     7.9230     1.3172     0.8670     0.6281     1.5769
   5     0.9697  5868.0854  -183.1305    -7.0209     0.4899   183.3098     7.5823     1.1261     0.8821     0.4834     1.4304
   6     0.9830  5890.9607  -164.4570   -69.6723     0.6813   178.6465     8.4935     0.9770     0.9823     0.6248     1.3855
   7     0.9964  5911.3603  -130.2467  -122.3978     0.2035   178.7698     7.3318     0.7957     1.2039     0.5930     1.4431
   8     1.0098  5924.9816   -86.7651  -157.9556    -0.8008   180.2536     7.7147     0.7186     1.1810     0.4913     1.3824
   9     1.0232  5945.6625   -35.1880  -174.1388    -0.2189   177.6998     7.7590     0.6831     1.1521     0.5443     1.3394
  10     1.0365  5961.1902    25.5202  -170.3856    -0.1549   172.3375     7.1424     0.8220     1.2171     0.6036     1.4687
  11     1.0499  5967.7477    73.8783  -152.2638    -0.0321   169.2789     6.8919     0.8646     1.0254     0.5230     1.3413
  12     1.0633  5983.5300   121.4870  -124.4676     0.3753   173.9687     6.7607     0.8717     0.9930     0.5147     1.3213
  13     1.0767  6001.0104   161.9291   -90.8646    -0.2527   185.7284     6.8771     0.9828     0.9181     0.5409     1.3449
  14     1.0900  6007.5889   186.7434   -57.7054    -0.6249   195.5040     7.8018     1.5094     1.1980     0.8207     1.9270
  15     1.1034  6033.0377   210.0001   -17.3723     0.0171   210.7559     6.2150     1.0303     0.7541     0.4700     1.2768
  16     1.1168  6042.0127   219.1872    22.8458     0.2220   220.4083     6.1420     1.0666     0.6409     0.4504     1.2444
  17     1.1302  6043.8743   217.6342    62.7010     0.0813   226.5207     6.5571     1.1201     0.7494     0.4134     1.3477
  18     1.1435  6071.8727   207.0726   107.5848     0.3053   233.3913     6.1377     1.1964     0.7170     0.5282     1.3949
  19     1.1569  6077.4078   188.2168   146.2485    -0.4342   238.3866     6.0906     0.9739     0.7374     0.3812     1.2216
  20     1.1703  6098.9738   173.5327   170.4236     0.5794   243.2502     6.0476     1.0802     0.9375     0.7799     1.4303
  21     1.1837  6107.6369   128.4012   208.9724    -0.3390   245.2960     6.0101     0.8293     1.0456     0.5980     1.3346
  22     1.1970  6117.6739   104.7282   219.9840    -0.1757   243.6652     6.5326     0.9201     1.0189     0.5477     1.3729
  23     1.2104  6144.1627    57.1398   237.1374     1.0350   243.9804     7.2313     1.0356     1.4181     0.8178     1.7560
  24     1.2238  6116.8299    35.8243   243.7186    -1.0374   246.3786     6.5971     0.9095     1.2187     0.6684     1.5207
  25     1.2372  6121.4495    -4.7106   257.2501    -0.7661   257.3090     5.6662     0.6589     0.9937     0.4852     1.1923
  26     1.2505  6134.0909   -37.5304   262.2440    -0.1303   264.9395     5.9898     0.5968     1.0381     0.4266     1.1974
  27     1.2639  6150.7425   -56.1632   265.9930     0.3469   271.8798     6.2719     0.7209     1.2618     0.6484     1.4533
  28     1.2773  6194.8781  -103.4754   249.1692     0.8283   269.8221     8.8873     0.8753     1.3486     0.8563     1.6077
  29     1.2907  6165.0476  -128.0994   233.5043    -0.4199   266.3590     6.1425     0.6991     1.0580     0.6138     1.2681
  30     1.3040  6143.9142  -157.8588   207.3652    -0.0874   260.6370     5.4895     0.6362     0.8658     0.3777     1.0744
  31     1.3174  6139.4691  -178.1841   181.0597    -0.3050   254.0540     5.6355     0.7046     0.8532     0.4066     1.1066
  32     1.3308  6139.8945  -196.1094   153.3462     0.0465   248.9656     5.0306     0.7974     0.8538     0.3683     1.1683
  33     1.3442  6144.4654  -209.8838   127.6796     0.1154   245.6895     5.3431     0.8321     0.7832     0.4436     1.1427
  34     1.3575  6142.1909  -221.0992   101.0771    -0.1358   243.1366     5.4584     0.9873     0.7645     0.3553     1.2487
  35     1.3709  6143.9757  -226.7940    73.7933    -0.2866   238.5174     5.2289     0.9337     0.6548     0.3988     1.1404
  36     1.3843  6140.4853  -231.0257    43.9692     0.3767   235.1957     5.1259     0.9972     0.5789     0.3657     1.1530
  37     1.3977  6144.5956  -230.4689    17.1146    -0.3670   231.1260     5.4315     0.9398     0.5592     0.3550     1.0936
  38     1.4110  6140.6002  -227.7535    -9.5336    -0.4672   227.9780     5.4159     0.9418     0.6212     0.3301     1.1282
  39     1.4244  6137.7316  -222.3176   -33.0557     0.1803   224.7854     5.3118     0.9841     0.5319     0.5318     1.1187
  40     1.4378  6134.1810  -214.1360   -56.9066     0.4591   221.5843     5.3232     0.9645     0.5312     0.3893     1.1012
  41     1.4512  6133.2984  -202.0145   -77.0441    -0.2898   216.2334     5.2060     0.9530     0.6427     0.3806     1.1495
  42     1.4645  6127.3327  -191.3095   -95.6450     0.1814   213.9054     5.3225     0.9026     0.6010     0.3372     1.0844
  43     1.4779  6124.8345  -176.9281  -112.6808     0.9016   209.7856     5.5548     0.8017     0.6381     0.3976     1.0247
  44     1.4913  6118.7844  -163.3534  -130.8193     0.5351   209.2981     5.4959     0.9076     0.6299     0.3993     1.1048
  45     1.5047  6113.9584  -147.6480  -145.6679     0.1076   207.4321     5.4217     0.8559     0.6931     0.3759     1.1014
  46     1.5180  6114.4528  -132.5284  -157.4362     0.0600   205.8081     5.7771     0.7549     0.7983     0.4937     1.0987
  47     1.5314  6117.2719  -108.4612  -176.8769     0.3283   207.5245     6.7663     0.9900     1.0146     0.6664     1.4176
  48     1.5448  6122.7369   -95.9641  -189.3508     0.9494   212.3080     6.9625     1.1256     1.0098     0.8984     1.5122
  49     1.5582  6112.1769   -77.0687  -190.8756     0.2322   205.8648     5.7339     0.7754     1.0298     0.5635     1.2890
  50     1.5715  6100.5893   -64.2104  -198.4449     0.6618   208.6061     6.9083     0.8465     1.0229     0.5801     1.3277
  51     1.5849  6085.6204   -44.3771  -204.3046    -0.5516   209.0879     5.9016     0.7120     1.0281     0.5413     1.2506
  52     1.5983  6083.3135   -25.0421  -204.4877     0.4554   206.0326     5.5916     0.6620     0.9432     0.5351     1.1523
  53     1.6117  6065.1622    -8.9091  -205.5836     0.0341   205.7939     5.9665     0.6005     0.9716     0.4356     1.1422
  54     1.6250  6059.4416     7.4110  -204.9569    -0.5136   205.1083     5.2724     0.9249     1.2285     0.7059     1.5378
  55     1.6384  6049.6039    21.5364  -205.0878    -0.2509   206.2340     6.1406     0.6699     0.8140     0.4548     1.0542
  56     1.6518  6048.2240    33.5903  -202.9820    -0.2672   205.7780     5.8638     0.7827     1.0643     0.7617     1.3211
