# Source: J1733-1304_scan10
# Position: RA=-96.738708 deg, Dec=-13.080418 deg
# MS: 1696597476_sdp_l0_1k_1024ch_J1733-1304_scan10.ms
# Scan: 10
# Start MJD: 60223.5918240477
# End MJD: 60223.5931197959
# Middle MJD: 60223.5924719218
# Duration: 0.0311 hours
# Columns: Channel Freq[GHz] I[mJy] Q[mJy] U[mJy] V[mJy] Plin[mJy] rms_I rms_Q rms_U rms_V rms_Plin
#
   0     0.9028  5768.0721    82.5275   182.4902    -0.0430   200.7334    14.2791     1.0683     1.7596     1.1325     2.0585
   1     0.9162  5785.5196    34.4588   198.9931     0.9462   202.4997    12.2427     1.0389     1.4143     0.8226     1.7549
   2     0.9295  5814.8303   -30.1632   199.5565    -0.4225   205.4426    12.3208     1.1756     1.1979     0.8349     1.6784
   3     0.9429  5855.5541  -136.0684   150.8670    -0.8425   203.8206    12.7617     2.0019     1.8035     1.5045     2.6945
   4     0.9563  5823.7486  -161.9171   129.1285    -0.3164   207.6562    10.2919     1.4383     0.8710     0.6230     1.6815
   5     0.9697  5828.1145  -194.5636    44.2857    -1.0875   210.7300     9.5912     1.6029     0.8481     0.6310     1.8134
   6     0.9830  5841.1322  -202.1772   -24.4819    -0.0492   212.7636     9.4060     1.3895     0.9390     0.5378     1.6770
   7     0.9964  5850.4457  -183.8613   -96.3051     0.1668   209.4677     9.0865     1.2336     1.2127     0.5955     1.7299
   8     1.0098  5858.5744  -153.1488  -144.0751    -0.4541   211.1617     8.3866     0.9749     1.2547     0.6053     1.5889
   9     1.0232  5874.2580  -111.1828  -183.2054     0.4698   214.5324     8.5958     0.8420     1.3192     0.5878     1.5650
  10     1.0365  5876.7428   -58.1567  -209.1109     0.0516   217.2552     8.2551     0.8289     1.2938     0.6345     1.5365
  11     1.0499  5876.6928   -14.8336  -219.8480     0.1852   221.0307     7.8511     0.7453     1.4130     0.4383     1.5975
  12     1.0633  5883.1658    52.0505  -214.2151    -0.6373   220.8420     7.7655     0.9135     1.3084     0.5210     1.5957
  13     1.0767  5895.3252   100.5842  -198.1630     0.2649   222.7345     7.4342     0.8211     1.2754     0.4596     1.5169
  14     1.0900  5911.6278   144.7234  -162.5787    -0.2038   218.0155     6.7661     1.0713     1.1143     0.6554     1.5458
  15     1.1034  5907.4192   181.4286  -126.6727     0.1296   221.7760     7.3452     1.1623     0.9764     0.5584     1.5180
  16     1.1168  5903.9979   205.0528   -86.0581     0.2163   222.8794     7.2512     1.2115     0.9447     0.4783     1.5363
  17     1.1302  5919.5337   221.6134   -45.2518    -0.9305   227.2955     7.4445     1.2557     0.8019     0.5071     1.4899
  18     1.1435  5925.4289   221.8178    18.7605     0.0617   225.1828     7.3569     1.3021     0.7157     0.5508     1.4858
  19     1.1569  5923.9578   219.0146    68.1633     0.2952   229.4969     6.7439     1.1827     0.7275     0.4328     1.3885
  20     1.1703  5952.3144   207.3331    97.1809     0.6206   229.0220     7.4105     1.1370     0.7590     0.6872     1.3671
  21     1.1837  5944.7203   169.3602   146.1847    -0.7246   223.7525     6.7749     1.0093     0.8759     0.6775     1.3364
  22     1.1970  5937.2010   152.7378   169.7936    -0.0595   228.4049     6.6854     1.0434     0.9691     0.5455     1.4240
  23     1.2104  5956.9268   108.6501   196.5227    -0.1514   224.5886     7.1793     0.9910     1.1324     0.7249     1.5048
  24     1.2238  5941.2637    73.8950   195.0319     0.0226   208.6015     6.6718     0.9534     1.0031     0.5407     1.3839
  25     1.2372  5948.8254    40.4504   207.7388    -0.2388   211.6643     6.1300     0.8326     1.0930     0.4435     1.3740
  26     1.2505  5948.1673    12.6700   226.5914     0.1709   226.9725     6.2426     0.7478     1.1063     0.5033     1.3354
  27     1.2639  5955.6966   -12.4549   228.8918    -1.6355   229.2725     6.4729     0.9335     1.2512     0.6341     1.5610
  28     1.2773  5977.8061   -58.7693   220.7777     1.0097   228.5179     7.3199     0.7970     1.2620     0.6681     1.4926
  29     1.2907  5951.6129   -91.9400   210.6429    -0.0381   229.8715     6.2308     0.6492     1.2052     0.5470     1.3689
  30     1.3040  5944.1495  -121.5058   194.4450    -0.2881   229.3071     5.8370     0.6323     1.0500     0.4166     1.2257
  31     1.3174  5941.9727  -151.2478   173.9169     0.3200   230.5063     5.8973     0.6549     0.9714     0.3933     1.1716
  32     1.3308  5944.9191  -174.4916   154.2978     0.8939   232.9607     6.0236     0.6854     0.9751     0.4304     1.1919
  33     1.3442  5942.8949  -196.2434   131.4746    -0.1440   236.2462     5.8541     0.6377     0.8619     0.3664     1.0721
  34     1.3575  5947.3467  -211.3566   103.9067     0.0932   235.5468     5.9136     0.7624     0.8585     0.3837     1.1482
  35     1.3709  5941.2627  -224.4271    75.9806     0.2230   236.9716     5.9245     0.8649     0.7518     0.4301     1.1459
  36     1.3843  5940.9266  -234.1992    49.5746    -0.0203   239.4547     5.7747     1.0185     0.7609     0.4176     1.2713
  37     1.3977  5937.7017  -237.7904    27.7241    -0.6046   239.5224     5.8629     0.9195     0.7470     0.3428     1.1847
  38     1.4110  5932.1175  -239.5921    -7.2698    -0.3044   240.4283     5.8653     1.0010     0.6428     0.4301     1.1896
  39     1.4244  5932.0683  -238.1366   -35.9574     1.2561   240.8840     5.7473     0.9706     0.6441     0.4669     1.1649
  40     1.4378  5924.7561  -233.8619   -60.0436     0.6830   241.4676     6.0874     0.9345     0.6987     0.4168     1.1668
  41     1.4512  5931.0288  -228.5164   -86.3698    -0.0151   244.2835     5.8028     0.8724     0.6920     0.3901     1.1135
  42     1.4645  5919.8718  -218.3580  -109.7056    -0.1475   244.3720     5.5993     0.8658     0.6578     0.4534     1.0873
  43     1.4779  5916.7924  -206.5892  -131.0913     0.1567   244.6661     5.9813     0.9734     0.6589     0.4337     1.1755
  44     1.4913  5915.9231  -193.3448  -150.2360    -0.1955   244.8517     6.0049     0.9736     0.6432     0.4246     1.1668
  45     1.5047  5909.1215  -180.2726  -168.5108    -0.4486   246.7676     6.1618     0.9586     0.7485     0.4429     1.2162
  46     1.5180  5902.9121  -167.4042  -186.7436     0.1410   250.7934     6.2369     0.8937     0.7301     0.4214     1.1541
  47     1.5314  5928.7477  -151.9846  -203.4292    -1.5239   253.9477     7.5942     1.1110     1.0192     0.6009     1.5077
  48     1.5448  5932.1942  -137.8422  -212.8348     0.4091   253.5876     9.2796     1.3607     1.0957     0.8869     1.7470
  49     1.5582  5905.4127  -119.3916  -221.5243    -0.3185   251.6633     6.8291     0.9092     0.9892     0.6066     1.3435
  50     1.5715  5900.4135  -106.1446  -227.0095    -1.1413   250.6083     7.3949     1.0867     1.1088     0.6090     1.5526
  51     1.5849  5889.0505   -91.5579  -238.5709    -0.2844   255.5514     7.3763     1.0283     1.1045     0.6059     1.5091
  52     1.5983  5883.8305   -73.1694  -239.1385     0.3841   250.1089     7.6157     0.9099     1.0638     0.5096     1.3999
  53     1.6117  5871.9549   -56.8398  -242.6546    -0.1714   249.2548     6.7199     0.8220     1.0725     0.4642     1.3513
  54     1.6250  5870.3403   -38.6864  -240.2662    -0.1377   243.4038     7.0878     0.8857     1.0282     0.6827     1.3571
  55     1.6384  5864.8453   -22.5669  -240.8127     0.2440   241.9381     6.9466     0.9082     1.0507     0.6446     1.3888
  56     1.6518  5861.5251    -9.1647  -241.1108     0.2399   241.8097     6.8358     1.2353     1.3598     1.0257     1.8371
