# Source: J1733-1304_scan10
# Position: RA=-96.738709 deg, Dec=-13.080416 deg
# MS: 1693837274_sdp_l0_1024ch_J1733-1304_scan10.ms
# Scan: 10
# Start MJD: 60191.6444382048
# End MJD: 60191.6456413995
# Middle MJD: 60191.6450398021
# Duration: 0.0289 hours
# Columns: Channel Freq[GHz] I[mJy] Q[mJy] U[mJy] V[mJy] Plin[mJy] rms_I rms_Q rms_U rms_V rms_Plin
#
   0     0.9028  5813.3106    -5.3811   195.2610    -1.5026   195.4077    10.3080     1.0764     1.3175     0.8311     1.7013
   1     0.9162  5844.7790   -62.1286   188.1485    -0.7475   198.1958    10.5762     1.1138     1.0388     0.7641     1.5231
   2     0.9295  5857.8577  -115.0347   163.4050     0.7555   199.9081     9.9554     1.2537     1.0369     0.6233     1.6270
   3     0.9429  5963.2492  -183.7898    85.8602     1.3845   202.9418    14.1315     2.0223     1.9080     1.6559     2.7803
   4     0.9563  5906.0078  -192.7902    42.7887     0.7002   197.5299     9.0832     1.2295     0.9299     0.6619     1.5415
   5     0.9697  5910.3160  -194.9340   -20.7896     0.1020   196.0910     8.0045     1.0423     0.8814     0.5492     1.3650
   6     0.9830  5934.0653  -177.8264   -81.5841     0.5067   195.6942     7.7557     0.9476     0.9518     0.5127     1.3431
   7     0.9964  5939.8608  -140.8890  -130.4408     0.0308   192.0499     8.0413     0.7199     0.9385     0.5699     1.1828
   8     1.0098  5963.4466   -96.3593  -167.9431     0.0189   193.6670     8.1388     0.7096     1.0955     0.4629     1.3052
   9     1.0232  5976.9630   -46.6712  -187.5521     0.2605   193.3225     7.1335     0.7953     1.1249     0.5590     1.3777
  10     1.0365  5982.3251    15.9624  -195.2074     0.1973   195.8982     7.3773     0.7552     1.0319     0.5524     1.2787
  11     1.0499  6000.5007    61.5962  -188.3941     0.5126   198.2484     7.5028     0.7780     0.9143     0.4575     1.2006
  12     1.0633  6011.1427   109.2814  -168.4439     0.4243   200.8208     6.9460     0.7649     0.9229     0.4449     1.1987
  13     1.0767  6028.3103   149.8285  -134.6530    -0.0266   201.4662     6.8148     0.8653     0.7892     0.4253     1.1712
  14     1.0900  6032.8507   179.4817   -98.9022    -0.6764   204.9654     6.6251     1.0508     0.9248     0.6253     1.3997
  15     1.1034  6055.3274   202.4383   -55.2392     0.3277   209.8692     6.6925     0.9893     0.6863     0.4587     1.2040
  16     1.1168  6057.4541   212.0774   -12.4167     0.1090   212.4734     6.9955     0.9416     0.7766     0.4162     1.2205
  17     1.1302  6061.4233   213.5958    32.8037     0.2624   216.1262     6.6940     1.0579     0.5865     0.5103     1.2096
  18     1.1435  6086.5831   205.0405    76.1946    -1.3926   218.7647     6.2144     0.9607     0.7100     0.6349     1.1946
  19     1.1569  6085.0925   188.1709   116.2935     0.6510   221.2310     6.0622     0.8734     0.7854     0.5230     1.1746
  20     1.1703  6118.2628   172.8053   141.8518     0.1592   223.5981     5.9586     0.9345     0.9140     0.7604     1.3072
  21     1.1837  6121.9621   128.6677   185.9618     0.5055   226.1649     6.1295     0.9517     0.9785     0.7040     1.3649
  22     1.1970  6140.0771   104.2489   202.7405    -0.1116   227.9989     7.1666     0.8707     1.0410     0.6535     1.3571
  23     1.2104  6147.9454    55.5301   225.2408    -0.8873   232.0327     7.6790     1.1111     1.0979     0.7999     1.5620
  24     1.2238  6126.8120    30.6614   230.0731     0.6967   232.1399     6.4967     0.8353     1.0394     0.5875     1.3335
  25     1.2372  6144.9966    -6.9763   236.7618    -0.7040   236.8965     6.6709     0.7416     1.0703     0.6064     1.3022
  26     1.2505  6145.1130   -42.5725   234.8478     0.6522   238.7019     6.0755     0.6696     0.9583     0.4793     1.1691
  27     1.2639  6155.6931   -64.6787   230.4792    -0.3941   239.4113     6.0887     0.7751     0.9895     0.7374     1.2570
  28     1.2773  6201.9100  -111.5943   219.0824    -2.0062   245.9015     9.7917     0.9115     1.4144     0.9715     1.6827
  29     1.2907  6171.2947  -132.8977   202.9880    -0.4229   242.6501     5.8961     0.7956     0.9171     0.4757     1.2141
  30     1.3040  6144.2542  -162.0362   177.3983     0.4278   240.2860     5.6321     0.7003     0.7574     0.4043     1.0315
  31     1.3174  6144.7959  -181.6854   154.0483    -0.1521   238.2182     5.2336     0.7531     0.6882     0.3408     1.0202
  32     1.3308  6148.9754  -199.4891   128.5923    -0.3562   237.3671     5.3860     0.6940     0.7357     0.3683     1.0114
  33     1.3442  6148.6454  -216.2404   102.7962     0.2940   239.4500     5.3323     0.7818     0.6342     0.3387     1.0067
  34     1.3575  6149.3945  -227.1829    76.9978     0.1477   239.8952     5.2275     0.7972     0.5866     0.4079     0.9897
  35     1.3709  6151.7463  -233.3519    49.1809    -0.3654   238.4985     5.3490     0.8168     0.6292     0.3895     1.0310
  36     1.3843  6154.7585  -238.0464    22.1663     0.0554   239.0980     5.3431     0.7471     0.5994     0.3826     0.9579
  37     1.3977  6153.5850  -237.8723    -2.4540     0.1529   237.9136     5.2219     0.8467     0.5762     0.4476     1.0241
  38     1.4110  6148.0856  -234.1398   -28.7059     0.2246   235.9117     5.0304     0.8155     0.5424     0.3875     0.9794
  39     1.4244  6148.4690  -229.8262   -55.1517     0.8999   236.3701     4.9580     0.8998     0.5583     0.4536     1.0590
  40     1.4378  6147.4009  -221.7638   -77.8353    -0.1740   235.0495     5.1076     0.8121     0.6126     0.4151     1.0172
  41     1.4512  6142.0851  -210.2767  -101.9188    -0.0460   233.6999     5.0115     0.8616     0.6018     0.3299     1.0510
  42     1.4645  6139.5082  -198.5950  -119.9526     0.2512   232.0311     5.1105     0.8363     0.5401     0.3307     0.9955
  43     1.4779  6138.1602  -184.0526  -139.7598    -0.5401   231.1251     5.0298     0.7781     0.5422     0.4094     0.9484
  44     1.4913  6130.6906  -169.7092  -155.8417    -0.3334   230.4272     4.9660     0.7496     0.5844     0.3554     0.9505
  45     1.5047  6125.5150  -154.9295  -172.9739    -0.2371   232.2323     4.9559     0.7433     0.6440     0.3692     0.9835
  46     1.5180  6124.1913  -139.4194  -182.6393     0.0091   229.7888     4.5852     0.7829     0.5691     0.4911     0.9679
  47     1.5314  6132.2908  -113.4847  -201.9598    -0.4732   231.6843     5.7302     1.3524     1.0159     1.1406     1.6914
  48     1.5448  6134.4471  -100.0390  -211.6205    -0.3358   234.0922     5.6954     1.1111     1.0297     1.2168     1.5149
  49     1.5582  6138.0773   -82.9476  -217.2512    -0.3179   232.5757     5.5995     0.8903     0.9767     0.6269     1.3216
  50     1.5715  6116.1604   -68.1162  -220.3809    -0.6151   230.7024     5.9863     0.8955     1.0438     0.8128     1.3753
  51     1.5849  6105.5851   -47.4803  -223.6260    -0.2916   228.6440     5.7034     0.8445     0.9148     0.6053     1.2451
  52     1.5983  6097.6443   -30.4008  -228.6511    -0.5117   230.6969     5.3276     0.8114     0.9817     0.7185     1.2736
  53     1.6117  6085.0725   -15.1684  -229.9982    -0.3958   230.5221     4.7757     0.6610     0.8015     0.4242     1.0389
  54     1.6250  6075.0351     1.8344  -230.8623     0.0149   230.8903     5.1808     0.6847     0.8988     0.5156     1.1299
  55     1.6384  6063.1466    19.7380  -228.5235     0.5847   229.3967     5.8397     0.6749     0.8883     0.4320     1.1156
  56     1.6518  6057.4846    30.2136  -224.9094     0.2675   226.9582     5.1080     0.8407     1.0726     0.7723     1.3628
