# Source: J1733-1304_scan12
# Position: RA=-96.738709 deg, Dec=-13.080415 deg
# MS: 1697283077_sdp_l0_1024ch_J1733-1304_scan12.ms
# Scan: 12
# Start MJD: 60231.5387015115
# End MJD: 60231.5399047062
# Middle MJD: 60231.5393031088
# Duration: 0.0289 hours
# Columns: Channel Freq[GHz] I[mJy] Q[mJy] U[mJy] V[mJy] Plin[mJy] rms_I rms_Q rms_U rms_V rms_Plin
#
   0     0.9028  5924.8500    79.0467   161.6788     0.5703   180.0849    10.5820     0.9450     1.3980     0.8372     1.6875
   1     0.9162  5928.4997    28.5145   179.9628     0.0269   182.3209     9.5553     0.8725     1.2208     0.7957     1.5006
   2     0.9295  5948.6027   -37.4986   186.7692     0.6626   190.6472     9.8748     1.1477     1.1379     0.6981     1.6162
   3     0.9429  6077.6544  -135.9262   144.3592    -4.5437   198.3999    16.6267     2.0886     2.0274     2.1831     2.9108
   4     0.9563  5987.9732  -164.2907   103.4029    -0.3331   194.2078     8.6554     1.1007     0.6955     0.6139     1.3020
   5     0.9697  5969.2025  -194.3366    42.9501     0.2557   199.0841     7.6066     1.1451     0.6885     0.4947     1.3362
   6     0.9830  5968.4200  -201.4778   -21.5933     0.4379   202.6832     7.2225     1.0837     0.8846     0.5884     1.3989
   7     0.9964  5990.6940  -189.3874   -90.8944    -0.6606   210.1289     7.3723     0.8649     0.8588     0.5428     1.2189
   8     1.0098  5997.1662  -157.4374  -146.3514    -0.2542   214.9858     7.1886     0.7322     0.9204     0.4871     1.1761
   9     1.0232  6008.3237  -114.3024  -187.1385     0.9278   219.3265     7.1458     0.6951     1.0492     0.5070     1.2586
  10     1.0365  6020.2365   -59.3533  -213.5719     0.3169   221.6978     6.4685     0.6691     1.0536     0.5431     1.2481
  11     1.0499  6021.2574    -4.2872  -223.8134     0.4046   223.8774     6.5524     0.6849     0.9777     0.4680     1.1937
  12     1.0633  6023.9935    48.3284  -218.7133     1.3295   224.0184     6.6312     0.6649     0.9634     0.4790     1.1706
  13     1.0767  6027.2713   100.5020  -201.3803    -0.1129   225.0959     6.7096     0.7551     0.9172     0.4475     1.1881
  14     1.0900  6043.7808   144.9348  -169.7840    -0.5181   223.2633     6.8421     0.8657     0.7647     0.6522     1.1551
  15     1.1034  6058.0287   181.3541  -131.0039     0.2724   223.7488     7.0032     0.8419     0.6918     0.5635     1.0896
  16     1.1168  6048.9779   208.4399   -87.9737    -0.2619   226.2753     6.1938     0.9388     0.6701     0.5200     1.1535
  17     1.1302  6054.1825   220.1392   -41.3462     0.2287   224.0186     6.2105     0.9280     0.6871     0.4464     1.1547
  18     1.1435  6080.9665   226.2665     9.1972    -0.6129   226.4753     6.6673     0.9630     0.6995     0.5649     1.1902
  19     1.1569  6066.6285   221.5334    55.7328    -0.8430   228.4552     6.4508     0.8731     0.6556     0.5238     1.0919
  20     1.1703  6082.2906   210.2513    89.2971    -0.3685   228.4515     7.0629     1.0196     0.8705     0.9150     1.3406
  21     1.1837  6078.0525   177.7981   148.0928     1.2839   231.4361     7.0137     1.0008     0.8681     0.8342     1.3248
  22     1.1970  6090.8179   159.2210   168.2275     0.2081   231.6482     7.1578     0.7758     0.8615     0.6627     1.1593
  23     1.2104  6096.5557   109.2164   202.5971    -0.2967   230.1884     7.2537     0.8578     1.0640     0.7987     1.3667
  24     1.2238  6085.0248    88.7747   211.5403     0.0059   229.4500     6.8463     0.9073     1.1105     0.7844     1.4340
  25     1.2372  6081.4996    47.9779   226.6526    -0.4488   231.6978     6.2383     0.7049     0.9068     0.5829     1.1485
  26     1.2505  6105.2656    10.2135   233.9095    -0.1829   234.1619     6.4424     0.7443     0.8764     0.5945     1.1498
  27     1.2639  6100.7562   -11.5989   233.1241    -0.3518   233.4457     6.4987     0.9211     0.8832     0.7579     1.2761
  28     1.2773  6137.6772   -67.0277   232.1124    -1.8638   241.6229     8.6157     1.1457     1.1944     1.0500     1.6551
  29     1.2907  6110.7383   -92.8785   217.6368     0.8246   236.6474     6.2803     0.8119     0.7791     0.6692     1.1252
  30     1.3040  6078.5022  -123.0624   198.6160     0.5249   233.6746     5.5042     0.5630     0.8758     0.3998     1.0411
  31     1.3174  6080.2078  -151.8114   178.7064    -0.4178   234.5012     5.5609     0.6198     0.7996     0.3264     1.0117
  32     1.3308  6079.1364  -175.3684   157.7355    -0.0261   235.8850     5.2918     0.6257     0.6792     0.3781     0.9235
  33     1.3442  6079.4621  -197.4459   132.8873    -0.3705   238.0173     5.1420     0.6578     0.7600     0.3970     1.0051
  34     1.3575  6077.7950  -214.7290   106.0635     0.1838   239.5131     5.3720     0.7422     0.6881     0.3487     1.0121
  35     1.3709  6075.9606  -228.1774    78.6038     0.4779   241.3548     5.3525     0.7174     0.6427     0.3723     0.9632
  36     1.3843  6079.2928  -238.2011    49.8676     0.1790   243.3831     5.3889     0.7562     0.7774     0.3702     1.0845
  37     1.3977  6072.4258  -241.6515    22.1369     0.1550   242.6798     5.4462     0.7404     0.6709     0.4490     0.9992
  38     1.4110  6071.0835  -246.1664    -2.4559     0.4489   246.1931     5.2629     0.7403     0.5447     0.3776     0.9191
  39     1.4244  6063.0555  -242.9624   -28.4163     0.0020   244.6376     5.0074     0.8779     0.6061     0.4098     1.0668
  40     1.4378  6063.3807  -239.6794   -55.2656    -0.4382   245.9844     5.0825     0.8207     0.5857     0.3343     1.0083
  41     1.4512  6060.3957  -234.4912   -81.0542     0.2107   248.1212     5.2821     0.8222     0.5549     0.3613     0.9919
  42     1.4645  6054.7929  -226.1838  -105.7555     0.9572   249.6999     5.1866     0.7819     0.5500     0.3700     0.9560
  43     1.4779  6049.6111  -215.8903  -126.3013    -0.0814   250.1352     5.2992     0.8839     0.5559     0.3352     1.0442
  44     1.4913  6047.9774  -203.0887  -146.4310     0.0089   250.3920     5.2643     0.8297     0.5503     0.3889     0.9956
  45     1.5047  6041.6136  -188.7098  -165.0804     0.1988   250.7395     4.9556     0.7622     0.5152     0.3977     0.9200
  46     1.5180  6037.0741  -174.5576  -181.4281    -0.0807   251.7844     4.8871     0.7542     0.5221     0.3685     0.9173
  47     1.5314  6061.6717  -156.8782  -197.3642     0.2000   252.1382     6.1396     0.8848     0.8169     0.7031     1.2042
  48     1.5448  6049.8929  -140.9217  -215.4780    -2.2457   257.4921     6.0902     1.1648     0.9802     1.0716     1.5224
  49     1.5582  6030.7207  -116.7220  -227.4840     0.2338   255.7141     5.2990     0.8544     0.8401     0.8937     1.1982
  50     1.5715  6015.3251  -107.4884  -234.2569    -0.6749   257.7746     5.7814     0.8883     0.9463     0.6713     1.2979
  51     1.5849  6006.8398   -86.3674  -241.4145     0.0739   256.4227     5.9816     0.8528     0.8362     0.6470     1.1944
  52     1.5983  6005.4669   -66.3441  -245.9044     0.1448   254.7154     5.9914     0.8075     1.0555     0.6556     1.3289
  53     1.6117  5982.7256   -49.7041  -252.3043    -0.0532   257.1769     5.0896     0.7565     0.8171     0.4352     1.1136
  54     1.6250  5972.6357   -30.3248  -251.7006    -0.0328   253.5346     4.8345     0.6325     0.7808     0.5188     1.0048
  55     1.6384  5965.1771   -14.0847  -257.0463    -0.0595   257.4461     4.9720     0.6104     0.7430     0.4296     0.9616
  56     1.6518  5954.6137    -3.6603  -260.4231    -1.0996   260.4608     5.0115     0.7803     0.9238     0.7512     1.2093
