# Source: J1733-1304_scan10
# Position: RA=-96.738710 deg, Dec=-13.080416 deg
# MS: 1695478381_sdp_l0_1024ch_J1733-1304_scan10.ms
# Scan: 10
# Start MJD: 60210.6394913574
# End MJD: 60210.6406945521
# Middle MJD: 60210.6400929548
# Duration: 0.0289 hours
# Columns: Channel Freq[GHz] I[mJy] Q[mJy] U[mJy] V[mJy] Plin[mJy] rms_I rms_Q rms_U rms_V rms_Plin
#
   0     0.9028  5657.1565    32.9364   161.4253     0.9401   164.8243    10.3207     1.1632     1.4276     0.9337     1.8415
   1     0.9162  5687.8767   -19.0988   164.3469     0.9671   165.5076    10.1058     1.0864     1.2682     0.6151     1.6699
   2     0.9295  5719.7208   -81.1621   157.8263     0.5456   177.5476    10.5749     1.3490     1.2679     0.7252     1.8513
   3     0.9429  5865.2987  -155.6861   100.4150     2.0406   185.3440    12.8245     2.3514     1.6277     1.5120     2.8598
   4     0.9563  5764.4296  -182.5826    64.3181    -0.4447   193.6169     8.3925     1.3645     0.7646     0.6592     1.5641
   5     0.9697  5761.7998  -198.0658     4.3855     0.1675   198.1524     8.2132     1.3271     0.7990     0.4889     1.5490
   6     0.9830  5778.0108  -191.9879   -57.6132    -1.0677   200.4735     7.7417     1.1110     0.9985     0.4754     1.4937
   7     0.9964  5800.7445  -170.6384  -115.6190     0.1375   206.1461     7.5084     0.9838     1.1464     0.4848     1.5107
   8     1.0098  5813.6697  -134.1561  -161.0598    -0.1245   209.6427     7.2847     0.8378     1.2127     0.4477     1.4739
   9     1.0232  5821.0955   -87.3960  -194.8166     0.0681   213.5403     7.0443     0.6951     1.2095     0.4699     1.3950
  10     1.0365  5835.3901   -38.4700  -214.0976    -0.4254   217.5541     6.9582     0.6515     1.1767     0.4502     1.3450
  11     1.0499  5833.5667    14.8176  -216.8826    -0.0576   217.4129     7.4693     0.7073     1.1415     0.4195     1.3428
  12     1.0633  5855.0177    64.5343  -207.1023    -0.5323   216.9395     6.8778     0.7018     1.0760     0.4358     1.2847
  13     1.0767  5865.3378   111.1844  -181.6564    -0.0102   213.0069     6.6172     0.8470     1.0167     0.4257     1.3233
  14     1.0900  5874.8460   151.4087  -148.3273     0.5595   211.9804     6.4570     0.9187     0.8325     0.4867     1.2398
  15     1.1034  5883.1191   182.4458  -104.8215     0.0220   210.4297     6.8219     1.0029     0.7796     0.4356     1.2703
  16     1.1168  5896.5020   202.0945   -60.3662     0.0550   210.9425     6.8363     1.1691     0.6441     0.3672     1.3347
  17     1.1302  5904.6092   207.8623   -14.6547    -0.2056   208.4101     6.5989     1.1498     0.6058     0.4379     1.2997
  18     1.1435  5931.2901   207.3694    32.2894    -0.0069   209.8981     6.6714     1.1916     0.7057     0.4720     1.3848
  19     1.1569  5937.9101   197.0568    74.5571    -0.0287   210.7081     6.4752     1.0450     0.6640     0.4197     1.2381
  20     1.1703  5954.5527   185.0662   101.9689     0.2515   211.3187     6.4599     1.0826     0.9505     0.5914     1.4407
  21     1.1837  5958.4336   139.9702   151.3899     0.0846   206.1971     7.0784     1.1076     0.9534     0.6313     1.4614
  22     1.1970  5975.8320   125.2776   171.9668     0.9059   212.7782     7.2408     0.9405     1.0332     0.6363     1.3972
  23     1.2104  5988.9479    81.7055   202.1426     0.3722   218.0776     8.0242     1.0976     1.3315     0.7228     1.7256
  24     1.2238  5977.3049    41.2040   203.8990    -0.7090   208.0520     6.4661     0.8053     1.0119     0.5862     1.2932
  25     1.2372  5978.5051     5.4364   206.3460     0.5973   206.4391     6.1940     0.7540     1.2010     0.5171     1.4180
  26     1.2505  5982.5087   -22.2684   214.7998    -0.1982   215.9774     6.3673     0.6500     1.1304     0.5279     1.3039
  27     1.2639  5984.1290   -46.1184   212.2521    -0.4501   217.2341     6.8109     0.8209     1.3735     0.6923     1.6001
  28     1.2773  6006.7706   -94.1833   201.1528    -0.1798   222.1438     8.8486     0.8994     1.3743     0.7953     1.6424
  29     1.2907  5987.9265  -124.6594   191.8069     0.2870   228.7774     6.8514     0.6734     1.0657     0.4948     1.2607
  30     1.3040  5970.1571  -151.8932   174.2183    -0.6236   231.1499     5.6440     0.6650     0.9405     0.3364     1.1518
  31     1.3174  5969.9306  -176.8084   154.3872    -0.0109   234.7431     5.4538     0.6566     0.8736     0.3294     1.0929
  32     1.3308  5968.9713  -197.8066   130.4227    -0.3328   236.9488     5.5466     0.6727     0.7776     0.3435     1.0282
  33     1.3442  5967.2346  -212.7064   106.8286     0.1393   238.0427     5.6177     0.7521     0.7670     0.3201     1.0742
  34     1.3575  5972.9857  -226.3107    78.6390     0.4450   239.5984     5.4692     0.7907     0.6495     0.3318     1.0233
  35     1.3709  5970.1939  -236.7322    52.3164    -0.2195   242.4582     5.4219     0.8035     0.7205     0.3304     1.0792
  36     1.3843  5967.3915  -243.2683    28.0411     0.2281   244.8952     5.4415     0.8354     0.6282     0.4233     1.0452
  37     1.3977  5964.0279  -247.4925     1.8152     0.0638   247.5122     5.3272     0.8602     0.6286     0.3716     1.0654
  38     1.4110  5961.8869  -247.9684   -24.1505     0.3647   249.1573     5.3834     0.8385     0.5758     0.3549     1.0171
  39     1.4244  5959.9538  -243.7123   -49.4160     0.3319   248.6899     5.5489     0.8109     0.5009     0.3881     0.9531
  40     1.4378  5959.2047  -238.8152   -73.0397     0.0304   249.7487     5.6893     0.8297     0.5414     0.3181     0.9907
  41     1.4512  5955.0219  -230.9613   -97.1448    -0.3732   250.5733     5.7258     0.8615     0.5087     0.3702     1.0005
  42     1.4645  5953.7845  -222.8366  -120.7280     0.3903   253.4538     5.5934     0.8432     0.6434     0.3656     1.0606
  43     1.4779  5947.5474  -210.4663  -141.2161    -0.0547   253.4623     5.9683     0.7814     0.5861     0.3609     0.9768
  44     1.4913  5944.2606  -196.8530  -160.4258    -0.3639   253.9539     5.7889     0.7810     0.6008     0.3372     0.9854
  45     1.5047  5938.4737  -183.5322  -177.0735    -0.3845   255.0413     5.9899     0.7322     0.6595     0.3136     0.9854
  46     1.5180  5934.8617  -168.0115  -189.2001     0.1282   253.0403     5.9712     0.7706     0.6770     0.4467     1.0258
  47     1.5314  5941.9150  -150.3893  -206.9703     0.4074   255.8630     6.8948     1.1231     0.8160     0.6039     1.3882
  48     1.5448  5936.9640  -137.5284  -216.4360    -0.2228   256.4564     8.5038     1.1673     1.1044     0.8386     1.6069
  49     1.5582  5928.9494  -118.5378  -227.0133     0.6858   256.1143     7.7683     0.9831     0.8789     0.6131     1.3187
  50     1.5715  5928.7376  -107.6586  -233.8392     0.1040   257.4504     7.1702     1.0596     1.1073     0.6476     1.5326
  51     1.5849  5919.2066   -90.4345  -238.8510    -0.8822   255.4164     7.3587     0.8254     1.0697     0.6279     1.3512
  52     1.5983  5910.3193   -66.3114  -244.1260     0.1672   252.9879     8.4480     0.7789     1.0529     0.4644     1.3097
  53     1.6117  5889.8377   -47.6709  -246.7469    -0.5866   251.3191     7.5699     0.7615     0.9380     0.4288     1.2082
  54     1.6250  5884.7332   -24.5199  -244.5838    -0.0411   245.8239     7.7843     0.9362     1.0526     0.6724     1.4087
  55     1.6384  5875.5007   -12.4498  -244.9540     0.1868   245.2874     7.4569     0.7529     0.8302     0.4619     1.1208
  56     1.6518  5864.1133     2.1285  -244.8253    -0.1494   244.8694     6.5662     1.0439     1.0712     0.7737     1.4957
