# Source: J1733-1304_scan12
# Position: RA=-96.738710 deg, Dec=-13.080416 deg
# MS: 1698492680_sdp_l0_1k_1024ch_J1733-1304_scan12.ms
# Scan: 12
# Start MJD: 60245.5389077035
# End MJD: 60245.5401108982
# Middle MJD: 60245.5395093008
# Duration: 0.0289 hours
# Columns: Channel Freq[GHz] I[mJy] Q[mJy] U[mJy] V[mJy] Plin[mJy] rms_I rms_Q rms_U rms_V rms_Plin
#
   0     0.9028  5814.4045   110.5944   181.4939     0.9384   212.6335     9.4497     1.0174     1.4298     0.8749     1.7548
   1     0.9162  5841.9523    59.8769   203.0472    -0.0907   212.1321     9.0794     0.7595     1.4962     0.7180     1.6779
   2     0.9295  5851.5439    -7.7141   209.5035    -0.5460   214.7567     8.8933     1.1606     1.2744     0.7811     1.7237
   3     0.9429  6019.5575  -135.4123   172.5465    -0.2331   219.0178    20.1468     1.5043     1.6966     1.5790     2.2674
   4     0.9563  5901.4416  -163.5190   142.9536    -0.5464   217.3637     7.3161     1.0634     0.8115     0.5410     1.3376
   5     0.9697  5884.8963  -198.2307    61.1249     0.4161   217.6300     7.5414     1.1078     0.7400     0.5361     1.3322
   6     0.9830  5897.1548  -207.2335   -10.9781     0.6215   216.2359     7.3233     1.0326     0.7601     0.4958     1.2822
   7     0.9964  5903.2741  -198.8144   -86.1529     0.6588   219.1468     7.6891     0.8518     0.7709     0.4887     1.1489
   8     1.0098  5918.0145  -171.1395  -136.4431     0.9285   219.9692     7.0276     0.7375     0.8478     0.5018     1.1237
   9     1.0232  5930.0780  -129.4336  -176.4978     0.8171   219.1836     6.9906     0.7662     0.8892     0.4906     1.1738
  10     1.0365  5940.4306   -80.1169  -204.9065    -0.0478   220.3460     7.0417     0.7387     0.8831     0.4844     1.1513
  11     1.0499  5932.4365   -29.7877  -216.3819    -0.5959   219.5751     6.9158     0.5358     0.9619     0.4962     1.1011
  12     1.0633  5946.0940    33.2890  -213.7360    -0.2269   219.8000     6.4968     0.7681     0.8919     0.4391     1.1771
  13     1.0767  5955.9445    96.9470  -200.6405     0.3270   223.2153     6.7386     0.7858     0.8719     0.4744     1.1737
  14     1.0900  5962.2378   140.7207  -172.1624    -0.1055   222.7696     6.4423     0.8527     0.9785     0.5001     1.2979
  15     1.1034  5976.9936   182.2508  -136.4136    -0.1885   228.0687     6.5599     0.8833     0.7953     0.4515     1.1885
  16     1.1168  5970.2969   206.5739   -96.3449     0.0300   228.4577     6.3501     1.0012     0.6550     0.4449     1.1964
  17     1.1302  5979.3344   223.8914   -39.4760    -0.4996   231.9020     6.3278     0.8504     0.6842     0.4430     1.0915
  18     1.1435  5986.7177   226.4650    12.3206    -0.0616   231.0492     6.3010     0.9045     0.6191     0.3983     1.0961
  19     1.1569  5985.6033   223.7731    68.0187    -0.5181   234.5767     6.2242     0.9550     0.5998     0.4467     1.1277
  20     1.1703  6010.9057   219.1467   100.7920     0.4594   241.4801     6.0252     0.9806     0.8060     0.6185     1.2693
  21     1.1837  6004.3764   187.4259   153.3978    -0.4605   242.2386     6.1276     0.8519     0.8222     0.5631     1.1840
  22     1.1970  6011.6758   164.8576   169.0791     1.0009   236.1801     5.9204     0.8058     0.7704     0.5402     1.1149
  23     1.2104  6025.2209   127.8679   210.0858     0.0368   245.9613     6.6023     0.8225     0.9088     0.6887     1.2257
  24     1.2238  6016.6407    98.2570   220.1679    -0.2178   241.1158     6.0851     0.6576     0.9414     0.5338     1.1484
  25     1.2372  6010.9968    61.9653   234.0221     0.2263   242.1109     6.1609     0.7109     0.8036     0.4684     1.0729
  26     1.2505  6018.3043    28.5255   245.3006    -0.3945   247.0416     6.2179     0.7002     0.8784     0.4821     1.1234
  27     1.2639  6023.4299     2.3985   250.1072    -0.5605   250.8675     5.7798     0.7147     0.9166     0.6857     1.1623
  28     1.2773  6040.2980   -45.8957   254.2789     0.1737   258.4343     7.3415     0.8586     1.0292     0.6614     1.3403
  29     1.2907  6023.2010   -84.2377   234.4530     0.3193   249.1458     5.9897     0.6104     0.8603     0.4201     1.0548
  30     1.3040  6000.9456  -122.2186   211.6414     0.0524   244.4140     5.2817     0.5797     0.7793     0.3778     0.9713
  31     1.3174  6001.1573  -149.7989   191.3070     0.3448   242.9922     5.1566     0.6206     0.7487     0.3956     0.9725
  32     1.3308  5996.7971  -176.2089   169.7613     0.1645   244.6980     5.3567     0.6403     0.7132     0.3616     0.9584
  33     1.3442  5993.6147  -197.9795   144.0266    -0.0158   244.8382     5.2348     0.5701     0.7259     0.3157     0.9230
  34     1.3575  5996.1081  -214.7546   118.1356    -0.8110   245.1135     5.4669     0.6535     0.6723     0.3392     0.9376
  35     1.3709  5996.7260  -230.9857    91.0289     0.0881   248.2886     5.1439     0.6041     0.6117     0.3238     0.8597
  36     1.3843  5993.3615  -239.8896    64.0562    -0.3159   248.3148     5.5471     0.7043     0.5935     0.3451     0.9211
  37     1.3977  5989.3212  -246.2657    36.3272    -0.1004   248.9677     5.2410     0.7235     0.5466     0.3363     0.9068
  38     1.4110  5987.3681  -250.3396    10.3991    -0.0923   250.9534     5.2449     0.7411     0.5428     0.3406     0.9186
  39     1.4244  5986.2118  -251.5257   -23.3966     0.3229   252.6840     5.1105     0.6597     0.5063     0.4079     0.8315
  40     1.4378  5983.3503  -247.8350   -45.0757    -0.1418   251.9208     5.1023     0.6258     0.5490     0.3199     0.8324
  41     1.4512  5976.9344  -241.5595   -73.0039     0.0537   252.3627     5.1662     0.7527     0.5865     0.3898     0.9542
  42     1.4645  5974.1869  -235.9277   -94.1201     0.5417   254.0164     4.9945     0.7148     0.6302     0.3274     0.9530
  43     1.4779  5972.8017  -224.7127  -114.9534    -0.3334   252.4152     5.1877     0.7275     0.5734     0.3240     0.9263
  44     1.4913  5968.1778  -211.7063  -139.5267     0.7960   253.5540     5.2632     0.6410     0.6027     0.3818     0.8798
  45     1.5047  5965.2929  -200.2288  -158.8704     0.3093   255.6082     5.1046     0.6641     0.6346     0.3984     0.9186
  46     1.5180  5966.5380  -184.2628  -176.2951     0.1898   255.0241     5.2685     0.7075     0.6469     0.4410     0.9587
  47     1.5314  5985.1542  -175.7322  -201.4978     0.6937   267.3889     6.1099     1.1237     1.0467     0.8032     1.5357
  48     1.5448  5980.2709  -156.8204  -214.4067     0.9736   265.6630     5.4877     0.8678     0.9345     0.7217     1.2753
  49     1.5582  5970.2268  -139.2857  -228.9981     0.7732   268.0478     4.9215     0.7622     0.7508     0.6715     1.0699
  50     1.5715  5962.0256  -130.0924  -241.2302    -0.0919   274.0999     5.9765     0.7979     0.9387     0.7176     1.2320
  51     1.5849  5960.4712  -112.8902  -250.7862     0.6406   275.0402     5.3505     0.7007     0.8356     0.6758     1.0906
  52     1.5983  5950.6540   -94.7937  -256.8321    -0.0185   273.8198     5.4166     0.7650     0.8659     0.6490     1.1554
  53     1.6117  5933.8732   -70.2590  -251.5929    -0.4092   261.3019     6.6178     0.7285     0.8934     0.3904     1.1528
  54     1.6250  5939.8417   -56.4957  -259.4860     0.7771   265.9075     7.2082     0.9676     0.9679     0.7784     1.3686
  55     1.6384  5931.7431   -42.9402  -260.2260    -0.9265   264.1836     7.5818     0.8283     1.0207     0.5294     1.3145
  56     1.6518  5935.3814   -17.0854  -261.6565     0.1622   263.9303     6.7740     1.0436     1.1199     0.9416     1.5308
