# Source: J1733-1304_scan05
# Position: RA=-96.738710 deg, Dec=-13.080418 deg
# MS: 1697470274_sdp_l0_1k_1024ch_J1733-1304_scan05.ms
# Scan: 05
# Start MJD: 60233.6705484740
# End MJD: 60233.6718442221
# Middle MJD: 60233.6711963480
# Duration: 0.0311 hours
# Columns: Channel Freq[GHz] I[mJy] Q[mJy] U[mJy] V[mJy] Plin[mJy] rms_I rms_Q rms_U rms_V rms_Plin
#
   0     0.9027  5922.2569    88.3772   162.7781    -0.6878   185.3603    10.8300     1.1146     1.5760     0.8841     1.9303
   1     0.9161  5924.8667    33.8075   183.9600     0.5060   187.1334     9.6447     0.8872     1.2501     0.8936     1.5329
   2     0.9295  5947.6295   -30.9306   186.5937    -0.2619   189.2621     9.5093     1.2009     1.3926     0.7936     1.8389
   3     0.9428  6097.8942  -131.9178   142.2164    -0.1857   194.1292    21.1790     2.6976     2.5551     2.3654     3.7156
   4     0.9562  5990.2854  -164.6221   108.6741    -0.2494   197.3221     8.1794     1.0301     0.8349     0.6369     1.3260
   5     0.9696  5964.7493  -194.1639    51.5589     0.3078   200.9416     8.4550     1.2436     0.6832     0.5936     1.4189
   6     0.9830  5972.7793  -207.9490   -15.6522     0.1035   208.5761     8.1215     1.2052     0.8388     0.5315     1.4683
   7     0.9963  5979.9829  -194.5845   -79.7358    -0.2446   210.3273     7.8375     1.1886     0.9190     0.4830     1.5024
   8     1.0097  5987.4954  -163.8482  -136.5418     0.0330   213.3123     7.9585     0.9619     1.1424     0.6587     1.4935
   9     1.0231  5995.6322  -120.9438  -183.8130     0.3472   220.0654     7.8761     0.7676     1.2524     0.4895     1.4689
  10     1.0365  6004.4699   -65.0778  -210.0046    -0.3691   219.8915     8.0457     0.8108     1.2839     0.5536     1.5185
  11     1.0498  6004.6830   -11.1870  -220.0435     0.4801   220.3554     7.1554     0.7074     1.2170     0.5455     1.4076
  12     1.0632  6007.2994    43.1302  -217.5913    -0.1164   221.8569     7.1917     0.7882     1.2729     0.5183     1.4971
  13     1.0766  6012.8026    97.1073  -198.6723     0.2661   221.1687     7.2660     0.8267     1.1088     0.5019     1.3831
  14     1.0900  6019.0763   142.2507  -169.4183     0.2597   221.2589     7.6167     0.8364     1.0695     0.6422     1.3577
  15     1.1033  6023.6425   179.6709  -133.8955     0.0287   224.1026     6.8542     0.8901     0.7677     0.5541     1.1754
  16     1.1167  6021.7938   207.6563   -89.7328    -0.4952   226.2354     6.9341     0.8371     0.7188     0.5242     1.1034
  17     1.1301  6031.6377   221.8224   -42.1450     0.4722   225.8069     7.2112     0.9887     0.7345     0.5806     1.2316
  18     1.1435  6054.6942   226.2757     2.9664    -0.3173   226.3296     7.3039     1.0759     0.7525     0.6261     1.3130
  19     1.1568  6047.6904   223.4831    54.8323    -0.7846   230.1229     6.6556     1.0381     0.6434     0.5006     1.2213
  20     1.1702  6050.6377   211.3501    85.7318    -0.3186   228.1005     7.4035     1.0543     0.9211     0.7273     1.4000
  21     1.1836  6056.1562   177.7592   143.3418    -0.3382   228.3765     6.5089     0.9751     0.8316     0.6520     1.2816
  22     1.1970  6063.5500   162.4133   167.6386     0.8128   233.4403     7.2649     1.0593     0.8820     0.7089     1.3784
  23     1.2103  6091.9223   116.1378   202.4833    -0.7768   233.4491     8.8651     1.0908     1.2464     1.0226     1.6563
  24     1.2237  6079.3319    93.0376   212.9786     0.4353   232.4363     8.1272     0.8778     1.1778     0.6708     1.4690
  25     1.2371  6048.0628    51.4742   227.6571     0.5738   233.4158     6.2499     0.7640     1.0062     0.5249     1.2634
  26     1.2505  6067.0915    14.9065   232.0511     0.2088   232.5443     7.3404     0.7221     0.9926     0.6040     1.2274
  27     1.2638  6059.0787    -7.8513   234.9807     0.6077   235.1560     6.9986     1.0041     1.1345     0.7218     1.5150
  28     1.2772  6111.8155   -62.1792   231.6266     0.8605   239.8432    10.1844     0.7683     1.3930     0.8878     1.5908
  29     1.2906  6065.0225   -88.8644   220.1782     0.6311   237.4517     6.4961     0.6585     0.9189     0.5400     1.1305
  30     1.3040  6029.6922  -121.3942   202.6558     0.6734   236.2499     6.4383     0.6680     1.0322     0.4737     1.2295
  31     1.3173  6025.2948  -150.2070   185.8679    -0.5669   238.9913     6.0449     0.5767     0.9382     0.4357     1.1013
  32     1.3307  6021.7843  -173.6702   161.3890     0.0844   237.0969     6.1367     0.6870     0.8912     0.4356     1.1252
  33     1.3441  6022.3737  -195.9197   138.4745    -0.1095   239.9336     6.0631     0.7187     0.8443     0.3458     1.1087
  34     1.3575  6018.4178  -213.2481   111.6532    -0.4380   240.7315     6.1158     0.7600     0.8824     0.3865     1.1646
  35     1.3708  6018.0287  -227.5698    84.0806    -0.0253   242.6277     5.8599     0.6888     0.8317     0.3763     1.0799
  36     1.3842  6016.1986  -237.3883    58.1197     0.2538   244.4133     6.1103     0.8523     0.7822     0.4134     1.1568
  37     1.3976  6011.8508  -243.4299    28.1136     0.1023   245.0624     5.7748     0.8235     0.7246     0.4294     1.0969
  38     1.4110  6005.9609  -248.6671     1.8320     0.4394   248.6891     6.1560     0.8355     0.7155     0.4484     1.1000
  39     1.4243  6003.4995  -248.2603   -26.1757     0.3199   249.6515     5.9220     0.9478     0.7521     0.3913     1.2099
  40     1.4377  6000.4978  -247.9152   -49.8045     0.0822   252.8794     5.8483     0.8313     0.6621     0.4204     1.0628
  41     1.4511  5996.0566  -241.5559   -75.0398     0.1610   252.9529     6.0715     0.8779     0.6558     0.4194     1.0958
  42     1.4645  5992.3282  -234.1186   -99.4121     0.1808   254.3612     5.8578     0.8256     0.6280     0.3602     1.0373
  43     1.4778  5987.7706  -221.9087  -121.9845    -0.0546   253.2484     6.1358     0.8798     0.7076     0.4059     1.1291
  44     1.4912  5985.9891  -212.1841  -142.1461     0.3440   255.4151     6.0344     0.8943     0.6440     0.4064     1.1020
  45     1.5046  5982.9421  -199.2409  -161.0543    -0.3552   256.2066     5.8677     0.8922     0.6905     0.4561     1.1282
  46     1.5180  5978.3115  -183.4479  -179.1988    -0.2898   256.4596     5.8526     0.8720     0.7393     0.4440     1.1432
  47     1.5313  5990.8676  -161.0705  -195.1489    -1.9310   253.0613     7.2422     1.7166     1.6687     1.5589     2.3940
  48     1.5447  6004.1771  -146.2156  -208.3622    -0.1663   254.5645     6.6790     1.1105     1.0550     0.8624     1.5318
  49     1.5581  5986.1531  -128.4529  -220.1386    -0.1821   254.8855     6.7591     0.8780     0.9584     0.6701     1.2998
  50     1.5715  5981.1163  -111.8028  -227.1961    -0.0075   253.2470     6.8879     1.0126     0.9473     0.7739     1.3867
  51     1.5848  5976.3002   -95.1007  -235.9142     0.2856   254.3730     7.0171     0.9444     0.9966     0.6764     1.3730
  52     1.5982  5961.6685   -77.7146  -242.3450     0.3497   254.5112     7.4700     0.9091     1.0793     0.5334     1.4112
  53     1.6116  5945.6043   -58.9963  -249.8004     0.1221   256.6833     7.5698     0.7896     1.0232     0.4054     1.2924
  54     1.6250  5944.8562   -42.6521  -251.9780    -0.4906   255.5735     7.3010     0.8989     0.9211     0.4734     1.2870
  55     1.6383  5943.3270   -26.1450  -251.3217    -0.1041   252.6901     8.2699     0.9462     0.9785     0.4431     1.3611
  56     1.6517  5939.6396   -15.2519  -248.7077     0.1573   249.2017     7.3602     1.0511     1.0935     0.7588     1.5167
