# Source: J1733-1304_scan08
# Position: RA=-96.738709 deg, Dec=-13.080419 deg
# MS: 1696597476_sdp_l0_1k_1024ch_J1733-1304_scan08.ms
# Scan: 08
# Start MJD: 60223.5791442269
# End MJD: 60223.5803474216
# Middle MJD: 60223.5797458242
# Duration: 0.0289 hours
# Columns: Channel Freq[GHz] I[mJy] Q[mJy] U[mJy] V[mJy] Plin[mJy] rms_I rms_Q rms_U rms_V rms_Plin
#
   0     0.9028  5818.7385    70.8527   150.2123    -0.0117   166.2083    12.5921     1.0008     1.5327     1.0126     1.8305
   1     0.9162  5835.2413    19.0132   167.8568     0.6497   169.0013    11.7592     0.9472     1.2182     0.7487     1.5431
   2     0.9295  5849.8769   -44.7660   170.4733    -0.1993   176.3053    11.4368     1.1089     1.1411     0.9445     1.5912
   3     0.9429  6041.6141  -143.5616   140.9369     4.7504   201.3878    17.8160     3.0180     2.5054     2.5785     3.9224
   4     0.9563  5868.5470  -168.1101    93.9301    -1.1178   192.6225    10.2537     1.3081     0.9142     0.8220     1.5959
   5     0.9697  5861.2013  -197.0679    31.2964    -0.3599   199.5908     9.9493     1.0954     0.8089     0.5539     1.3617
   6     0.9830  5870.2455  -204.1734   -36.6828    -0.3940   207.4860     9.1092     1.0856     0.9103     0.5720     1.4167
   7     0.9964  5877.9025  -189.6131   -97.0515     0.8100   213.0571     9.1593     0.9098     1.0113     0.5137     1.3604
   8     1.0098  5890.0948  -154.9487  -150.1736     0.3400   215.8249     8.9026     0.8537     0.9922     0.6085     1.3089
   9     1.0232  5894.0444  -111.8623  -190.6090    -0.3350   221.0516     8.6455     0.7269     1.0562     0.5429     1.2822
  10     1.0365  5896.7814   -56.5580  -223.9609    -0.1945   231.0327     8.4848     0.6029     1.2865     0.5478     1.4208
  11     1.0499  5901.7339    -2.2767  -234.0610     0.1046   234.0991     8.2558     0.6984     1.1631     0.4485     1.3566
  12     1.0633  5905.9296    46.4766  -231.2970    -0.3934   235.9516     7.8785     0.6276     0.9693     0.4354     1.1548
  13     1.0767  5911.5944    97.0436  -211.0935     0.0979   232.3649     7.1809     0.8401     1.0451     0.5427     1.3409
  14     1.0900  5913.5947   142.2059  -179.5621     0.1284   229.0871     7.6616     0.8385     0.9497     0.5850     1.2669
  15     1.1034  5920.4359   179.3114  -138.9014     0.0002   226.8520     6.9852     0.8523     0.8853     0.4471     1.2289
  16     1.1168  5928.6585   202.9412   -94.9706     0.5877   224.0920     7.3740     0.9557     0.8067     0.4853     1.2506
  17     1.1302  5925.1199   216.5179   -48.7458    -0.0984   221.9692     7.0394     0.9638     0.6531     0.4853     1.1642
  18     1.1435  5939.7464   219.6174    -0.1682    -0.6065   219.6531     7.3875     0.9900     0.6590     0.4803     1.1893
  19     1.1569  5946.3906   216.6867    43.6981     0.6670   221.0964     7.0350     1.0358     0.6976     0.4929     1.2488
  20     1.1703  5957.0022   205.5203    74.0999    -0.4180   218.4991     6.9090     0.9658     0.7825     0.7086     1.2430
  21     1.1837  5957.0379   166.7147   123.3656    -0.4965   207.4224     6.9221     0.9523     0.8191     0.6364     1.2561
  22     1.1970  5953.5952   149.2694   152.0211    -0.8499   213.0797     7.2037     0.8340     0.8185     0.6024     1.1686
  23     1.2104  5973.8083   107.6312   180.0293    -0.0555   209.7906     8.2945     0.8344     0.8788     0.6653     1.2119
  24     1.2238  5946.1498    76.9389   175.2177    -0.2175   191.4043     7.0631     0.9244     0.8164     0.5617     1.2333
  25     1.2372  5956.5110    42.5405   191.8833     0.5881   196.5726     6.8386     0.7963     0.8989     0.5161     1.2009
  26     1.2505  5961.3671     8.7745   214.8834     0.1739   215.1064     6.4079     0.7172     0.9020     0.4783     1.1523
  27     1.2639  5972.7511   -15.7129   215.3960     0.2946   215.9999     6.9592     0.7259     1.0355     0.5664     1.2646
  28     1.2773  5992.7344   -62.0884   211.4894     0.0114   220.4518     8.4262     0.8321     1.0806     0.7527     1.3639
  29     1.2907  5976.4476   -91.3670   198.5387     0.5755   218.5995     6.1047     0.6514     0.9603     0.4210     1.1604
  30     1.3040  5948.5888  -123.6570   183.1369    -0.2977   221.0040     5.9648     0.6093     0.8233     0.3681     1.0242
  31     1.3174  5949.8410  -150.4954   162.9988    -0.3128   221.8823     5.8418     0.7341     0.7914     0.3994     1.0794
  32     1.3308  5949.3752  -173.5373   142.3645    -0.3643   224.4906     5.9325     0.6796     0.8637     0.4077     1.0990
  33     1.3442  5950.2602  -194.7834   118.4288    -0.6187   227.9825     5.9099     0.6411     0.7559     0.3869     0.9911
  34     1.3575  5947.7315  -210.9877    91.5873    -0.2291   230.0427     5.6775     0.6856     0.8376     0.3942     1.0824
  35     1.3709  5943.5248  -224.3584    65.0245     0.0093   233.6203     5.7711     0.8113     0.7028     0.3827     1.0734
  36     1.3843  5946.0359  -231.3167    36.8429    -0.0324   234.2633     5.4961     0.7662     0.7192     0.3978     1.0508
  37     1.3977  5945.6015  -238.2078    12.0528     0.6084   238.5471     5.7282     0.9110     0.6208     0.3575     1.1024
  38     1.4110  5937.4824  -239.1285   -14.4883     0.0266   239.5987     5.6974     0.8922     0.5747     0.3441     1.0612
  39     1.4244  5937.4804  -239.2792   -40.4609     0.1404   242.7069     5.6781     0.9124     0.5792     0.4188     1.0807
  40     1.4378  5935.9307  -233.2997   -65.9801    -0.3325   242.4750     5.3418     0.8399     0.6148     0.3446     1.0409
  41     1.4512  5930.7032  -227.1534   -89.6424     0.6257   244.2229     5.5917     0.8949     0.5409     0.4012     1.0457
  42     1.4645  5928.0200  -217.5557  -114.3673     0.1133   245.8190     5.7957     0.8767     0.5821     0.3667     1.0524
  43     1.4779  5924.9735  -206.2964  -137.4904     0.6228   247.9393     5.6520     0.8705     0.5657     0.3635     1.0382
  44     1.4913  5923.5649  -196.0379  -154.9163    -0.0563   249.8859     5.5898     0.8890     0.6670     0.3664     1.1114
  45     1.5047  5916.9044  -180.1324  -174.6063    -0.6565   250.8940     5.6920     0.8775     0.5943     0.4348     1.0598
  46     1.5180  5916.6145  -166.6465  -188.2494     0.2193   251.4367     5.8008     0.8098     0.6617     0.3875     1.0458
  47     1.5314  5939.2962  -147.0209  -206.6873     1.0656   253.6734     7.3575     1.2381     1.0399     0.7404     1.6168
  48     1.5448  5951.5862  -134.6752  -219.5016     0.5057   257.5571     7.5798     1.2182     0.9820     0.7649     1.5647
  49     1.5582  5911.6917  -115.0094  -226.7468    -0.2970   254.2738     6.1038     0.9008     0.8630     0.5838     1.2475
  50     1.5715  5901.9799  -101.2991  -230.8594    -0.9849   252.1273     6.8307     0.9057     0.9089     0.6080     1.2831
  51     1.5849  5894.8236   -85.0603  -243.2569    -0.3311   257.7302     6.5316     0.8768     0.8959     0.5144     1.2536
  52     1.5983  5890.9011   -67.8682  -242.6379     0.6673   251.9755     7.4036     0.9717     1.1010     0.5226     1.4685
  53     1.6117  5877.2178   -50.8903  -248.9951    -0.5611   254.1654     6.1777     0.7595     0.9767     0.5068     1.2373
  54     1.6250  5877.0170   -30.5262  -251.2933     0.3562   253.1706     5.5311     0.8783     1.0075     0.7348     1.3366
  55     1.6384  5873.8518   -20.7231  -250.4773     1.0340   251.3704     6.2027     0.7550     1.0021     0.4899     1.2547
  56     1.6518  5866.1137    -7.6568  -250.4444    -0.7399   250.6075     5.4608     1.0300     1.1191     0.8045     1.5209
