# Source: J1733-1304_scan08
# Position: RA=-96.738708 deg, Dec=-13.080415 deg
# MS: 1697283077_sdp_l0_1024ch_J1733-1304_scan08.ms
# Scan: 08
# Start MJD: 60231.5138971903
# End MJD: 60231.5151929385
# Middle MJD: 60231.5145450644
# Duration: 0.0311 hours
# Columns: Channel Freq[GHz] I[mJy] Q[mJy] U[mJy] V[mJy] Plin[mJy] rms_I rms_Q rms_U rms_V rms_Plin
#
   0     0.9028  5919.6148    81.8352   177.4900     2.0680   195.5681     9.4816     0.9980     1.5565     1.0551     1.8489
   1     0.9162  5943.2397    23.1620   193.5542    -1.9336   195.0450    10.1778     1.0274     1.3023     0.7658     1.6588
   2     0.9295  5943.4552   -42.8260   194.9106    -0.8666   199.6726     9.9164     1.1471     1.2540     0.7858     1.6995
   3     0.9429  6032.2356  -139.3708   150.6481    -3.0041   205.3964    13.1843     2.0636     2.0668     2.1985     2.9206
   4     0.9563  5973.5355  -165.5464   116.7966     0.3188   202.6931     9.4045     1.1091     0.8383     0.6326     1.3902
   5     0.9697  5962.4243  -197.9549    54.1203    -0.3719   205.3018     8.7536     1.0346     0.7035     0.5043     1.2511
   6     0.9830  5968.4272  -206.2052   -11.3546    -0.1038   206.5790     8.0524     0.9311     0.7752     0.5063     1.2116
   7     0.9964  5977.6931  -192.6365   -78.2246    -0.2226   207.9655     7.3155     0.8072     0.7820     0.5402     1.1239
   8     1.0098  5983.1982  -158.1741  -131.5650    -0.2390   205.7864     7.2060     0.7727     0.8368     0.5975     1.1390
   9     1.0232  5984.1423  -116.5706  -173.6291    -1.1339   209.1838     6.4149     0.6802     0.9595     0.5301     1.1761
  10     1.0365  5992.7378   -59.6155  -200.7619     0.5732   209.4716     6.5127     0.6579     0.9296     0.5348     1.1388
  11     1.0499  5999.5818    -4.3802  -211.3134    -0.0283   211.4039     6.2878     0.6024     0.9344     0.5325     1.1117
  12     1.0633  6009.9759    49.1515  -207.5988     0.3635   213.3870     6.6631     0.6742     0.9307     0.5442     1.1492
  13     1.0767  6012.1036    98.7735  -192.9142     0.4152   216.7802     6.2622     0.7248     0.9213     0.4634     1.1723
  14     1.0900  6027.3466   144.4212  -161.9581     0.0033   217.0373     6.6308     0.8036     0.7916     0.6356     1.1280
  15     1.1034  6023.7641   178.4952  -120.6046     0.3635   215.4637     6.4791     0.8271     0.7244     0.4867     1.0995
  16     1.1168  6029.0880   204.3434   -76.9222     0.0336   218.3911     6.0387     0.7778     0.7312     0.4081     1.0675
  17     1.1302  6032.0358   219.8348   -31.2621     0.0228   222.0894     6.2328     0.8914     0.6175     0.4303     1.0843
  18     1.1435  6047.9102   222.1660    13.5265    -0.5011   222.6233     6.0671     0.8909     0.5908     0.5051     1.0690
  19     1.1569  6048.3389   218.9920    62.6790    -0.1036   227.8214     5.8265     0.8547     0.6305     0.5038     1.0621
  20     1.1703  6060.3495   208.3829    93.5616    -0.7206   228.4723     6.1917     0.9048     0.7998     0.6369     1.2076
  21     1.1837  6070.4017   174.8472   151.7756     0.0564   231.5736     6.1481     0.7449     0.8761     0.6759     1.1499
  22     1.1970  6079.8941   154.8022   173.4634     0.3391   232.5312     6.3921     0.7442     0.8057     0.6664     1.0968
  23     1.2104  6124.1345   109.8921   207.2382    -0.2587   234.6116     7.8519     0.8874     0.9749     1.0016     1.3183
  24     1.2238  6099.4730    86.7222   216.8099    -0.1442   233.5602     7.0797     0.8925     0.9746     0.7314     1.3215
  25     1.2372  6101.1462    46.4581   232.7619     0.0079   237.3978     6.6229     0.7626     0.9839     0.5918     1.2449
  26     1.2505  6073.1788     8.7245   237.6860    -0.1184   237.8784     6.0061     0.6931     0.9351     0.5104     1.1640
  27     1.2639  6090.8661   -13.7647   238.0890     0.3841   238.5264     6.0927     0.8000     0.9683     0.7817     1.2561
  28     1.2773  6149.6882   -75.1952   230.5936    -0.3584   242.5742     9.8513     1.0977     0.9842     1.0023     1.4744
  29     1.2907  6104.0049   -94.7469   219.4899     1.1547   239.1076     6.2355     0.6798     0.8373     0.5032     1.0785
  30     1.3040  6067.9989  -122.0583   201.5857     0.3761   235.6876     4.9923     0.5751     0.7798     0.3707     0.9689
  31     1.3174  6069.7513  -149.1085   184.8413    -0.2744   237.5214     5.0341     0.6574     0.8052     0.3578     1.0395
  32     1.3308  6069.0312  -174.0589   161.8278    -0.0877   237.7064     5.1086     0.6097     0.8321     0.4152     1.0316
  33     1.3442  6070.7860  -195.9538   138.1249     0.6086   239.7847     5.0578     0.7043     0.7411     0.4075     1.0224
  34     1.3575  6064.8642  -211.9327   111.2263    -0.3964   239.3801     4.8215     0.7073     0.6873     0.3848     0.9862
  35     1.3709  6066.5817  -226.1265    81.0451    -0.0460   240.2507     4.8379     0.7749     0.6365     0.4070     1.0028
  36     1.3843  6068.5596  -235.2429    54.7950    -0.0462   241.5775     4.9800     0.7710     0.6415     0.4111     1.0030
  37     1.3977  6064.6653  -240.8118    28.7205     0.2238   242.5511     4.5500     0.7799     0.6309     0.3937     1.0031
  38     1.4110  6059.6557  -243.5511     0.2203     0.2015   243.5893     4.8753     0.8312     0.6524     0.4440     1.0567
  39     1.4244  6058.3863  -242.5689   -27.9788    -0.3697   244.2149     4.8722     0.8093     0.5264     0.4830     0.9654
  40     1.4378  6058.0459  -240.1589   -51.9825    -0.4678   245.7599     4.4899     0.8292     0.5494     0.3625     0.9947
  41     1.4512  6052.0110  -234.0494   -78.4012     0.1182   246.8699     4.5245     0.8245     0.5903     0.3693     1.0140
  42     1.4645  6047.3475  -227.0790  -101.4898    -0.1911   248.7653     4.8529     0.8311     0.5690     0.4107     1.0072
  43     1.4779  6044.3134  -216.3372  -121.8994     0.3745   248.3515     4.3831     0.8346     0.5805     0.4005     1.0166
  44     1.4913  6040.6294  -205.8681  -142.7985    -0.1503   250.5814     4.5867     0.6967     0.5833     0.4030     0.9086
  45     1.5047  6035.8191  -190.9741  -161.0297    -0.1139   249.8260     4.3538     0.7955     0.5973     0.4191     0.9948
  46     1.5180  6035.0595  -176.8856  -174.8431     0.1543   248.7481     4.5975     0.8966     0.5804     0.4136     1.0680
  47     1.5314  6069.8423  -159.1899  -190.1318     1.1217   248.0090     6.8761     1.0879     0.7802     0.9041     1.3387
  48     1.5448  6052.2871  -136.7013  -202.5464     0.6581   244.4271     6.5255     1.2413     1.1130     0.9263     1.6672
  49     1.5582  6045.2733  -123.9517  -215.8797     0.5548   248.9614     5.6395     0.8430     0.8629     0.6857     1.2063
  50     1.5715  6040.6189  -106.0806  -223.3401     0.7931   247.2871     6.1848     0.9777     1.0318     0.8423     1.4214
  51     1.5849  6025.6634   -88.3557  -233.1295    -0.8252   249.3438     6.1125     0.8136     0.9643     0.7026     1.2617
  52     1.5983  6000.8407   -70.0256  -237.8970    -0.7606   248.0165     5.4918     0.7652     0.8585     0.5498     1.1500
  53     1.6117  5974.9556   -50.2476  -242.6300     0.0287   247.8049     4.7762     0.6531     0.7748     0.4179     1.0134
  54     1.6250  5964.6025   -29.9402  -244.1131    -0.7544   245.9730     4.1678     0.7732     0.8480     0.6513     1.1475
  55     1.6384  5956.4896   -17.1991  -244.2421     0.3923   244.8814     5.0391     0.6519     0.8932     0.5169     1.1058
  56     1.6518  5945.2996    -3.8595  -250.1081    -0.4978   250.1735     5.6532     0.9066     0.9365     0.8373     1.3034
