# Source: J1733-1304_scan02
# Position: RA=-96.738711 deg, Dec=-13.080416 deg
# MS: 1697470274_sdp_l0_1k_1024ch_J1733-1304_scan02.ms
# Scan: 02
# Start MJD: 60233.6562026911
# End MJD: 60233.6574058859
# Middle MJD: 60233.6568042885
# Duration: 0.0289 hours
# Columns: Channel Freq[GHz] I[mJy] Q[mJy] U[mJy] V[mJy] Plin[mJy] rms_I rms_Q rms_U rms_V rms_Plin
#
   0     0.9027  5862.4969    89.9982   183.7029     1.1669   204.6062    11.5316     1.0203     1.7888     0.9165     2.0593
   1     0.9161  5882.4439    37.4340   201.9119     0.8074   205.3926    10.2449     1.0688     1.5044     0.6745     1.8454
   2     0.9295  5917.3155   -28.0227   204.5000     0.6574   206.4473    11.0700     1.1599     1.4187     0.7199     1.8325
   3     0.9428  6039.8507  -121.7406   154.6396     0.6605   196.8852    17.0399     2.2820     2.1503     2.2371     3.1355
   4     0.9562  5941.4487  -158.7127   129.0613    -0.8092   204.6009     9.6381     1.5140     0.8174     0.6256     1.7206
   5     0.9696  5928.7229  -192.2066    69.6248     0.5202   204.4591     9.6077     1.4550     0.7554     0.5579     1.6394
   6     0.9830  5929.9583  -203.8349     0.3604    -0.4638   203.8577     9.2497     1.2872     0.8653     0.4837     1.5510
   7     0.9963  5948.7519  -194.0913   -65.0953    -0.5544   204.7495     8.7008     1.2037     1.0431     0.4200     1.5928
   8     1.0097  5961.6914  -163.6225  -123.0783    -0.5223   204.7708     8.7183     0.9747     1.1540     0.4577     1.5106
   9     1.0231  5968.2221  -119.8795  -166.0679     0.3024   204.8440     8.4701     0.8462     1.2882     0.5661     1.5413
  10     1.0365  5974.3180   -65.5403  -186.4393     0.4223   197.6526     8.0029     0.6446     1.2936     0.4315     1.4453
  11     1.0498  5974.8025   -15.2476  -190.2454    -0.3796   190.8758     8.2494     0.6300     1.1891     0.4442     1.3457
  12     1.0632  5980.2246    39.4462  -186.2433    -0.1571   190.4045     8.1839     0.7681     1.1039     0.4905     1.3448
  13     1.0766  5984.9453    89.5416  -170.0125     0.0946   192.1826     7.6590     0.7680     1.0987     0.4885     1.3405
  14     1.0900  6003.1815   135.2386  -143.9219    -0.2210   197.5269     7.7199     1.0719     1.1264     0.6232     1.5549
  15     1.1033  5996.8796   175.5031  -113.8645     0.1932   209.2413     7.5447     1.1299     0.8836     0.3936     1.4344
  16     1.1167  5999.3076   201.5689   -70.7960     0.2152   213.6654     7.3421     1.1374     0.6389     0.4831     1.3046
  17     1.1301  6011.9810   218.5804   -26.2560    -0.2403   220.1776     7.4756     1.2343     0.7827     0.5588     1.4615
  18     1.1435  6028.9307   222.9600    21.2852    -0.3266   224.0043     7.5898     1.3581     0.7669     0.5429     1.5596
  19     1.1568  6032.3992   219.0564    69.5660    -0.1729   229.8642     7.4844     1.3032     0.7568     0.5515     1.5070
  20     1.1702  6044.0092   211.3705   101.0250     0.1673   234.3030     8.0722     1.2715     0.9734     0.5929     1.6013
  21     1.1836  6045.7187   180.6236   157.8817     1.1324   239.9357     7.2979     1.2056     0.9021     0.7053     1.5057
  22     1.1970  6059.7887   160.2707   176.2307    -0.4090   238.2413     8.0377     0.9794     1.1133     0.6328     1.4827
  23     1.2103  6082.8385   113.5781   211.1236    -0.5529   239.7585     9.5514     1.1310     1.3350     0.8894     1.7497
  24     1.2237  6070.6100    94.8020   225.9204     1.6187   245.0302     8.8417     1.1004     1.3964     0.7308     1.7779
  25     1.2371  6061.8453    49.7242   242.0228     0.6975   247.0979     7.6912     0.7570     1.1808     0.5609     1.4026
  26     1.2505  6055.8238    12.0129   253.6485     0.3165   253.9581     7.8633     0.7065     1.3912     0.5116     1.5603
  27     1.2638  6056.0384    -6.3951   255.7313    -0.1208   255.8438     6.9646     0.9460     1.2826     0.6899     1.5938
  28     1.2772  6090.2119   -61.4293   247.0808     0.4705   254.6552    10.8599     1.1295     2.0399     0.9419     2.3318
  29     1.2906  6065.7616   -86.8984   238.3050    -1.0349   253.6716     8.6020     0.8002     1.2814     0.7205     1.5108
  30     1.3040  6035.8567  -120.5243   223.9943    -0.0206   254.3843     7.2771     0.6793     1.1769     0.4019     1.3589
  31     1.3173  6030.3464  -148.4133   204.8260     0.5345   252.9635     6.6498     0.7556     1.1594     0.3908     1.3839
  32     1.3307  6025.8598  -173.6035   182.1343     0.9471   251.6405     7.3030     0.8176     1.0441     0.4286     1.3261
  33     1.3441  6021.1954  -194.9288   159.5546    -0.6059   251.9254     6.7816     0.8490     0.9501     0.3432     1.2741
  34     1.3575  6019.8803  -212.2106   134.3361     0.2222   251.1795     7.1639     0.9034     1.0139     0.3136     1.3580
  35     1.3708  6021.9216  -226.6769   107.9002     0.3129   251.0746     6.9735     1.0079     0.8730     0.3793     1.3334
  36     1.3842  6018.5318  -236.5914    75.8933     0.0670   248.4826     6.5189     1.0941     0.8129     0.3986     1.3631
  37     1.3976  6010.1237  -242.9549    47.7575     0.4976   247.6249     6.7086     1.0403     0.7781     0.3567     1.2991
  38     1.4110  6010.0427  -247.3922    18.5517     0.1203   248.1080     6.6029     1.0284     0.5786     0.3460     1.1800
  39     1.4243  6006.2599  -249.6167    -8.1065     0.0900   249.7679     6.9067     1.0982     0.6677     0.3799     1.2852
  40     1.4377  6002.6903  -247.0077   -34.0973     0.1892   249.3670     6.6390     1.1050     0.6563     0.3183     1.2852
  41     1.4511  5996.6292  -242.4495   -57.7261    -0.3855   249.2519     6.6492     0.9967     0.7044     0.3707     1.2205
  42     1.4645  5994.4258  -233.9505   -82.2039     0.2228   247.9933     6.4535     1.0438     0.5923     0.3522     1.2001
  43     1.4778  5990.3679  -223.1282  -102.6554    -0.7147   245.6345     6.7923     1.1057     0.6194     0.4000     1.2674
  44     1.4912  5980.9866  -211.9626  -122.9616     0.1716   245.0666     6.6158     1.0113     0.6628     0.3708     1.2091
  45     1.5046  5980.3486  -200.2276  -142.3728    -0.0251   245.7097     6.9051     1.0221     0.7300     0.3943     1.2560
  46     1.5180  5975.9769  -183.9336  -158.2928    -0.2084   242.6806     6.7350     0.9452     0.6394     0.3975     1.1412
  47     1.5313  5979.5518  -162.6725  -183.3210     0.7847   245.1553     8.9189     1.7905     1.2282     1.0450     2.1713
  48     1.5447  5974.0410  -147.7864  -193.1083     0.1444   243.2044     8.5102     1.2764     1.1868     1.0884     1.7429
  49     1.5581  5989.6669  -130.3349  -199.9745     1.0176   238.7173     8.3280     1.0437     0.9190     0.7015     1.3906
  50     1.5715  5971.8089  -114.2769  -212.0655     0.4798   240.9282     8.9092     1.2505     1.1307     0.7295     1.6859
  51     1.5848  5960.2547   -95.1043  -217.1361    -1.1802   237.0784     7.7957     1.0770     1.1354     0.7012     1.5650
  52     1.5982  5957.3317   -78.6908  -226.2463     0.4411   239.5643     7.6901     1.0141     1.0769     0.4729     1.4792
  53     1.6116  5932.4350   -58.5658  -229.7069     0.0823   237.0697     7.9025     0.9238     0.9272     0.4350     1.3088
  54     1.6250  5921.6332   -40.8618  -235.2201     0.1998   238.7619     8.0208     0.9635     1.0589     0.5453     1.4316
  55     1.6383  5917.8190   -27.0044  -231.9850    -0.2577   233.5742     8.1947     0.9668     0.9872     0.4143     1.3817
  56     1.6517  5907.8503   -10.3603  -223.5313    -0.1564   223.8050     7.8322     0.9913     1.0980     0.6591     1.4792
