# Source: J1733-1304_scan10
# Position: RA=-96.738709 deg, Dec=-13.080414 deg
# MS: 1697283077_sdp_l0_1024ch_J1733-1304_scan10.ms
# Scan: 10
# Start MJD: 60231.5265770112
# End MJD: 60231.5277802059
# Middle MJD: 60231.5271786086
# Duration: 0.0289 hours
# Columns: Channel Freq[GHz] I[mJy] Q[mJy] U[mJy] V[mJy] Plin[mJy] rms_I rms_Q rms_U rms_V rms_Plin
#
   0     0.9028  5923.8343    83.3913   170.8698     0.6407   190.2229    10.6319     0.8139     1.3206     0.9925     1.5512
   1     0.9162  5936.3871    24.2182   193.6063     0.2038   195.2016    10.4949     0.9429     1.3303     0.6896     1.6305
   2     0.9295  5958.0216   -38.7892   198.2857     0.7107   202.1379    10.4931     0.9745     1.1432     0.7888     1.5021
   3     0.9429  5988.5054  -142.7398   152.8076    -1.1022   209.1870    12.4541     2.1021     1.7855     1.5525     2.7580
   4     0.9563  5973.1355  -162.1962   115.9941     0.4159   199.4860     9.1906     1.1937     0.7398     0.5750     1.4044
   5     0.9697  5974.9541  -196.2845    53.0721    -0.0866   203.4099     8.8406     1.1581     0.7153     0.5515     1.3612
   6     0.9830  5977.3278  -203.4589   -17.3616    -0.2628   204.2792     9.0332     1.0635     0.8892     0.4606     1.3863
   7     0.9964  5985.0454  -192.2598   -81.1978     0.3027   208.7618     8.0052     0.9654     0.8374     0.5304     1.2780
   8     1.0098  5991.8242  -160.6498  -137.8256     0.1247   211.7358     7.8175     0.7980     1.0047     0.5086     1.2831
   9     1.0232  5998.8012  -117.0918  -180.8031     0.2186   215.4584     8.1278     0.6981     1.0315     0.5008     1.2456
  10     1.0365  6005.8899   -61.2955  -205.9812     0.5763   214.9576     7.3706     0.7291     1.1294     0.4804     1.3443
  11     1.0499  6010.2353    -7.0510  -213.6956     0.4439   213.8515     7.3572     0.7171     0.9833     0.5353     1.2170
  12     1.0633  6016.7451    48.4348  -210.0281    -0.3798   215.5854     7.5102     0.6699     0.9163     0.4808     1.1351
  13     1.0767  6025.5985   100.3835  -192.2102     0.2332   216.8737     7.3214     0.7805     0.9399     0.4468     1.2217
  14     1.0900  6020.3996   142.7782  -160.5701     0.8028   214.9086     6.9860     0.9558     0.9526     0.5591     1.3495
  15     1.1034  6031.5709   179.6847  -122.5927     0.3666   217.5564     6.9278     0.9033     0.7679     0.4270     1.1856
  16     1.1168  6036.2325   205.9569   -80.7807    -0.3168   221.2727     6.6956     0.8281     0.6930     0.4938     1.0798
  17     1.1302  6037.7927   219.3290   -34.5901     0.2699   222.0673     6.8847     0.8957     0.7631     0.4793     1.1767
  18     1.1435  6057.0073   225.7886    11.3630    -0.0464   226.1039     6.2410     0.9585     0.6978     0.5287     1.1856
  19     1.1569  6059.5531   219.9058    62.3038     0.0306   228.5999     6.1783     0.9018     0.6363     0.4751     1.1036
  20     1.1703  6073.6618   210.5069    94.4485    -0.8623   230.7585     6.4502     0.9563     0.8191     0.8265     1.2591
  21     1.1837  6072.3948   180.0744   149.7706     0.7777   234.2509     5.9377     0.8844     0.7594     0.6561     1.1657
  22     1.1970  6083.9682   158.1688   171.8245    -0.2449   233.5701     6.2618     0.9380     0.7765     0.6189     1.2177
  23     1.2104  6114.1210   111.3750   207.4979    -0.3568   235.5294     7.1942     0.9264     1.0727     0.7955     1.4173
  24     1.2238  6116.6472    89.6514   220.7454    -0.0854   238.2800     8.2932     0.8879     0.9633     0.8041     1.3101
  25     1.2372  6100.3885    50.5599   234.1394    -1.0365   239.5644     7.2617     0.7805     1.0146     0.6373     1.2801
  26     1.2505  6086.0229     8.9941   242.0587    -0.0156   242.2498     5.9859     0.7898     1.0112     0.5715     1.2831
  27     1.2639  6093.7295   -13.2914   241.8951    -0.1550   242.2818     6.1377     0.8479     1.0361     0.7354     1.3388
  28     1.2773  6133.6746   -68.8292   235.9961    -0.3627   245.8538     8.3854     0.9388     1.2598     0.8812     1.5711
  29     1.2907  6103.9720   -93.6709   224.9507     0.1477   243.6954     6.5174     0.6559     0.8400     0.5378     1.0657
  30     1.3040  6076.1399  -122.8863   207.6977    -0.3142   241.3469     5.3563     0.5967     0.7274     0.4069     0.9408
  31     1.3174  6072.3314  -151.5750   185.5580    -0.4176   239.6155     5.1271     0.6381     0.8017     0.4202     1.0246
  32     1.3308  6070.1218  -174.7508   164.2617     0.2629   239.8545     5.1608     0.6667     0.7511     0.3359     1.0044
  33     1.3442  6072.3758  -196.6899   141.8793    -0.4987   242.5420     5.2505     0.6371     0.7799     0.3281     1.0070
  34     1.3575  6069.2897  -214.5570   114.8478     0.1336   243.3855     5.2461     0.6704     0.7151     0.3881     0.9802
  35     1.3709  6067.6823  -227.7244    87.8329     0.9148   244.0996     5.0923     0.7575     0.6717     0.3947     1.0124
  36     1.3843  6070.0822  -237.0001    58.9375    -0.2820   244.2381     5.0706     0.7743     0.6290     0.3588     0.9976
  37     1.3977  6066.0686  -243.0276    31.8044    -0.0414   245.1218     4.8393     0.7927     0.6457     0.3740     1.0224
  38     1.4110  6063.6983  -246.0482     4.1485    -0.2255   246.1030     4.8916     0.8083     0.6278     0.3848     1.0234
  39     1.4244  6062.2902  -243.7238   -21.7681     0.3886   244.7119     5.0533     0.7297     0.5941     0.4693     0.9410
  40     1.4378  6059.8707  -241.8681   -48.9907     0.2386   246.8030     4.9640     0.7854     0.6190     0.3928     1.0000
  41     1.4512  6050.5776  -236.1086   -75.0023     0.2152   247.7509     5.1050     0.8999     0.4904     0.3842     1.0249
  42     1.4645  6049.9821  -229.0320   -98.4739     1.0753   249.3175     5.1761     0.8408     0.5130     0.3670     0.9849
  43     1.4779  6044.2920  -217.7751  -118.5938     0.5077   247.9878     5.0924     0.8055     0.5616     0.3709     0.9820
  44     1.4913  6042.1262  -205.4280  -141.3844    -0.3144   249.3966     5.2923     0.7768     0.5527     0.3832     0.9533
  45     1.5047  6038.2738  -189.2626  -159.6734    -0.6427   247.6361     5.3315     0.8203     0.5854     0.3837     1.0078
  46     1.5180  6035.7647  -176.9785  -175.4796    -0.4056   249.2428     5.4177     0.7862     0.5710     0.4391     0.9716
  47     1.5314  6062.1376  -159.3893  -188.5639     0.3890   246.9379     6.5970     1.0531     0.9618     0.6753     1.4262
  48     1.5448  6039.8960  -137.0008  -203.3531     1.2395   245.2434     6.9179     1.0079     1.3144     1.4357     1.6563
  49     1.5582  6051.6419  -123.6182  -219.5539    -0.2950   251.9855     6.1464     0.8474     0.7872     0.7298     1.1566
  50     1.5715  6024.4794  -105.7302  -227.1048    -1.8086   250.5274     6.2304     0.8673     0.9131     0.7529     1.2593
  51     1.5849  6018.5843   -89.7113  -234.3430    -0.0482   250.9541     5.9062     0.8587     0.8401     0.6400     1.2013
  52     1.5983  6012.0597   -68.2220  -239.4650    -0.4829   249.0378     5.6568     0.9766     1.0280     0.7385     1.4179
  53     1.6117  5986.7630   -50.9922  -242.0896    -0.0287   247.4181     5.2920     0.6529     0.7192     0.4244     0.9713
  54     1.6250  5982.0900   -33.0086  -244.0528     0.2231   246.2942     5.7807     0.7052     0.8659     0.6222     1.1168
  55     1.6384  5973.9437   -15.7005  -247.9619     0.2346   248.4696     5.4451     0.6043     0.7939     0.3952     0.9978
  56     1.6518  5966.3782    -4.4511  -251.4396    -0.4400   251.5014     5.0034     0.8447     0.8908     0.6945     1.2276
