# Source: J1733-1304_scan14
# Position: RA=-96.738709 deg, Dec=-13.080417 deg
# MS: 1696597476_sdp_l0_1k_1024ch_J1733-1304_scan14.ms
# Scan: 14
# Start MJD: 60223.6163507085
# End MJD: 60223.6176464567
# Middle MJD: 60223.6169985826
# Duration: 0.0311 hours
# Columns: Channel Freq[GHz] I[mJy] Q[mJy] U[mJy] V[mJy] Plin[mJy] rms_I rms_Q rms_U rms_V rms_Plin
#
   0     0.9028  5764.8363    49.5159   150.2426     0.6832   158.2845    13.2304     1.0856     1.5331     1.0319     1.8785
   1     0.9162  5775.0359    -9.3532   166.5449    -0.0153   166.8702    11.1775     1.0673     1.4230     0.6660     1.7788
   2     0.9295  5782.4035   -70.1802   169.4026    -0.2746   183.4257    10.6225     1.3547     1.1822     0.7420     1.7980
   3     0.9429  5823.5569  -165.1992   121.3656     1.0024   205.0693    10.6877     1.9829     1.3242     1.2890     2.3844
   4     0.9563  5803.2584  -183.8228    94.5997     0.4278   206.7728     9.9256     1.4294     0.8731     0.6417     1.6750
   5     0.9697  5810.7090  -208.8912    32.7526    -0.6309   211.4927     9.5910     1.3328     0.9085     0.5736     1.6130
   6     0.9830  5819.2844  -213.9860   -27.2844     0.5141   215.7476     8.6814     1.3402     0.8630     0.5963     1.5940
   7     0.9964  5827.9786  -199.6165   -88.9371    -0.0480   218.5671     8.8603     1.1991     1.0071     0.5305     1.5659
   8     1.0098  5843.9136  -166.3921  -144.4753    -0.2800   220.4001     8.4301     0.9382     1.1993     0.4669     1.5226
   9     1.0232  5850.7690  -128.4887  -182.6616     0.2339   223.3575     8.2291     0.6555     1.1828     0.5492     1.3523
  10     1.0365  5858.9454   -80.3048  -212.6872    -0.5675   227.3747     7.8005     0.7286     1.2688     0.5269     1.4631
  11     1.0499  5850.4982   -31.7467  -224.0057    -0.2510   226.2735     7.7187     0.6475     1.1769     0.4544     1.3432
  12     1.0633  5860.1127    17.1303  -221.0324    -0.0131   221.7264     7.6047     0.7457     1.1080     0.5120     1.3356
  13     1.0767  5866.9558    68.8493  -202.5155     0.3610   213.9281     7.4195     0.7359     1.1018     0.4599     1.3250
  14     1.0900  5881.9633   115.7572  -174.7258     0.1594   209.6339     7.4290     1.0170     0.9570     0.5900     1.3965
  15     1.1034  5894.9552   153.4685  -133.6473    -0.0568   203.5455     7.2693     1.1072     0.8821     0.4551     1.4156
  16     1.1168  5892.9186   180.1147   -92.6064     0.1112   202.5657     7.0134     1.1667     0.7600     0.4446     1.3925
  17     1.1302  5893.0430   193.8352   -48.0525    -0.0391   199.7362     7.0649     1.1110     0.6473     0.5309     1.2858
  18     1.1435  5914.8278   195.4224     0.3068    -0.2236   195.4614     7.4016     1.1740     0.8186     0.6428     1.4312
  19     1.1569  5918.4313   191.0500    45.3283    -0.3208   196.3855     7.3363     1.2507     0.6926     0.5106     1.4297
  20     1.1703  5921.4978   188.7228    75.7592     0.9192   203.4047     6.5586     1.1569     0.9323     0.7327     1.4858
  21     1.1837  5933.3019   142.7379   131.4613    -0.9156   194.0992     7.0670     1.1959     0.8904     0.7636     1.4910
  22     1.1970  5934.5107   132.3586   150.3288     0.6017   200.3417     8.5691     1.1395     0.9689     0.7058     1.4957
  23     1.2104  5946.0588    84.7910   188.2974     0.4385   206.5589     8.5359     0.9815     1.2117     1.0300     1.5594
  24     1.2238  5945.1256    51.8631   197.8787    -1.4049   204.6100     7.6693     0.8995     1.0336     0.8823     1.3702
  25     1.2372  5945.4126     7.7175   203.2894     0.2750   203.4609     7.4314     0.8541     1.0345     0.6277     1.3416
  26     1.2505  5937.3751   -17.4231   213.7643    -0.1312   214.5039     7.2152     0.9018     1.0311     0.6286     1.3698
  27     1.2639  5943.7623   -41.3939   215.2945     0.2649   219.2867     7.1366     0.9797     1.2367     0.8904     1.5778
  28     1.2773  5973.0878   -85.7928   207.9410    -0.0682   224.9772     9.1806     1.0665     1.5007     1.1482     1.8411
  29     1.2907  5949.1029  -116.2315   197.3140     0.5289   229.0287     7.3769     0.9152     1.0527     0.5900     1.3949
  30     1.3040  5933.6944  -146.1433   183.2434    -0.7309   234.4142     6.2219     0.7990     0.9722     0.4822     1.2584
  31     1.3174  5929.0924  -176.6764   164.5732     0.0798   241.4757     5.8624     0.7021     0.9550     0.3745     1.1853
  32     1.3308  5929.8844  -199.3729   142.7985    -0.1050   245.2625     6.1263     0.7153     0.9104     0.4123     1.1578
  33     1.3442  5926.1432  -218.9740   119.1781    -0.0936   249.3237     5.9900     0.7396     0.8919     0.4453     1.1586
  34     1.3575  5927.4573  -236.4630    91.2131    -0.9103   253.4682     5.8929     0.8061     0.8162     0.4634     1.1471
  35     1.3709  5926.7282  -248.9774    65.0622     0.2127   257.3522     5.8245     0.8583     0.7263     0.4010     1.1244
  36     1.3843  5926.7731  -256.7192    40.2133     0.4404   259.8678     6.0320     0.7880     0.7642     0.4421     1.0977
  37     1.3977  5926.5375  -259.3028    13.2936    -0.1053   259.6587     5.9016     0.8445     0.6756     0.4470     1.0815
  38     1.4110  5921.0634  -260.9008   -12.0445    -0.0173   261.1935     5.6113     0.8688     0.6447     0.3889     1.0819
  39     1.4244  5916.0748  -256.9833   -38.3257     0.0740   259.8467     6.0498     0.9071     0.7207     0.4185     1.1585
  40     1.4378  5914.7124  -250.7391   -63.2920     0.2753   258.6226     5.6778     0.8789     0.6908     0.4485     1.1179
  41     1.4512  5914.3763  -246.2923   -88.3461     0.0455   261.6737     5.6871     0.9705     0.6445     0.3521     1.1650
  42     1.4645  5910.6731  -241.1337  -110.9683    -0.0936   265.4597     5.8829     0.8988     0.6844     0.3493     1.1297
  43     1.4779  5904.9010  -230.9944  -134.6354     0.0223   267.3843     6.1881     0.9018     0.6745     0.4094     1.1262
  44     1.4913  5903.9302  -218.6657  -153.2508     0.0373   267.0397     6.0367     0.9272     0.6848     0.4113     1.1527
  45     1.5047  5896.7485  -206.1294  -171.2641    -0.1033   268.0121     5.7993     0.8408     0.7600     0.3440     1.1334
  46     1.5180  5896.6246  -192.7254  -185.1232     0.4597   267.2516     6.1278     0.9338     0.7526     0.4978     1.1994
  47     1.5314  5920.2161  -176.5491  -198.3375    -0.2096   265.5523     7.4635     0.9069     0.9015     0.6299     1.2787
  48     1.5448  5922.2536  -156.3642  -210.2112    -0.4872   262.0091     7.9136     1.1591     1.1448     0.9776     1.6292
  49     1.5582  5889.9126  -141.1367  -222.1367     0.7972   263.1952     7.5425     0.9581     1.0358     0.6765     1.4109
  50     1.5715  5880.4121  -122.0494  -227.4168     0.3487   258.1213     8.2900     1.0297     0.9886     0.7865     1.4274
  51     1.5849  5872.8757  -109.5252  -238.0026     0.4910   262.0147     8.2975     1.0430     1.0087     0.6991     1.4510
  52     1.5983  5858.3841   -89.5686  -238.7013     1.0934   254.9750     9.5159     1.0599     1.4457     0.7756     1.7926
  53     1.6117  5848.9771   -66.1180  -243.9317     0.4501   252.7429     7.4177     0.8918     1.0073     0.4602     1.3454
  54     1.6250  5840.3950   -47.0235  -246.6890    -0.1763   251.1468     6.5262     0.8215     1.0346     0.5785     1.3211
  55     1.6384  5838.7699   -30.1871  -245.3564    -0.3374   247.2232     7.4736     0.8390     1.0625     0.4863     1.3539
  56     1.6518  5832.6554   -19.9975  -247.0658    -0.1761   247.8924     6.8099     1.0394     1.1251     0.8008     1.5318
