# Source: J1733-1304_scan08
# Position: RA=-96.738711 deg, Dec=-13.080418 deg
# MS: 1695478381_sdp_l0_1024ch_J1733-1304_scan08.ms
# Scan: 08
# Start MJD: 60210.6267189831
# End MJD: 60210.6280147312
# Middle MJD: 60210.6273668572
# Duration: 0.0311 hours
# Columns: Channel Freq[GHz] I[mJy] Q[mJy] U[mJy] V[mJy] Plin[mJy] rms_I rms_Q rms_U rms_V rms_Plin
#
   0     0.9028  5629.8094    48.7409   185.1840     0.6678   191.6052    11.9863     1.1406     1.5154     1.0397     1.8967
   1     0.9162  5672.3313    -5.5769   190.7817     0.7466   190.9810    10.8635     1.0414     1.1099     0.6496     1.5220
   2     0.9295  5704.4282   -66.4120   179.5093    -0.9951   191.5117    10.5405     1.3053     1.1061     0.7887     1.7109
   3     0.9429  5833.9386  -154.0429   117.8572     0.0134   194.0397    15.8126     2.0894     1.9502     1.6962     2.8581
   4     0.9563  5757.2250  -175.1179    82.0796     0.0654   193.4592     9.4369     1.2621     0.8210     0.5846     1.5056
   5     0.9697  5753.4366  -190.7303    19.7557     0.8031   191.8085     8.8130     1.1037     0.6973     0.5708     1.3055
   6     0.9830  5770.0348  -187.3266   -43.2324     0.0279   192.2925     8.1147     0.9715     0.9083     0.5445     1.3300
   7     0.9964  5792.1515  -162.3047  -104.4947     0.0844   193.0951     7.8292     0.8521     0.9263     0.4679     1.2586
   8     1.0098  5800.0317  -127.5012  -149.9679     0.4861   196.8743     7.2562     0.7764     1.0118     0.5748     1.2753
   9     1.0232  5813.1194   -81.0525  -182.4052     0.0503   199.6376     7.3435     0.7341     1.0270     0.5109     1.2624
  10     1.0365  5826.7317   -27.6468  -199.4084    -0.6826   201.3541     7.0541     0.6991     1.0108     0.4874     1.2290
  11     1.0499  5834.1451    26.7128  -199.9069     0.0879   201.7143     6.8530     0.6407     0.8485     0.4764     1.0633
  12     1.0633  5840.2185    78.4711  -185.6527     0.0788   201.5828     6.4408     0.6659     0.8927     0.5196     1.1137
  13     1.0767  5861.6014   126.2905  -160.1759    -0.2852   204.0038     6.6818     0.7273     0.8318     0.4181     1.1049
  14     1.0900  5876.4381   163.6717  -128.4746     0.2132   208.0976     6.3191     0.7323     0.7924     0.4681     1.0790
  15     1.1034  5879.6535   194.2078   -84.4651     0.2762   211.8054     6.5473     0.8569     0.6554     0.4508     1.0788
  16     1.1168  5887.1846   211.0884   -44.9018    -0.2017   215.8308     6.1220     0.7360     0.6721     0.4229     0.9967
  17     1.1302  5896.8754   219.6383     3.1125    -0.5941   219.6812     6.0824     0.8264     0.6351     0.4089     1.0423
  18     1.1435  5912.5834   217.6936    46.3380    -0.2760   222.5970     6.1627     0.8535     0.7389     0.5124     1.1289
  19     1.1569  5933.0587   205.9663    88.5414    -0.2157   224.2062     5.6981     0.8463     0.6261     0.4306     1.0527
  20     1.1703  5944.3750   194.2956   116.7914    -0.1706   226.7242     6.0648     0.9058     0.8147     0.6100     1.2183
  21     1.1837  5947.4988   149.5617   161.3306    -1.1954   220.0039     6.0070     0.8581     0.8615     0.5921     1.2159
  22     1.1970  5960.0101   132.8422   182.9203     0.5732   226.0876     5.9318     0.8402     0.7753     0.4951     1.1432
  23     1.2104  5958.5981    86.6187   210.3675     0.5969   227.5235     6.3451     0.9496     0.9865     0.6817     1.3693
  24     1.2238  5952.0636    55.9243   206.7286    -1.2683   214.1776     5.2745     0.8540     0.8445     0.5260     1.2011
  25     1.2372  5972.7836    18.4574   216.2203     0.1506   217.0243     5.0556     0.5706     0.7062     0.4331     0.9079
  26     1.2505  5983.9163   -10.2981   229.9791     0.6315   230.2209     5.5595     0.6277     0.7790     0.4441     1.0004
  27     1.2639  5978.1723   -31.9693   229.7800    -0.7538   232.0132     5.7723     0.8061     0.8640     0.6637     1.1817
  28     1.2773  5998.1322   -79.8403   219.6709    -0.3579   233.7474     8.1369     0.8724     1.1573     0.6988     1.4493
  29     1.2907  5978.2071  -109.2732   206.1123     0.4733   233.3133     5.2595     0.6246     0.8486     0.5282     1.0537
  30     1.3040  5962.2931  -139.1099   186.8369    -0.1350   232.9502     4.7617     0.5367     0.6945     0.3934     0.8777
  31     1.3174  5962.9669  -165.9467   167.3669    -0.1696   235.7040     4.5006     0.5884     0.6952     0.3732     0.9108
  32     1.3308  5963.0198  -185.9061   143.7672    -0.2489   235.0261     4.4897     0.6031     0.6496     0.4227     0.8864
  33     1.3442  5960.8278  -203.1181   120.5423     0.1135   236.2059     4.6518     0.5582     0.7284     0.3732     0.9177
  34     1.3575  5965.7221  -215.7747    94.7517     0.1877   235.6738     4.5330     0.6225     0.6894     0.3320     0.9288
  35     1.3709  5962.6384  -226.4724    66.4975    -0.6360   236.0491     4.5104     0.6129     0.6753     0.3247     0.9120
  36     1.3843  5962.3241  -232.2414    39.8919     0.3374   235.6563     4.6927     0.7498     0.6870     0.3989     1.0170
  37     1.3977  5960.2609  -236.4954    13.4884     0.6459   236.8893     4.5801     0.6769     0.5500     0.3443     0.8722
  38     1.4110  5957.8004  -237.2378   -12.6633     0.2904   237.5918     4.6051     0.7404     0.5358     0.3610     0.9139
  39     1.4244  5954.5169  -235.2409   -38.0037     0.5256   238.3028     4.6388     0.7356     0.6185     0.3824     0.9610
  40     1.4378  5950.4824  -228.9933   -62.2462     0.1936   237.3125     4.9925     0.7327     0.5532     0.3490     0.9180
  41     1.4512  5952.3525  -221.4410   -86.1878    -0.3790   237.6343     4.8465     0.7403     0.5368     0.3289     0.9144
  42     1.4645  5947.5455  -211.2886  -108.3768     0.4313   237.4762     4.5046     0.7550     0.5437     0.4319     0.9304
  43     1.4779  5944.4933  -198.9912  -127.2306     0.0100   236.2037     5.0359     0.7813     0.5939     0.3607     0.9814
  44     1.4913  5939.1241  -186.4956  -146.2329     0.1314   237.0041     4.7709     0.7016     0.6181     0.3307     0.9350
  45     1.5047  5934.7186  -171.2763  -162.0373    -0.0537   235.7901     4.7894     0.6631     0.6214     0.3778     0.9088
  46     1.5180  5933.4865  -154.6702  -176.6038    -0.0697   234.7694     4.9911     0.7133     0.6100     0.4322     0.9386
  47     1.5314  5951.3125  -134.2166  -192.9947    -0.0063   235.0971     5.3585     0.9289     0.7868     0.5100     1.2173
  48     1.5448  5943.8567  -121.1492  -205.4303    -0.6031   238.5110     5.6129     0.9961     1.0774     0.7164     1.4673
  49     1.5582  5934.2670  -103.0288  -213.4945     1.0997   237.0733     5.7483     0.7251     0.9123     0.5069     1.1654
  50     1.5715  5920.9733   -91.2583  -222.3355    -0.2168   240.3705     5.4425     0.8624     0.9326     0.5861     1.2702
  51     1.5849  5917.8166   -75.6594  -227.2654     0.3275   239.5448     5.5438     0.6766     0.9507     0.5604     1.1669
  52     1.5983  5908.5884   -55.7450  -227.2394     0.3931   233.9967     6.0683     0.8155     0.9481     0.4987     1.2506
  53     1.6117  5895.6370   -37.5693  -230.1229     0.2359   233.1870     6.1316     0.7460     0.9116     0.4719     1.1779
  54     1.6250  5899.0483   -17.7823  -232.4221    -1.0813   233.1291     6.9740     0.9111     1.0975     0.7414     1.4264
  55     1.6384  5889.3809    -0.6491  -228.2627     0.7542   228.2845     6.1771     0.7453     0.9048     0.4821     1.1722
  56     1.6518  5882.1192    10.3365  -229.9858    -0.1468   230.2340     4.8405     0.8855     1.0385     0.8526     1.3647
