# Source: J1733-1304_scan14
# Position: RA=-96.738710 deg, Dec=-13.080415 deg
# MS: 1697283077_sdp_l0_1024ch_J1733-1304_scan14.ms
# Scan: 14
# Start MJD: 60231.5510111186
# End MJD: 60231.5523068667
# Middle MJD: 60231.5516589927
# Duration: 0.0311 hours
# Columns: Channel Freq[GHz] I[mJy] Q[mJy] U[mJy] V[mJy] Plin[mJy] rms_I rms_Q rms_U rms_V rms_Plin
#
   0     0.9028  5885.4332    87.0648   172.7874    -1.2722   193.6037     9.9447     1.0905     1.3457     1.1452     1.7321
   1     0.9162  5907.8312    25.1385   191.5164    -0.6610   193.3236    10.0046     0.9119     1.1431     0.7578     1.4623
   2     0.9295  5926.3816   -38.1153   195.3689    -0.6676   199.1834     9.1114     1.0133     1.1685     0.8034     1.5467
   3     0.9429  6028.5039  -141.0224   148.3236     2.4807   204.7295    13.6372     1.5346     1.7014     1.6677     2.2913
   4     0.9563  5958.3797  -162.8459   111.4455    -0.6664   197.4006     8.3868     1.1657     0.8283     0.6289     1.4300
   5     0.9697  5947.3448  -196.8572    50.8439     0.1524   203.3677     8.0521     1.1343     0.6671     0.6388     1.3159
   6     0.9830  5958.0545  -205.2684   -15.4067     0.3422   205.8990     7.5795     1.0401     0.7729     0.5383     1.2958
   7     0.9964  5973.7077  -191.3747   -82.2048     0.4573   208.3304     7.5834     0.9229     0.8686     0.4868     1.2674
   8     1.0098  5982.3179  -158.8402  -140.7004    -0.3333   212.2496     7.2773     0.7728     1.0613     0.4922     1.3129
   9     1.0232  5989.7585  -114.7155  -181.9719     0.6192   215.1498     7.7820     0.7615     0.9444     0.4675     1.2132
  10     1.0365  6001.6584   -59.2115  -207.8122    -0.3494   216.1346     7.3617     0.7102     1.0445     0.4952     1.2631
  11     1.0499  6006.7902    -5.9658  -215.7747     0.6198   215.8962     7.1085     0.7239     0.9794     0.4891     1.2179
  12     1.0633  6009.1429    50.6975  -211.6170    -0.9916   217.6395     6.9566     0.6122     1.0033     0.4354     1.1753
  13     1.0767  6011.4870   100.6736  -195.3040    -0.2087   219.7655     6.7228     0.7251     0.7460     0.4473     1.0403
  14     1.0900  6025.8393   141.5520  -164.1317     0.0871   216.7774     6.7624     0.9569     0.9245     0.6102     1.3306
  15     1.1034  6037.2362   181.5353  -125.2380    -0.4370   220.5788     6.7607     0.8145     0.7588     0.4743     1.1132
  16     1.1168  6043.3345   208.0610   -82.1592    -0.0653   223.7252     6.5729     0.8352     0.6372     0.4348     1.0505
  17     1.1302  6046.9394   222.3594   -35.9526    -0.3554   225.2728     6.9118     0.8476     0.6544     0.4770     1.0708
  18     1.1435  6065.0959   224.8267    15.7638    -0.1356   225.4031     6.4454     0.9675     0.6956     0.5603     1.1916
  19     1.1569  6063.3936   221.6900    59.0168    -0.3892   229.4271     6.1059     0.7862     0.6779     0.4919     1.0381
  20     1.1703  6082.8495   210.4314    96.6635    -1.1876   231.5898     7.0166     0.8555     0.8862     0.7768     1.2317
  21     1.1837  6085.4359   176.5756   147.4323    -0.6973   230.0565     6.5546     0.8248     0.8365     0.7533     1.1748
  22     1.1970  6088.6593   156.5972   171.8855    -1.2180   232.5466     6.7522     0.6999     0.9240     0.6511     1.1591
  23     1.2104  6105.7572   113.4962   206.9255    -0.6112   236.0611     7.7023     0.8558     1.0870     0.7379     1.3834
  24     1.2238  6093.0672    91.3535   212.3353    -0.1516   231.1767     7.3399     0.7308     1.0124     0.6732     1.2486
  25     1.2372  6080.8234    47.3955   227.6182     0.5494   232.5254     6.7928     0.7281     1.0467     0.4778     1.2750
  26     1.2505  6091.9499    10.0731   235.0637     0.1856   235.2989     6.1589     0.6073     0.9769     0.4590     1.1503
  27     1.2639  6099.8940   -12.7354   235.2856     0.1787   235.6527     6.1112     0.7549     0.9860     0.7833     1.2418
  28     1.2773  6145.0934   -66.1633   225.5600     0.6205   235.0916     8.5077     0.8608     1.1320     0.6240     1.4221
  29     1.2907  6109.0407   -96.2569   215.8278     0.2924   236.3408     6.4808     0.5999     0.8234     0.4570     1.0188
  30     1.3040  6079.2794  -125.4281   197.9440     0.1219   234.3524     5.6995     0.5317     0.8231     0.3763     0.9799
  31     1.3174  6080.5326  -153.0861   179.6616    -0.0170   236.0503     5.5539     0.6338     0.8245     0.3728     1.0399
  32     1.3308  6078.7783  -179.4844   157.6896    -0.0756   238.9314     5.5988     0.6709     0.7549     0.3822     1.0100
  33     1.3442  6078.5532  -198.5139   131.6169    -0.3667   238.1988     5.3891     0.6835     0.7144     0.4033     0.9887
  34     1.3575  6077.7669  -216.4407   105.2571     0.3878   240.6955     5.5386     0.7077     0.6843     0.3579     0.9844
  35     1.3709  6073.8511  -230.4110    79.2228    -0.3358   243.6642     5.3753     0.6677     0.6715     0.3825     0.9469
  36     1.3843  6072.9885  -238.6046    51.3569    -0.4331   244.0865     5.4430     0.7867     0.6676     0.3981     1.0318
  37     1.3977  6068.9335  -244.1939    24.0002     0.4548   245.3848     5.2931     0.7058     0.6025     0.3910     0.9280
  38     1.4110  6067.2669  -246.4431    -3.6554     0.2219   246.4867     5.3279     0.7843     0.6129     0.3124     0.9954
  39     1.4244  6061.4281  -245.8523   -28.9617     0.2122   247.5695     5.2514     0.7694     0.6569     0.4626     1.0117
  40     1.4378  6057.7302  -240.6660   -55.7378    -0.2542   247.0498     5.3532     0.7687     0.4890     0.3590     0.9111
  41     1.4512  6054.9207  -236.0593   -80.4151     0.2216   249.3959     5.1180     0.9076     0.5375     0.4046     1.0548
  42     1.4645  6048.3494  -225.7546  -104.6402     0.4439   248.8406     5.4309     0.7925     0.5382     0.3601     0.9580
  43     1.4779  6041.9211  -215.5425  -125.9436     0.1948   249.6549     5.0417     0.7785     0.5967     0.3737     0.9809
  44     1.4913  6036.8118  -204.0156  -145.5104     0.2662   250.6029     4.9593     0.6530     0.5686     0.4075     0.8659
  45     1.5047  6032.3668  -190.1371  -163.0525     0.0927   250.4964     4.8994     0.7729     0.5489     0.3968     0.9480
  46     1.5180  6025.4145  -174.7969  -179.1783     0.1420   250.3285     5.1583     0.7431     0.6849     0.4076     1.0106
  47     1.5314  6054.7304  -157.7810  -194.4105     1.2802   250.4056     6.2256     0.9198     0.9256     0.7292     1.3049
  48     1.5448  6041.3675  -139.6475  -212.9183     0.2607   254.6558     6.1986     1.0194     0.9027     0.8509     1.3617
  49     1.5582  6019.6900  -119.6880  -222.9251    -0.2199   253.0392     5.6030     0.7209     0.7886     0.6070     1.0684
  50     1.5715  6002.0146  -109.9034  -228.5377     0.3156   253.6166     6.0571     0.7973     0.8099     0.6267     1.1364
  51     1.5849  5991.7049   -87.5925  -238.2522     0.1328   253.8675     5.4992     0.7350     0.8455     0.5539     1.1204
  52     1.5983  5981.1873   -67.3362  -241.7462     0.7068   250.9718     6.1052     0.7524     0.9345     0.5385     1.1997
  53     1.6117  5964.2887   -50.9824  -246.8739     0.1833   252.0992     5.1753     0.6234     0.7707     0.4587     0.9913
  54     1.6250  5951.5109   -29.7184  -246.4907     0.1517   248.2893     4.4635     0.7410     0.9256     0.6619     1.1856
  55     1.6384  5950.1591   -18.2143  -250.4883    -0.1259   251.1638     4.9925     0.6158     0.8629     0.4342     1.0601
  56     1.6518  5938.5905    -6.5677  -255.5174     0.1225   255.6359     5.2036     0.8952     0.8669     0.8561     1.2462
