# Source: J1733-1304_scan10
# Position: RA=-96.738710 deg, Dec=-13.080416 deg
# MS: 1698492680_sdp_l0_1k_1024ch_J1733-1304_scan10.ms
# Scan: 10
# Start MJD: 60245.5265055429
# End MJD: 60245.5277087376
# Middle MJD: 60245.5271071403
# Duration: 0.0289 hours
# Columns: Channel Freq[GHz] I[mJy] Q[mJy] U[mJy] V[mJy] Plin[mJy] rms_I rms_Q rms_U rms_V rms_Plin
#
   0     0.9028  5772.6755    97.6411   190.9268    -0.5707   214.5051    10.6860     1.0072     1.4324     0.8927     1.7511
   1     0.9162  5808.5361    45.5238   210.3333    -1.3292   215.2642     9.8366     0.9215     1.3469     0.6811     1.6319
   2     0.9295  5828.6180   -18.6339   214.9038     0.7889   215.7801     9.4539     1.3450     1.1371     0.7675     1.7612
   3     0.9429  5955.3590  -126.9833   160.6512     0.1749   204.8672    17.1041     1.7429     1.7610     1.5791     2.4777
   4     0.9563  5868.9475  -158.5255   133.0956     0.5609   207.0566     8.5837     1.2316     0.8122     0.6065     1.4753
   5     0.9697  5849.4201  -189.6292    70.8888    -0.1222   202.5014     8.4721     1.3255     0.7274     0.5741     1.5120
   6     0.9830  5861.3896  -201.9499     3.6834    -0.2572   202.0368     8.1461     1.0418     0.6661     0.5329     1.2365
   7     0.9964  5878.4456  -192.9279   -62.1776     0.3532   202.7421     7.7496     0.9504     0.8200     0.5046     1.2553
   8     1.0098  5887.6767  -162.1144  -121.0690     0.1089   202.3781     7.6103     0.8356     0.9608     0.4264     1.2733
   9     1.0232  5901.8855  -117.7381  -162.8901    -0.5401   201.0157     7.3397     0.7037     1.0324     0.5060     1.2494
  10     1.0365  5912.4308   -65.4480  -191.5808     0.2504   202.4881     7.4379     0.5822     1.0526     0.4970     1.2029
  11     1.0499  5912.3096   -10.3508  -198.2446    -0.6931   198.5491     7.2448     0.6195     0.9758     0.4532     1.1559
  12     1.0633  5920.5194    46.4295  -191.6551     0.1018   197.2257     7.4340     0.7696     0.9679     0.3876     1.2365
  13     1.0767  5930.8791    98.5685  -176.0950    -0.0553   201.8374     7.0190     0.7871     0.9010     0.3974     1.1964
  14     1.0900  5940.6567   143.9221  -149.4885     0.6809   207.5366     6.2655     0.7365     0.7531     0.4381     1.0534
  15     1.1034  5951.0837   183.2467  -114.3174     0.2413   216.0002     7.1097     0.8611     0.6665     0.3869     1.0889
  16     1.1168  5953.9776   209.0466   -72.9843     0.0343   221.4405     6.4886     0.8913     0.7345     0.3940     1.1549
  17     1.1302  5966.8283   223.8267   -28.5870    -0.1747   225.6650     6.2777     0.9270     0.6332     0.4149     1.1226
  18     1.1435  5970.5644   226.3961    13.4560    -0.0846   226.8187     6.6453     0.8311     0.6137     0.4183     1.0331
  19     1.1569  5978.3530   222.0858    59.3869    -0.5295   229.9075     6.0486     0.8283     0.5236     0.4423     0.9800
  20     1.1703  5995.9478   213.7119    97.3288    -0.8561   234.8506     6.4416     0.8918     0.7135     0.6712     1.1421
  21     1.1837  6001.3242   183.7133   151.3575    -0.8913   238.0560     6.4547     0.8562     0.8529     0.5659     1.2085
  22     1.1970  6001.5483   158.6704   168.6906    -1.0748   231.5993     6.4482     0.8128     0.8091     0.4556     1.1469
  23     1.2104  6013.7281   119.6543   209.4332    -0.7046   241.2305     7.0061     0.8735     0.8134     0.6399     1.1936
  24     1.2238  6006.4979    93.3618   221.4836     0.0326   240.3752     5.6797     0.7420     0.8843     0.5379     1.1544
  25     1.2372  6005.8517    55.7690   236.2121    -0.1634   242.7193     5.7476     0.6432     0.9234     0.4274     1.1253
  26     1.2505  6019.1689    20.2430   250.9942    -0.3009   251.8241     6.0197     0.6058     0.9023     0.4662     1.0868
  27     1.2639  6010.7083    -1.3038   257.5005    -0.5798   257.5266     5.6840     0.6606     0.8863     0.5985     1.1054
  28     1.2773  6026.1483   -48.0287   267.0365    -1.2730   271.3407     7.1413     0.7680     0.9225     0.6255     1.2003
  29     1.2907  6018.1508   -84.2265   241.2582    -0.4393   255.5583     5.8001     0.6735     0.7961     0.4429     1.0428
  30     1.3040  5998.1856  -121.4369   217.4730     0.0665   249.1000     5.4039     0.5597     0.8118     0.3489     0.9860
  31     1.3174  6000.5279  -150.6241   196.3246     0.5090   247.4639     5.1161     0.6180     0.7887     0.3344     1.0020
  32     1.3308  6000.7215  -176.1890   174.0434     0.1420   247.6720     5.0614     0.6607     0.6916     0.3734     0.9565
  33     1.3442  5999.8221  -197.0418   148.8277    -0.3293   246.9474     4.8878     0.6212     0.6869     0.3761     0.9261
  34     1.3575  6001.3628  -215.1653   123.3537     0.0430   248.0315     5.0932     0.6479     0.6539     0.2911     0.9205
  35     1.3709  5995.5606  -228.8089    95.2154    -0.5195   247.8439     5.1987     0.7200     0.6691     0.3457     0.9829
  36     1.3843  5996.5010  -239.5101    68.9347    -0.0189   249.2477     5.3149     0.7152     0.6563     0.3348     0.9707
  37     1.3977  5993.1741  -245.1555    41.0673    -0.0956   248.5825     5.0207     0.7376     0.5765     0.3415     0.9361
  38     1.4110  5991.2329  -247.1301    14.4204     0.6977   247.5624     4.8543     0.7384     0.6104     0.3586     0.9580
  39     1.4244  5987.8626  -247.3831   -10.4272    -0.1143   247.6169     4.8334     0.7227     0.5345     0.3797     0.8989
  40     1.4378  5985.5876  -244.8244   -34.8159     0.0137   247.3034     4.8005     0.7640     0.5055     0.3095     0.9161
  41     1.4512  5981.9794  -239.1831   -58.8570     0.9925   246.3340     5.1389     0.7470     0.5307     0.3365     0.9163
  42     1.4645  5977.8233  -231.0634   -82.0005     0.4113   245.1966     4.9966     0.7115     0.5984     0.3305     0.9297
  43     1.4779  5972.8289  -220.6744  -100.4719    -0.1100   242.4824     5.0331     0.7391     0.5426     0.3383     0.9169
  44     1.4913  5966.5418  -207.7128  -124.2836    -0.1725   242.0720     5.0841     0.6937     0.5517     0.3515     0.8863
  45     1.5047  5964.1733  -194.6016  -143.1414     0.1613   241.5909     5.1325     0.7278     0.5402     0.3573     0.9063
  46     1.5180  5960.0105  -178.9030  -161.3186    -0.5767   240.9063     5.0965     0.7988     0.6245     0.3682     1.0139
  47     1.5314  5977.1876  -161.0205  -187.5105    -0.8121   247.1799     6.2654     0.9116     1.0584     0.8531     1.3969
  48     1.5448  5971.5567  -142.3584  -205.6849    -1.3595   250.1584     5.7883     0.9917     1.0309     0.7411     1.4304
  49     1.5582  5961.5755  -126.4085  -214.0905    -0.3821   248.6392     5.4407     0.8399     0.7660     0.5995     1.1367
  50     1.5715  5943.2864  -112.7258  -227.5548     0.5767   253.9591     5.6556     0.8102     0.8163     0.5338     1.1501
  51     1.5849  5936.6064   -97.0250  -234.4271    -0.0553   253.7299     5.7836     0.7236     0.8000     0.5373     1.0787
  52     1.5983  5937.8562   -74.8004  -236.8108    -0.3487   248.3609     5.8984     0.8128     0.8532     0.4618     1.1784
  53     1.6117  5919.0731   -57.1478  -234.3736    -0.9077   241.2601     6.1002     0.7733     0.9371     0.4166     1.2150
  54     1.6250  5916.8725   -31.9122  -234.2388     0.2328   236.4250     6.4214     0.9476     1.0690     0.7942     1.4285
  55     1.6384  5907.2943   -19.6837  -239.3544    -0.4386   240.1781     6.9134     0.8748     0.9331     0.4057     1.2790
  56     1.6518  5903.9865    -6.0450  -239.6459    -1.3233   239.7446     6.3133     1.0258     1.1518     0.9931     1.5424
