# Source: J1733-1304_scan12
# Position: RA=-96.738709 deg, Dec=-13.080416 deg
# MS: 1693837274_sdp_l0_1024ch_J1733-1304_scan12.ms
# Scan: 12
# Start MJD: 60191.6570254723
# End MJD: 60191.6583212204
# Middle MJD: 60191.6576733463
# Duration: 0.0311 hours
# Columns: Channel Freq[GHz] I[mJy] Q[mJy] U[mJy] V[mJy] Plin[mJy] rms_I rms_Q rms_U rms_V rms_Plin
#
   0     0.9028  5794.9400    -5.6646   192.2407    -0.4680   192.4094    10.5313     1.1023     1.4021     0.9301     1.7835
   1     0.9162  5823.6628   -58.4793   184.1203     0.5394   193.2354    10.2632     1.0917     1.1807     0.6787     1.6081
   2     0.9295  5845.1529  -116.6813   159.9828    -0.3145   198.0639    11.8293     1.2495     0.9151     0.7760     1.5488
   3     0.9429  5961.3714  -180.9588    85.4151     1.4853   200.1639    12.1404     2.1438     2.0422     1.9548     2.9609
   4     0.9563  5890.8777  -188.6646    42.4713     0.5404   193.4388     8.9222     1.2525     0.8417     0.5930     1.5091
   5     0.9697  5886.2324  -189.9675   -22.3899     0.4742   191.3335     8.5230     1.0184     0.8104     0.5339     1.3015
   6     0.9830  5914.4402  -172.8019   -81.2141     0.5759   190.9744     8.5452     0.9339     0.9839     0.5495     1.3565
   7     0.9964  5929.0686  -138.4288  -133.2483    -0.2547   192.1835     8.1445     0.8653     0.9905     0.5692     1.3152
   8     1.0098  5943.2545   -92.2988  -167.2343     0.3997   191.0499     8.2818     0.7923     1.0309     0.5811     1.3002
   9     1.0232  5953.8169   -41.5303  -187.3311    -0.2938   191.9169     7.7546     0.6890     1.0177     0.4833     1.2290
  10     1.0365  5969.7428    17.5144  -194.6502     0.3828   195.4658     7.8103     0.7391     1.1944     0.5480     1.4046
  11     1.0499  5975.2946    66.1032  -186.0037     0.1371   197.4294     7.2090     0.6787     0.9008     0.5277     1.1279
  12     1.0633  5991.3511   112.2916  -163.3473     0.4026   198.2479     6.8350     0.8760     0.8386     0.4392     1.2127
  13     1.0767  6005.7278   150.7179  -133.8357    -0.0314   201.5992     7.1198     0.8651     0.8339     0.4825     1.2015
  14     1.0900  6003.9506   179.5751   -99.0541     0.2612   205.1224     7.0846     1.0106     0.9143     0.5640     1.3628
  15     1.1034  6038.2519   201.4766   -51.6721    -0.2141   208.0244     6.6777     0.9158     0.7331     0.4918     1.1731
  16     1.1168  6037.3192   213.3874    -9.9544    -0.1323   213.6520     6.4913     0.9606     0.6655     0.4157     1.1686
  17     1.1302  6052.8722   213.3557    36.6921    -0.2472   216.5125     6.2334     1.0031     0.6843     0.4452     1.2142
  18     1.1435  6075.4833   204.7054    79.8973     0.0795   219.7720     6.8012     0.9837     0.7405     0.4906     1.2313
  19     1.1569  6073.8735   185.6435   119.3894     0.4997   220.7450     6.2011     0.9638     0.7494     0.4840     1.2209
  20     1.1703  6102.4575   172.6287   146.0707     1.2749   226.1670     7.3219     1.0329     0.9458     0.7776     1.4005
  21     1.1837  6112.0634   126.3963   190.3363    -0.4487   228.5033     7.0782     0.8633     0.9879     0.7565     1.3120
  22     1.1970  6118.6562   101.5365   203.6777    -1.0216   227.6069     6.5583     0.7517     0.9990     0.6132     1.2502
  23     1.2104  6123.4422    54.7402   225.1572    -0.6587   231.7465     6.7547     0.9384     1.2859     1.0799     1.5919
  24     1.2238  6107.5783    32.1720   230.3139     1.0242   232.5764     7.4552     0.7606     1.0475     0.6838     1.2944
  25     1.2372  6116.3731    -7.3789   233.6291    -0.1632   233.7675     6.2973     0.5553     0.9864     0.5634     1.1320
  26     1.2505  6134.6664   -43.0123   232.4932    -0.9828   236.4568     6.0944     0.6168     0.8931     0.4386     1.0854
  27     1.2639  6147.1176   -65.0364   227.8397    -0.2149   236.9727     6.0526     0.8062     1.0908     0.6935     1.3564
  28     1.2773  6195.7846  -110.4791   215.1662    -0.0601   241.8975     8.8529     0.9985     1.1933     0.8625     1.5559
  29     1.2907  6163.0421  -136.1331   197.5417    -0.2145   239.9365     6.2898     0.7854     0.8710     0.4495     1.1728
  30     1.3040  6139.7738  -159.3955   175.2461     0.4701   236.9099     5.7051     0.7561     0.8072     0.3443     1.1060
  31     1.3174  6139.7815  -183.6946   152.3784    -0.4376   238.6896     5.5901     0.7017     0.7479     0.3796     1.0255
  32     1.3308  6144.4640  -199.7643   126.0372    -0.6945   236.2216     5.4777     0.7432     0.7410     0.4008     1.0495
  33     1.3442  6144.1436  -214.4737   101.8272    -0.4235   237.4364     5.4182     0.7587     0.6510     0.3539     0.9997
  34     1.3575  6144.1884  -226.4066    76.3424    -0.1032   238.9512     5.1529     0.8096     0.6520     0.3733     1.0395
  35     1.3709  6141.9563  -232.8161    48.2839     0.3908   237.7875     5.3867     0.7641     0.5545     0.3834     0.9441
  36     1.3843  6147.1462  -236.5964    21.3945     0.0842   237.5774     5.2089     0.8126     0.5940     0.3145     1.0065
  37     1.3977  6144.1073  -236.5615    -5.1109     0.3259   236.6384     4.9506     0.8085     0.5612     0.3868     0.9842
  38     1.4110  6142.5700  -233.6493   -29.8764    -0.1772   235.5711     5.2060     0.8104     0.5432     0.3909     0.9756
  39     1.4244  6139.2436  -227.7056   -53.0190     0.3774   233.8161     4.8670     0.9521     0.5981     0.4166     1.1244
  40     1.4378  6141.3503  -219.2129   -79.0716     0.2291   233.0616     5.2288     0.8382     0.5734     0.3378     1.0156
  41     1.4512  6137.6371  -210.0813  -102.9702     0.3548   233.9757     4.8417     0.8346     0.6129     0.3697     1.0355
  42     1.4645  6132.5374  -196.1938  -121.6287    -0.3408   230.8578     5.1493     0.7820     0.4749     0.3449     0.9149
  43     1.4779  6130.8074  -183.6694  -141.0458    -0.6556   231.5937     5.5485     0.6781     0.5919     0.4025     0.9001
  44     1.4913  6126.5349  -168.1802  -157.6687    -0.4183   230.5512     5.1454     0.8112     0.5596     0.3730     0.9855
  45     1.5047  6119.9770  -154.2328  -171.8404    -0.0740   230.9225     5.1130     0.7085     0.5713     0.3933     0.9102
  46     1.5180  6119.6895  -136.9275  -185.1668    -1.0425   230.3266     5.5835     0.7308     0.6666     0.5440     0.9892
  47     1.5314  6115.6130  -111.5394  -201.2334     0.3544   230.1092     6.2766     0.9271     1.2344     0.9437     1.5437
  48     1.5448  6120.2450   -99.7257  -212.1640     0.1199   234.4508     5.7602     0.9595     1.0754     0.9291     1.4412
  49     1.5582  6115.7002   -80.3053  -216.1454     0.5523   230.6063     5.5149     0.7398     0.8718     0.6448     1.1433
  50     1.5715  6101.2750   -66.2938  -219.9850     0.2495   229.7892     6.3775     0.8656     1.0084     0.7527     1.3289
  51     1.5849  6093.2331   -46.6158  -224.4191     2.0913   229.2449     5.7701     0.9208     1.1622     0.6031     1.4828
  52     1.5983  6087.3666   -30.5655  -227.5801    -0.0453   229.6420     5.1388     0.6166     0.8506     0.5265     1.0506
  53     1.6117  6068.4485   -13.3458  -229.3709     0.0441   229.7788     4.9726     0.6081     0.8633     0.4167     1.0560
  54     1.6250  6059.7463     3.0403  -229.1881    -0.4844   229.2365     5.0717     0.6910     0.9843     0.5896     1.2026
  55     1.6384  6049.7575    17.5203  -229.3161     0.1815   230.0034     5.4042     0.6089     0.9340     0.4356     1.1150
  56     1.6518  6044.7750    29.1820  -229.5712    -0.2980   231.4449     5.0832     0.8325     0.9697     0.7913     1.2781
