# Source: J1733-1304_scan08
# Position: RA=-96.738710 deg, Dec=-13.080416 deg
# MS: 1698492680_sdp_l0_1k_1024ch_J1733-1304_scan08.ms
# Scan: 08
# Start MJD: 60245.5142884892
# End MJD: 60245.5155842374
# Middle MJD: 60245.5149363633
# Duration: 0.0311 hours
# Columns: Channel Freq[GHz] I[mJy] Q[mJy] U[mJy] V[mJy] Plin[mJy] rms_I rms_Q rms_U rms_V rms_Plin
#
   0     0.9028  5861.9747    92.1046   187.0894    -1.0117   208.6330    12.9937     1.2728     1.3092     0.9190     1.8260
   1     0.9162  5876.3080    36.3207   209.6576    -0.0771   212.8488    10.6088     0.9366     1.3117     0.7363     1.6117
   2     0.9295  5891.2573   -30.9422   216.6343    -0.7374   218.9140    10.4053     1.0967     1.2688     0.8744     1.6771
   3     0.9429  5977.6425  -135.0463   164.8266     0.6603   213.1927    12.0731     1.7947     1.8553     1.7731     2.5813
   4     0.9563  5910.1248  -161.2164   135.0497     0.5201   210.3609     8.9275     1.0719     0.7092     0.6199     1.2853
   5     0.9697  5895.3285  -194.5784    71.9693     0.1612   207.5111     8.1337     1.0436     0.7601     0.5551     1.2910
   6     0.9830  5903.3418  -205.2989     3.8607     0.1892   205.3857     7.4945     0.9993     0.6889     0.5697     1.2137
   7     0.9964  5919.8589  -196.2115   -64.5791    -0.2281   206.6113     7.5275     0.8704     0.7887     0.5002     1.1746
   8     1.0098  5931.1590  -163.6741  -120.0245     0.4670   203.0038     6.7730     0.7924     0.8516     0.5142     1.1632
   9     1.0232  5937.9864  -121.0007  -164.1517     0.1053   203.9675     7.0579     0.6614     1.0023     0.4960     1.2008
  10     1.0365  5943.2836   -68.0827  -194.4769    -0.6021   206.0795     6.5501     0.6193     0.9241     0.4836     1.1124
  11     1.0499  5944.0775   -11.6201  -205.7510     0.2888   206.1059     6.6787     0.6152     0.7958     0.4901     1.0059
  12     1.0633  5955.9350    42.2746  -202.4923    -0.3759   206.8907     6.7937     0.6209     0.9100     0.4390     1.1017
  13     1.0767  5965.3969    94.9600  -188.6642     0.6464   211.2419     6.3748     0.7516     0.8390     0.4163     1.1264
  14     1.0900  5971.8523   141.1818  -157.7871     0.1073   211.7575     6.3787     0.8187     0.7817     0.4302     1.1320
  15     1.1034  5972.3988   180.2464  -119.0994     0.7186   216.0574     6.0604     0.8996     0.7637     0.3956     1.1801
  16     1.1168  5976.7108   206.4986   -76.2731     0.5258   220.1529     6.0631     0.8576     0.6033     0.3858     1.0485
  17     1.1302  5984.7779   222.9869   -29.8003    -0.5633   224.9995     6.1568     0.8311     0.6532     0.4213     1.0570
  18     1.1435  6000.7281   227.0204    12.6927    -0.4221   227.4023     5.9915     0.8946     0.5735     0.4789     1.0626
  19     1.1569  5998.7841   223.5198    60.1564    -0.2462   231.4962     5.7084     0.9084     0.6784     0.4214     1.1338
  20     1.1703  6017.6196   213.8421    99.2072    -0.1222   235.7510     5.3899     0.9575     0.8562     0.5949     1.2845
  21     1.1837  6020.8282   183.7137   154.0070    -0.3051   239.7462     6.2053     0.8396     0.7694     0.6082     1.1388
  22     1.1970  6019.3162   160.3012   171.9183    -0.5865   235.0764     5.7570     0.8130     0.8320     0.4192     1.1633
  23     1.2104  6031.1155   118.0609   211.9852    -0.8178   242.6637     6.2064     0.7866     0.8541     0.6054     1.1611
  24     1.2238  6013.5846    92.8826   222.1343     0.5341   240.7986     6.1253     0.7605     0.8222     0.5386     1.1200
  25     1.2372  6018.8417    50.4423   236.3074    -0.4947   241.6465     6.1701     0.6417     0.8720     0.5556     1.0826
  26     1.2505  6034.5969    12.5876   247.9628    -0.3341   248.2986     5.9871     0.6291     0.8446     0.4216     1.0531
  27     1.2639  6027.8187   -10.4523   254.0167    -0.0367   254.2624     5.1026     0.7875     0.9444     0.6036     1.2297
  28     1.2773  6062.5739   -60.9215   260.5845    -0.2201   267.6280     6.5776     0.7823     1.0204     0.6177     1.2857
  29     1.2907  6039.3295   -92.1143   238.4125     1.0550   255.6076     5.2332     0.6280     0.8448     0.4273     1.0526
  30     1.3040  6012.9795  -123.7912   210.8963    -0.0719   244.5588     5.3230     0.5719     0.8060     0.3684     0.9883
  31     1.3174  6015.7356  -152.1878   190.8463     0.4490   244.1272     5.1203     0.5935     0.7614     0.3580     0.9654
  32     1.3308  6016.0027  -178.4908   168.5009     0.4796   245.4785     5.1832     0.5928     0.6537     0.3479     0.8825
  33     1.3442  6013.9604  -198.8874   142.8887     0.3246   244.9147     4.8052     0.6437     0.7037     0.4123     0.9537
  34     1.3575  6016.0213  -215.9931   115.9061    -0.0061   245.1422     5.1424     0.7229     0.6624     0.3330     0.9804
  35     1.3709  6008.0547  -229.5326    89.7223    -0.1597   246.4679     4.8995     0.5729     0.6926     0.3585     0.8988
  36     1.3843  6007.8821  -240.1019    62.0586     0.3831   248.0087     4.9844     0.7238     0.6025     0.3791     0.9417
  37     1.3977  6006.7601  -246.3845    35.8538    -0.3347   248.9980     5.0752     0.6824     0.5384     0.3499     0.8692
  38     1.4110  6004.2367  -250.2100     8.2910    -0.3928   250.3636     4.9477     0.7388     0.5120     0.3395     0.8989
  39     1.4244  6001.5826  -249.3195   -16.7703     0.1060   249.9014     4.8869     0.7593     0.6334     0.4422     0.9888
  40     1.4378  5999.1722  -247.5662   -43.8860    -0.0165   251.4499     5.2214     0.7342     0.5515     0.3718     0.9183
  41     1.4512  5993.4702  -242.7670   -66.9197     0.4388   251.8367     5.0153     0.7609     0.5823     0.3583     0.9581
  42     1.4645  5994.5111  -234.8151   -89.9374     0.1343   251.4662     5.1696     0.7996     0.5828     0.4093     0.9894
  43     1.4779  5987.6199  -223.1734  -111.8210    -0.2631   249.6388     5.3149     0.7592     0.6180     0.3739     0.9790
  44     1.4913  5984.1685  -212.3231  -131.6884     0.4572   249.8664     5.5118     0.8528     0.5677     0.3427     1.0245
