# Source: J1733-1304_scan12
# Position: RA=-96.738711 deg, Dec=-13.080417 deg
# MS: 1695478381_sdp_l0_1024ch_J1733-1304_scan12.ms
# Scan: 12
# Start MJD: 60210.6516158576
# End MJD: 60210.6528190523
# Middle MJD: 60210.6522174549
# Duration: 0.0289 hours
# Columns: Channel Freq[GHz] I[mJy] Q[mJy] U[mJy] V[mJy] Plin[mJy] rms_I rms_Q rms_U rms_V rms_Plin
#
   0     0.9028  5653.1768    35.6095   168.2809    -0.1324   172.0913    11.4025     1.0166     1.2704     0.9722     1.6271
   1     0.9162  5681.9396   -24.0072   173.3699    -0.4340   175.0998     9.7735     0.9360     0.9996     0.7100     1.3694
   2     0.9295  5708.4394   -85.4016   162.0043    -0.5846   183.2237     9.2813     1.1435     0.9899     0.6942     1.5124
   3     0.9429  5870.3380  -164.1636   105.5865    -1.2262   195.2338    13.6515     1.7791     1.6571     1.7311     2.4313
   4     0.9563  5764.8559  -184.3391    67.2608     0.1645   196.2869     8.2619     1.0596     0.8224     0.6938     1.3413
   5     0.9697  5767.5381  -200.5357     6.7799     0.0228   200.6995     8.3090     1.1076     0.6364     0.4611     1.2774
   6     0.9830  5782.1598  -193.9869   -53.8398    -0.7163   201.3756     7.6824     0.8988     0.8287     0.4645     1.2225
   7     0.9964  5798.7657  -171.2079  -111.9429     0.0582   204.5988     7.6878     0.8123     0.7917     0.4883     1.1343
   8     1.0098  5818.4924  -133.4145  -156.5820     0.1914   205.7576     7.2712     0.6439     0.8374     0.5655     1.0563
   9     1.0232  5834.9776   -86.3959  -188.7891     0.0005   207.6470     7.4272     0.7209     0.9930     0.4985     1.2271
  10     1.0365  5843.3256   -36.6751  -207.4493    -0.1037   210.6994     7.0087     0.5897     0.8318     0.4717     1.0196
  11     1.0499  5844.2645    12.7058  -210.9067     0.5100   211.3127     6.6174     0.5911     0.8881     0.4754     1.0668
  12     1.0633  5856.9989    64.3581  -199.6087     0.1358   209.7547     6.6009     0.6571     0.8492     0.4422     1.0737
  13     1.0767  5871.4414   110.4211  -175.4097     0.6381   207.2942     6.7571     0.7071     0.7955     0.4323     1.0643
  14     1.0900  5892.3073   149.3977  -143.2319    -0.4005   206.9904     6.0532     0.8097     0.7356     0.5015     1.0940
  15     1.1034  5904.0442   180.4106   -99.2234    -0.2153   205.9186     6.2456     0.7396     0.7374     0.4111     1.0444
  16     1.1168  5900.1570   198.5605   -55.9770    -0.4286   206.3193     6.3233     0.7612     0.5674     0.3594     0.9494
  17     1.1302  5913.5232   206.0829   -10.3464     0.3043   206.3575     6.3726     0.8719     0.6754     0.4464     1.1029
  18     1.1435  5932.3106   204.6364    34.1407    -0.6428   207.4846     6.0533     0.7911     0.6731     0.4621     1.0387
  19     1.1569  5941.3276   192.5194    76.5448     0.2427   207.1911     6.2558     0.8110     0.5555     0.4618     0.9830
  20     1.1703  5948.0147   182.8264   102.0058     0.5695   209.3745     5.7745     0.9379     0.6838     0.7707     1.1607
  21     1.1837  5955.3366   139.0975   155.8648    -0.7143   208.9251     5.9434     0.9774     0.7564     0.5818     1.2359
  22     1.1970  5971.9276   122.0399   174.2413    -0.0934   212.7572     6.8048     0.8054     0.8153     0.5613     1.1460
  23     1.2104  5977.0103    81.3323   200.3704    -0.3688   216.2865     6.6807     1.0583     0.9880     0.7067     1.4478
  24     1.2238  5975.2860    40.4136   210.4430    -0.1098   214.3493     6.1133     0.9196     0.8272     0.5448     1.2369
  25     1.2372  5987.1755    -4.7782   216.8132     0.4246   216.8823     5.7891     0.7072     0.8415     0.5264     1.0992
  26     1.2505  5986.4030   -27.5476   219.8641    -1.2034   221.5988     5.8383     0.7198     0.7858     0.6029     1.0656
  27     1.2639  5977.0951   -54.1355   212.1565     0.4220   218.9724     5.2628     0.8245     0.8923     0.6953     1.2149
  28     1.2773  6011.7431  -101.4878   205.8122    -0.1287   229.4859     7.2675     0.8656     1.0989     0.7654     1.3989
  29     1.2907  5982.1601  -129.3884   196.0865    -0.1492   234.9419     5.5588     0.6520     0.7073     0.4003     0.9620
  30     1.3040  5966.4102  -157.5756   178.9934     0.4388   238.4859     4.8753     0.6361     0.6768     0.3291     0.9288
  31     1.3174  5963.1858  -181.8749   158.2966     0.3389   241.1243     4.8402     0.5729     0.6186     0.4163     0.8431
  32     1.3308  5963.6841  -199.5837   135.1975    -0.0929   241.0784     5.1010     0.6077     0.6250     0.3583     0.8717
  33     1.3442  5961.5397  -215.5899   109.5435    -0.1161   241.8359     4.7691     0.6596     0.5833     0.3348     0.8805
  34     1.3575  5961.9341  -229.2482    83.4504     0.0755   243.9757     4.7982     0.6125     0.5554     0.3480     0.8268
  35     1.3709  5959.6038  -239.0203    56.5492     0.0442   245.6298     4.6391     0.6197     0.5733     0.3534     0.8442
  36     1.3843  5960.1717  -242.9802    31.7345    -0.3976   245.0564     4.8450     0.6492     0.7053     0.3881     0.9586
  37     1.3977  5956.1152  -247.2998     4.2141     0.1774   247.3458     4.7937     0.6907     0.5743     0.3621     0.8983
  38     1.4110  5951.9300  -247.7881   -22.1587     0.2247   248.7875     4.6240     0.6420     0.5773     0.3217     0.8634
  39     1.4244  5945.5628  -243.4471   -46.3761    -0.0963   247.8341     4.7511     0.6285     0.5989     0.4202     0.8682
  40     1.4378  5943.5945  -236.9307   -69.1310     0.1936   246.8186     4.6420     0.7207     0.5512     0.3538     0.9073
  41     1.4512  5941.2608  -229.9421   -92.1295    -0.3374   247.7248     4.6324     0.6614     0.5569     0.4044     0.8646
  42     1.4645  5936.3589  -223.3961  -114.5780     0.1268   251.0753     4.9105     0.6749     0.5762     0.3325     0.8874
  43     1.4779  5932.2577  -212.6187  -133.9996     0.0293   251.3323     4.8168     0.6692     0.5851     0.3445     0.8889
  44     1.4913  5927.1221  -199.4150  -153.8011     0.1500   251.8539     4.8479     0.6977     0.6763     0.3367     0.9717
  45     1.5047  5921.3209  -186.9566  -169.9309     0.3411   252.6543     4.8726     0.6552     0.7365     0.3574     0.9858
  46     1.5180  5919.8990  -170.0774  -184.2135    -0.5260   250.7342     5.1929     0.6749     0.6008     0.3866     0.9036
  47     1.5314  5935.7767  -155.0291  -194.4973    -0.6291   248.7545     5.0654     0.7493     0.9194     0.6710     1.1861
  48     1.5448  5924.9125  -139.0869  -209.0845    -1.6221   251.1441     6.4176     0.9427     1.0143     0.8485     1.3847
  49     1.5582  5911.5443  -117.0878  -216.0043     0.3466   245.7137     6.2677     0.7924     0.8943     0.6189     1.1949
  50     1.5715  5903.5783  -104.7817  -226.0736    -0.3880   249.2053     6.8128     0.9479     1.0618     0.6045     1.4233
  51     1.5849  5897.6483   -88.6777  -229.7178    -0.0891   246.2550     6.3610     0.8083     0.9508     0.5918     1.2479
  52     1.5983  5892.6868   -63.5325  -235.9301    -0.0526   244.3526     6.4844     0.8734     0.9397     0.4262     1.2829
  53     1.6117  5875.1202   -47.2181  -240.1140     0.1952   244.7223     6.5397     0.7848     0.8204     0.5138     1.1353
  54     1.6250  5875.4244   -32.3449  -238.7755     0.3023   240.9804     6.2357     0.9579     1.0410     0.7739     1.4146
  55     1.6384  5868.6600   -10.8889  -240.8182     0.5210   241.0795     6.6146     0.8064     0.9056     0.4082     1.2126
  56     1.6518  5869.9961    -0.5813  -244.0099    -0.6529   244.0274     6.0926     1.0223     0.9953     0.8407     1.4268
