# Source: J1733-1304_scan12
# Position: RA=-96.738709 deg, Dec=-13.080418 deg
# MS: 1696597476_sdp_l0_1k_1024ch_J1733-1304_scan12.ms
# Scan: 12
# Start MJD: 60223.6040411014
# End MJD: 60223.6052442961
# Middle MJD: 60223.6046426987
# Duration: 0.0289 hours
# Columns: Channel Freq[GHz] I[mJy] Q[mJy] U[mJy] V[mJy] Plin[mJy] rms_I rms_Q rms_U rms_V rms_Plin
#
   0     0.9028  5785.8052    54.1857   142.8003     0.3922   152.8333    12.9991     1.2155     1.5918     0.9139     2.0028
   1     0.9162  5796.1912    -1.1798   157.3847     0.4122   157.4702    13.2213     1.0953     1.5070     0.6666     1.8629
   2     0.9295  5818.4953   -61.8318   159.0199    -0.0987   170.6855    12.6935     1.2032     1.4077     0.8079     1.8518
   3     0.9429  5865.0327  -155.7654   122.8119    -0.9380   198.4598    11.5106     1.9001     1.5409     1.3500     2.4464
   4     0.9563  5827.0574  -179.2194    85.7944    -1.1581   198.7520    10.1431     1.4627     0.9010     0.5863     1.7179
   5     0.9697  5835.1750  -206.3700    27.7807     1.1711   208.2695    10.5816     1.5204     0.8255     0.5951     1.7300
   6     0.9830  5839.3774  -211.1847   -34.5054     0.6005   214.0325     9.6402     1.2791     0.9568     0.5516     1.5974
   7     0.9964  5853.7722  -196.9355   -97.7154     0.0655   219.8860     9.1174     1.1794     0.9929     0.4925     1.5417
   8     1.0098  5864.0637  -166.7771  -152.0283     0.0842   225.7148     8.6390     0.9944     1.1886     0.6510     1.5497
   9     1.0232  5866.6759  -126.7862  -191.2186    -0.8595   229.4641     8.3216     0.9125     1.1842     0.5014     1.4950
  10     1.0365  5875.6213   -76.6947  -224.8834    -0.5594   237.6384     7.5626     0.7044     1.2469     0.4922     1.4321
  11     1.0499  5869.9813   -28.5790  -236.6789     0.5515   238.4355     7.9452     0.6937     1.3101     0.5199     1.4825
  12     1.0633  5881.5360    24.8479  -236.5300     0.1569   237.8636     7.9539     0.6794     1.3021     0.4656     1.4687
  13     1.0767  5885.1995    76.2125  -215.1028     0.6281   228.2385     7.0776     0.8880     1.0751     0.4244     1.3944
  14     1.0900  5889.2269   121.7877  -182.2461    -0.2002   219.2260     7.0303     0.9561     1.1713     0.5601     1.5120
  15     1.1034  5909.6661   161.0486  -144.2262     0.7032   216.2209     7.2193     1.0524     0.8589     0.4270     1.3584
  16     1.1168  5908.0515   187.0386  -101.0065    -0.3895   212.5993     7.2593     1.2220     0.7158     0.4794     1.4162
  17     1.1302  5908.4792   201.0621   -53.8139    -0.1586   208.1771     7.0905     1.3397     0.6873     0.4772     1.5057
  18     1.1435  5931.3521   204.8925    -5.7584    -0.4090   205.0118     7.2240     1.1466     0.8628     0.5395     1.4350
  19     1.1569  5924.8514   198.7481    39.2011    -0.5319   202.6091     6.5451     1.1952     0.5965     0.5682     1.3358
  20     1.1703  5947.5183   190.0292    68.1121     0.6912   201.9053     7.2161     0.9948     0.8712     0.7357     1.3224
  21     1.1837  5942.9245   153.0628   126.0208    -0.1998   198.3123     6.8063     1.2171     0.9123     0.7927     1.5210
  22     1.1970  5940.3868   140.8785   148.9435     0.1178   205.0545     6.9994     1.1071     0.9986     0.6086     1.4909
  23     1.2104  5973.4206    96.5041   181.4276     1.1726   205.5520     8.6429     1.3197     1.0379     1.0194     1.6789
  24     1.2238  5951.1271    54.1724   183.2770    -1.8307   191.1473     6.6179     0.8307     1.1918     0.6481     1.4528
  25     1.2372  5957.1609    20.3050   192.3977    -0.0923   193.4972     6.6443     0.8135     1.0421     0.6449     1.3220
  26     1.2505  5955.2069    -6.7642   206.5041     0.2512   206.6434     5.9700     0.7912     1.0238     0.6263     1.2939
  27     1.2639  5962.0671   -31.3729   206.6831     1.5507   209.1001     6.4883     0.8387     1.1010     0.6787     1.3841
  28     1.2773  5985.7931   -77.1150   204.7134     0.6417   218.7971     8.3104     1.0745     1.2842     0.8635     1.6744
  29     1.2907  5957.2430  -109.2474   194.8038    -0.0461   223.3924     6.7306     0.7052     0.9481     0.5357     1.1816
  30     1.3040  5942.3380  -139.0034   179.5194     0.0711   227.0785     6.3922     0.7035     1.0696     0.3818     1.2802
  31     1.3174  5939.9261  -167.9897   158.0163    -0.4929   230.6552     5.8878     0.7526     0.9565     0.3521     1.2171
  32     1.3308  5934.9957  -190.5829   135.7406    -0.5939   234.0045     6.0085     0.7456     0.8997     0.4197     1.1685
  33     1.3442  5935.9417  -210.6925   114.2422    -0.3681   239.6936     6.1403     0.7958     0.8780     0.3957     1.1850
  34     1.3575  5939.0974  -226.6165    85.1145     0.6338   242.0930     5.8828     0.8128     0.8198     0.3725     1.1545
  35     1.3709  5938.1719  -240.1134    57.5339     0.0093   246.9319     5.9937     0.8701     0.7597     0.3593     1.1551
  36     1.3843  5934.8679  -248.6895    33.5512     0.3445   250.9663     5.7628     0.9096     0.7877     0.3697     1.2033
  37     1.3977  5930.2354  -252.1246     7.5147     0.0497   252.2596     5.7852     0.8797     0.6394     0.3283     1.0875
  38     1.4110  5927.7234  -253.0226   -17.7648     0.2099   253.6667     5.7070     0.9216     0.6802     0.3555     1.1454
  39     1.4244  5925.1885  -249.6983   -42.4408     0.3997   253.2950     6.1004     0.9350     0.6604     0.4460     1.1447
  40     1.4378  5925.3883  -244.5239   -66.2499     0.6957   253.3618     6.1017     1.0432     0.6535     0.4007     1.2309
  41     1.4512  5920.4717  -240.0787   -94.2175     0.4149   257.9231     6.0723     0.8601     0.5975     0.4065     1.0473
  42     1.4645  5918.9615  -232.3165  -119.8065    -0.1527   261.4064     5.9915     1.0021     0.6913     0.3815     1.2174
  43     1.4779  5915.0691  -220.6326  -141.8322     0.2632   262.3075     6.1240     0.9666     0.6768     0.3607     1.1800
  44     1.4913  5910.3079  -209.5405  -162.0150     0.2671   264.8838     6.0325     0.9831     0.7318     0.3760     1.2256
  45     1.5047  5904.8305  -196.5080  -179.2353     0.2460   265.9836     6.1473     0.8828     0.7885     0.4321     1.1837
  46     1.5180  5899.5914  -183.9281  -193.7093     0.2785   267.1356     6.2538     0.8325     0.7588     0.4026     1.1264
  47     1.5314  5921.9341  -169.1458  -213.9071    -0.3827   272.7283     7.9480     1.1409     1.1434     0.6795     1.6153
  48     1.5448  5925.3149  -153.4794  -218.1244    -1.4614   266.7358     8.0616     1.1943     1.1272     0.7885     1.6422
  49     1.5582  5897.2602  -136.1018  -227.6072    -1.4305   265.2105     7.2560     0.9598     0.9866     0.6278     1.3765
  50     1.5715  5893.5628  -119.2408  -235.0350    -1.0472   263.5761     7.8431     1.1376     1.1458     0.7354     1.6147
  51     1.5849  5888.5055  -106.2552  -243.1811    -0.4882   265.4046     7.4918     0.9978     1.1428     0.6682     1.5170
  52     1.5983  5881.0830   -84.6213  -242.8216    -1.5881   257.1640     7.7396     0.9460     1.1241     0.7637     1.4692
  53     1.6117  5858.6755   -62.7258  -249.0582    -0.4094   256.8458     7.1642     0.8387     1.0250     0.4529     1.3244
  54     1.6250  5853.4784   -45.7246  -249.1292     0.2361   253.3059     6.9786     1.0180     1.0079     0.5724     1.4326
  55     1.6384  5846.8475   -26.7596  -248.3206     0.0282   249.7766     7.2370     0.9966     1.0639     0.4325     1.4577
  56     1.6518  5838.5868   -13.5563  -246.0754     0.4102   246.4655     6.9983     1.1241     1.1046     0.7929     1.5760
