# ======================================================================
# FLAGGED DATA - KEPT CHANNELS ONLY
# ======================================================================
# 
# FLAGGING SUMMARY:
#   Total channels: 408
#   Flagged: 138 (33.8%)
#   Kept: 270 (66.2%)
# 
# FLAGGING CRITERIA APPLIED:
#   - Gross outliers: 24 channels
#   - Error outliers: 21 channels
#       Threshold: 4.0σ above median in log-space
#       Iterations: 2
#   - Spectral baseline clipping: 87 channels
#   - Stokes V clipping: 6 channels
#       Threshold: 2.91σ
#       Reference: median
#       Iterations: 2
# 
# COLUMN FORMAT: freq(Hz) I Q U V dI dQ dU dV
# ======================================================================
9.0350000000e+08 1.2429600000e-01 3.3130000000e-03 -1.1410000000e-03 -9.8700000000e-04 5.1400000000e-04 3.1600000000e-04 3.4000000000e-04 3.8200000000e-04
9.0520000000e+08 1.2488300000e-01 3.3300000000e-03 -7.0400000000e-04 -3.4000000000e-04 4.5800000000e-04 3.4300000000e-04 4.3100000000e-04 3.4000000000e-04
9.0690000000e+08 1.2479900000e-01 3.5810000000e-03 -1.2050000000e-03 -2.3300000000e-04 4.4000000000e-04 3.1600000000e-04 3.7900000000e-04 3.9500000000e-04
9.1020000000e+08 1.2289000000e-01 3.0170000000e-03 -1.2170000000e-03 -2.7000000000e-05 4.3000000000e-04 3.9000000000e-04 3.4700000000e-04 3.3400000000e-04
9.1190000000e+08 1.2428000000e-01 2.9660000000e-03 -1.2570000000e-03 -1.3700000000e-04 4.1300000000e-04 3.3500000000e-04 2.9700000000e-04 3.7400000000e-04
9.1360000000e+08 1.2319800000e-01 3.2420000000e-03 -8.9500000000e-04 -9.5000000000e-05 4.6100000000e-04 3.0800000000e-04 3.8900000000e-04 3.6600000000e-04
9.1520000000e+08 1.2344600000e-01 3.3880000000e-03 -1.0920000000e-03 -4.2500000000e-04 4.3400000000e-04 3.5500000000e-04 3.5800000000e-04 3.2000000000e-04
9.1690000000e+08 1.2395700000e-01 3.1800000000e-03 -1.1170000000e-03 -3.9400000000e-04 3.9800000000e-04 3.2700000000e-04 3.3800000000e-04 3.1000000000e-04
9.2030000000e+08 1.2374800000e-01 3.3680000000e-03 -8.4200000000e-04 -4.8400000000e-04 4.5100000000e-04 3.2200000000e-04 3.2700000000e-04 3.7500000000e-04
9.2190000000e+08 1.2276700000e-01 3.1980000000e-03 -1.0850000000e-03 -3.3800000000e-04 4.5600000000e-04 3.2500000000e-04 3.4200000000e-04 3.3900000000e-04
9.2360000000e+08 1.2193900000e-01 2.7910000000e-03 -5.3200000000e-04 -6.1400000000e-04 4.3200000000e-04 3.1000000000e-04 3.2100000000e-04 3.5600000000e-04
9.2530000000e+08 1.2254100000e-01 2.9260000000e-03 -3.6700000000e-04 -2.7000000000e-04 4.2600000000e-04 3.5600000000e-04 3.1400000000e-04 3.4900000000e-04
9.2700000000e+08 1.2258600000e-01 3.4270000000e-03 -4.4000000000e-04 -7.5100000000e-04 4.3700000000e-04 3.4400000000e-04 3.1400000000e-04 3.3200000000e-04
9.2860000000e+08 1.2344300000e-01 3.2050000000e-03 -4.7200000000e-04 -6.0000000000e-06 4.2200000000e-04 3.2200000000e-04 3.1100000000e-04 2.9100000000e-04
9.3030000000e+08 1.2226300000e-01 2.8930000000e-03 1.9000000000e-05 -5.2300000000e-04 3.9400000000e-04 3.3600000000e-04 3.0900000000e-04 2.9900000000e-04
9.3200000000e+08 1.2206800000e-01 2.9800000000e-03 -8.7000000000e-04 2.7100000000e-04 3.9700000000e-04 3.4900000000e-04 3.2100000000e-04 3.4100000000e-04
9.5370000000e+08 1.2141800000e-01 2.5450000000e-03 -7.8300000000e-04 -4.0200000000e-04 4.1400000000e-04 3.5700000000e-04 3.4600000000e-04 3.6700000000e-04
9.6370000000e+08 1.2082200000e-01 3.0710000000e-03 -1.6000000000e-04 -1.2100000000e-04 3.8200000000e-04 3.3600000000e-04 3.4000000000e-04 3.1600000000e-04
9.6540000000e+08 1.2062400000e-01 3.0790000000e-03 -5.1000000000e-04 -2.3300000000e-04 3.8500000000e-04 3.2800000000e-04 2.9100000000e-04 2.8700000000e-04
9.6710000000e+08 1.1999300000e-01 2.8350000000e-03 -4.2200000000e-04 -4.6100000000e-04 3.8600000000e-04 3.4300000000e-04 3.2300000000e-04 3.1700000000e-04
9.6870000000e+08 1.2003700000e-01 2.8690000000e-03 1.8000000000e-05 -6.4100000000e-04 3.3600000000e-04 3.0900000000e-04 3.1500000000e-04 3.3200000000e-04
9.7040000000e+08 1.1904200000e-01 2.5590000000e-03 3.0000000000e-05 -5.7200000000e-04 3.8200000000e-04 3.1400000000e-04 2.8900000000e-04 3.2700000000e-04
9.7210000000e+08 1.1951200000e-01 2.0760000000e-03 -3.0700000000e-04 -7.7100000000e-04 3.7000000000e-04 3.1100000000e-04 3.2700000000e-04 3.0500000000e-04
9.7380000000e+08 1.1886800000e-01 2.3160000000e-03 2.1100000000e-04 -1.0300000000e-04 3.7300000000e-04 2.9600000000e-04 3.0900000000e-04 2.9300000000e-04
9.7540000000e+08 1.1993000000e-01 2.3210000000e-03 3.5000000000e-05 -4.3300000000e-04 3.6100000000e-04 3.0400000000e-04 3.0700000000e-04 3.1800000000e-04
9.7710000000e+08 1.1926000000e-01 2.2430000000e-03 4.0100000000e-04 -6.1000000000e-05 3.7600000000e-04 2.8600000000e-04 2.7300000000e-04 2.5400000000e-04
9.7880000000e+08 1.1972600000e-01 2.5880000000e-03 5.1000000000e-05 -2.0800000000e-04 3.6100000000e-04 3.2200000000e-04 3.0600000000e-04 3.0000000000e-04
9.8050000000e+08 1.1901300000e-01 3.1350000000e-03 9.3000000000e-05 -5.2100000000e-04 3.9000000000e-04 3.3300000000e-04 2.9600000000e-04 2.8600000000e-04
9.8380000000e+08 1.1896600000e-01 3.0680000000e-03 -4.7000000000e-05 -4.2700000000e-04 3.8500000000e-04 3.0100000000e-04 3.2100000000e-04 3.0200000000e-04
9.8710000000e+08 1.1879500000e-01 2.5300000000e-03 2.7300000000e-04 2.7400000000e-04 3.3800000000e-04 2.5800000000e-04 3.0700000000e-04 2.8900000000e-04
9.8880000000e+08 1.1891500000e-01 2.5740000000e-03 -4.7000000000e-05 1.5000000000e-05 4.3000000000e-04 3.0800000000e-04 2.9000000000e-04 3.0500000000e-04
9.9050000000e+08 1.1892400000e-01 2.1200000000e-03 3.3100000000e-04 -4.2400000000e-04 3.5900000000e-04 3.1800000000e-04 3.5000000000e-04 2.9600000000e-04
9.9220000000e+08 1.1898400000e-01 2.4050000000e-03 -4.8000000000e-05 -1.4200000000e-04 3.6100000000e-04 2.6600000000e-04 2.9000000000e-04 2.9200000000e-04
9.9380000000e+08 1.1815900000e-01 2.4870000000e-03 8.5000000000e-05 -6.2500000000e-04 3.5600000000e-04 3.1800000000e-04 3.2500000000e-04 3.2600000000e-04
9.9720000000e+08 1.1877900000e-01 2.7970000000e-03 2.5500000000e-04 -3.9500000000e-04 3.6900000000e-04 2.9600000000e-04 2.9000000000e-04 3.0000000000e-04
9.9880000000e+08 1.1912100000e-01 2.0450000000e-03 8.6300000000e-04 -3.0100000000e-04 3.8400000000e-04 3.0700000000e-04 3.2300000000e-04 3.3500000000e-04
1.0005000000e+09 1.1796600000e-01 2.7440000000e-03 7.9400000000e-04 -3.7600000000e-04 3.5300000000e-04 2.7600000000e-04 2.8500000000e-04 2.8600000000e-04
1.0022000000e+09 1.1825100000e-01 2.1230000000e-03 6.7800000000e-04 -2.1700000000e-04 3.5700000000e-04 3.0600000000e-04 2.9600000000e-04 3.0000000000e-04
1.0039000000e+09 1.1860800000e-01 2.4830000000e-03 4.8000000000e-05 -5.9500000000e-04 3.7000000000e-04 2.9300000000e-04 2.9300000000e-04 2.8400000000e-04
1.0055000000e+09 1.1806400000e-01 1.8310000000e-03 3.4500000000e-04 -5.5300000000e-04 3.7100000000e-04 3.2800000000e-04 3.0000000000e-04 2.6900000000e-04
1.0072000000e+09 1.1791700000e-01 2.4650000000e-03 7.0300000000e-04 -4.9800000000e-04 3.7600000000e-04 2.7200000000e-04 3.1800000000e-04 2.7400000000e-04
1.0089000000e+09 1.1759700000e-01 2.5030000000e-03 5.5700000000e-04 -5.8500000000e-04 3.7400000000e-04 2.5700000000e-04 3.3500000000e-04 2.7900000000e-04
1.0105000000e+09 1.1759500000e-01 2.5870000000e-03 1.0000000000e-05 -2.1900000000e-04 3.2500000000e-04 2.9100000000e-04 2.9000000000e-04 2.8100000000e-04
1.0122000000e+09 1.1817800000e-01 2.2530000000e-03 1.7000000000e-05 -7.6300000000e-04 3.5000000000e-04 3.2100000000e-04 2.9400000000e-04 2.9500000000e-04
1.0139000000e+09 1.1798400000e-01 2.3390000000e-03 5.7600000000e-04 -4.7200000000e-04 3.4500000000e-04 3.0600000000e-04 2.6400000000e-04 2.8700000000e-04
1.0156000000e+09 1.1840900000e-01 2.1290000000e-03 3.5700000000e-04 -9.2800000000e-04 3.1600000000e-04 3.1600000000e-04 3.2900000000e-04 3.2300000000e-04
1.0172000000e+09 1.1796900000e-01 2.0640000000e-03 4.5800000000e-04 9.6000000000e-05 3.5900000000e-04 2.9300000000e-04 3.0100000000e-04 2.8400000000e-04
1.0189000000e+09 1.1830800000e-01 2.3480000000e-03 4.0300000000e-04 -2.1900000000e-04 3.2500000000e-04 2.9000000000e-04 3.1400000000e-04 3.2000000000e-04
1.0206000000e+09 1.1746900000e-01 1.8330000000e-03 1.9700000000e-04 -3.3600000000e-04 3.3200000000e-04 2.9700000000e-04 3.4200000000e-04 2.8500000000e-04
1.0222000000e+09 1.1733500000e-01 2.5610000000e-03 3.6100000000e-04 -5.6400000000e-04 3.0600000000e-04 2.6900000000e-04 3.0400000000e-04 3.0200000000e-04
1.0239000000e+09 1.1687800000e-01 2.4040000000e-03 7.9400000000e-04 -3.5000000000e-05 3.6900000000e-04 3.0100000000e-04 3.0300000000e-04 2.8800000000e-04
1.0256000000e+09 1.1694000000e-01 2.1460000000e-03 9.2600000000e-04 -5.1600000000e-04 3.5300000000e-04 3.1100000000e-04 3.0700000000e-04 2.9100000000e-04
1.0289000000e+09 1.1715800000e-01 2.8460000000e-03 3.0200000000e-04 3.4600000000e-04 5.8800000000e-04 5.3500000000e-04 4.7600000000e-04 4.6600000000e-04
1.0323000000e+09 1.1757100000e-01 1.6930000000e-03 9.0400000000e-04 -4.5000000000e-04 4.2900000000e-04 3.8000000000e-04 3.7200000000e-04 3.2600000000e-04
1.0340000000e+09 1.1750300000e-01 1.8970000000e-03 8.0000000000e-04 -6.2700000000e-04 3.3300000000e-04 3.0800000000e-04 2.9200000000e-04 3.0900000000e-04
1.0373000000e+09 1.1731600000e-01 1.6650000000e-03 9.0500000000e-04 2.4000000000e-04 3.2200000000e-04 3.0200000000e-04 3.1600000000e-04 2.7100000000e-04
1.0390000000e+09 1.1648000000e-01 2.0010000000e-03 5.8800000000e-04 1.1800000000e-04 3.2800000000e-04 2.8900000000e-04 2.9700000000e-04 3.0300000000e-04
1.0423000000e+09 1.1713000000e-01 1.5930000000e-03 4.3600000000e-04 -3.1300000000e-04 3.2000000000e-04 3.0500000000e-04 3.0700000000e-04 3.5300000000e-04
1.0440000000e+09 1.1637900000e-01 1.9230000000e-03 4.6200000000e-04 -2.3700000000e-04 3.4000000000e-04 2.7100000000e-04 2.9300000000e-04 2.8700000000e-04
1.0457000000e+09 1.1636200000e-01 1.5970000000e-03 9.8800000000e-04 -6.3000000000e-05 3.1300000000e-04 3.0200000000e-04 3.2200000000e-04 2.8700000000e-04
1.0490000000e+09 1.1586900000e-01 1.6760000000e-03 9.5600000000e-04 -5.2000000000e-04 2.9700000000e-04 2.9400000000e-04 3.1800000000e-04 2.8800000000e-04
1.0507000000e+09 1.1619300000e-01 1.8470000000e-03 1.0950000000e-03 -7.1600000000e-04 3.4500000000e-04 3.1300000000e-04 3.6800000000e-04 3.0500000000e-04
1.0523000000e+09 1.1539100000e-01 2.2420000000e-03 1.2460000000e-03 -4.6400000000e-04 4.2600000000e-04 3.5300000000e-04 3.2600000000e-04 3.2500000000e-04
1.0540000000e+09 1.1642300000e-01 1.7200000000e-03 5.3700000000e-04 -3.4000000000e-05 3.1300000000e-04 2.6900000000e-04 2.9500000000e-04 3.1700000000e-04
1.0574000000e+09 1.1581100000e-01 2.0010000000e-03 1.4230000000e-03 -4.6600000000e-04 2.8600000000e-04 2.8800000000e-04 3.0800000000e-04 2.6800000000e-04
1.0590000000e+09 1.1629500000e-01 1.8890000000e-03 1.1470000000e-03 -3.3400000000e-04 2.9800000000e-04 2.9800000000e-04 2.7700000000e-04 2.8900000000e-04
1.0607000000e+09 1.1584000000e-01 1.7010000000e-03 1.2380000000e-03 -2.4900000000e-04 3.0100000000e-04 2.9600000000e-04 3.0600000000e-04 2.9300000000e-04
1.0640000000e+09 1.1494400000e-01 2.1280000000e-03 1.5610000000e-03 8.9000000000e-05 3.2300000000e-04 3.2400000000e-04 2.9500000000e-04 2.6700000000e-04
1.0657000000e+09 1.1547800000e-01 1.7590000000e-03 1.4140000000e-03 -3.4300000000e-04 3.0400000000e-04 2.9300000000e-04 2.9700000000e-04 3.1600000000e-04
1.0674000000e+09 1.1535900000e-01 2.2100000000e-03 1.4260000000e-03 3.0800000000e-04 3.0900000000e-04 2.7100000000e-04 3.2100000000e-04 2.8400000000e-04
1.0691000000e+09 1.1534900000e-01 1.5910000000e-03 1.4320000000e-03 -1.3600000000e-04 3.1900000000e-04 3.0800000000e-04 2.9500000000e-04 2.6600000000e-04
1.0707000000e+09 1.1523800000e-01 1.1820000000e-03 7.5500000000e-04 -1.4400000000e-04 3.1400000000e-04 3.2800000000e-04 2.8400000000e-04 3.3500000000e-04
1.0724000000e+09 1.1533500000e-01 1.4730000000e-03 1.0840000000e-03 6.6200000000e-04 3.0000000000e-04 3.0700000000e-04 3.1100000000e-04 2.4500000000e-04
1.0741000000e+09 1.1516100000e-01 1.5710000000e-03 1.4640000000e-03 3.3600000000e-04 3.0500000000e-04 3.0800000000e-04 2.9000000000e-04 2.7600000000e-04
1.0757000000e+09 1.1535300000e-01 1.8680000000e-03 1.0570000000e-03 1.8000000000e-04 3.3600000000e-04 2.8800000000e-04 2.8700000000e-04 2.8900000000e-04
1.0774000000e+09 1.1529300000e-01 1.5100000000e-03 1.1380000000e-03 3.2000000000e-05 3.2000000000e-04 2.9500000000e-04 2.9500000000e-04 3.0200000000e-04
1.0791000000e+09 1.1497400000e-01 1.4270000000e-03 1.1990000000e-03 -2.0000000000e-06 3.0300000000e-04 3.0400000000e-04 3.0600000000e-04 2.5700000000e-04
1.0808000000e+09 1.1511100000e-01 1.1330000000e-03 1.8710000000e-03 2.9200000000e-04 3.1300000000e-04 3.3700000000e-04 2.7900000000e-04 3.0000000000e-04
1.0975000000e+09 1.1494200000e-01 1.4250000000e-03 1.4230000000e-03 1.0800000000e-04 3.0400000000e-04 2.6800000000e-04 2.8800000000e-04 2.7600000000e-04
1.0992000000e+09 1.1429300000e-01 1.3260000000e-03 1.6000000000e-03 -3.6900000000e-04 3.1500000000e-04 2.9500000000e-04 2.9700000000e-04 2.5600000000e-04
1.1008000000e+09 1.1466100000e-01 9.4500000000e-04 1.5690000000e-03 -3.0700000000e-04 3.2500000000e-04 3.2300000000e-04 3.0000000000e-04 2.9400000000e-04
1.1058000000e+09 1.1476600000e-01 1.2000000000e-03 1.4270000000e-03 -1.3100000000e-04 3.3100000000e-04 3.1800000000e-04 3.5200000000e-04 3.1500000000e-04
1.1092000000e+09 1.1519600000e-01 1.5410000000e-03 1.0690000000e-03 -1.5800000000e-04 3.1800000000e-04 2.7300000000e-04 2.7500000000e-04 3.0600000000e-04
1.1109000000e+09 1.1439500000e-01 1.0950000000e-03 1.4400000000e-03 2.7000000000e-05 3.3900000000e-04 3.1900000000e-04 2.9300000000e-04 2.9200000000e-04
1.1142000000e+09 1.1426900000e-01 1.3510000000e-03 1.2250000000e-03 -8.8000000000e-05 2.8400000000e-04 3.0300000000e-04 2.5500000000e-04 3.1500000000e-04
1.1159000000e+09 1.1326200000e-01 1.3780000000e-03 9.9800000000e-04 2.4000000000e-05 2.8300000000e-04 2.9400000000e-04 2.8700000000e-04 2.8900000000e-04
1.1175000000e+09 1.1376800000e-01 9.2900000000e-04 1.2830000000e-03 8.4000000000e-05 3.0700000000e-04 3.0200000000e-04 2.7500000000e-04 2.6400000000e-04
1.1192000000e+09 1.1419100000e-01 1.0040000000e-03 1.1300000000e-03 -7.9000000000e-05 3.0300000000e-04 2.7500000000e-04 2.9700000000e-04 2.6200000000e-04
1.1209000000e+09 1.1366400000e-01 1.1450000000e-03 1.3860000000e-03 4.1000000000e-05 2.8700000000e-04 2.8600000000e-04 2.9900000000e-04 2.7900000000e-04
1.1226000000e+09 1.1298600000e-01 8.3900000000e-04 1.6360000000e-03 6.5000000000e-05 2.8300000000e-04 3.2600000000e-04 3.2500000000e-04 2.8900000000e-04
1.1259000000e+09 1.1356100000e-01 3.3800000000e-04 2.2030000000e-03 -4.0900000000e-04 3.8700000000e-04 2.8300000000e-04 3.1100000000e-04 3.3800000000e-04
1.1276000000e+09 1.1278300000e-01 1.3080000000e-03 1.7810000000e-03 2.9000000000e-05 3.4600000000e-04 3.3400000000e-04 3.7400000000e-04 3.4700000000e-04
1.1309000000e+09 1.1422200000e-01 1.0940000000e-03 1.2140000000e-03 -7.5000000000e-05 3.0600000000e-04 2.9500000000e-04 2.6000000000e-04 2.9500000000e-04
1.1410000000e+09 1.1297100000e-01 8.8800000000e-04 1.8090000000e-03 2.1200000000e-04 4.4400000000e-04 3.5900000000e-04 3.2400000000e-04 3.5300000000e-04
1.1426000000e+09 1.1370500000e-01 4.9600000000e-04 1.3210000000e-03 -8.1000000000e-04 3.5900000000e-04 3.2200000000e-04 3.3200000000e-04 3.1700000000e-04
1.1460000000e+09 1.1326000000e-01 1.4580000000e-03 1.5400000000e-03 -2.9900000000e-04 4.7400000000e-04 4.2500000000e-04 4.1800000000e-04 4.1000000000e-04
1.1527000000e+09 1.1374200000e-01 1.1170000000e-03 1.4980000000e-03 2.7300000000e-04 3.6900000000e-04 3.4600000000e-04 2.9400000000e-04 3.8900000000e-04
1.1543000000e+09 1.1366100000e-01 7.8300000000e-04 1.4010000000e-03 -4.5100000000e-04 3.0800000000e-04 3.5800000000e-04 3.2300000000e-04 3.1900000000e-04
1.1593000000e+09 1.1332900000e-01 5.3400000000e-04 1.4240000000e-03 -1.0130000000e-03 3.9900000000e-04 4.2100000000e-04 3.3300000000e-04 3.6000000000e-04
1.1627000000e+09 1.1307000000e-01 7.4100000000e-04 8.8300000000e-04 -5.5800000000e-04 4.4700000000e-04 3.6300000000e-04 3.6200000000e-04 3.9400000000e-04
1.1644000000e+09 1.1272500000e-01 7.6800000000e-04 1.6460000000e-03 -3.6800000000e-04 3.6800000000e-04 3.4500000000e-04 3.1900000000e-04 3.4300000000e-04
1.1660000000e+09 1.1339600000e-01 5.8300000000e-04 1.0410000000e-03 2.1700000000e-04 3.4500000000e-04 3.3600000000e-04 3.0900000000e-04 3.1200000000e-04
1.1677000000e+09 1.1332200000e-01 1.4740000000e-03 1.9610000000e-03 -9.2000000000e-04 4.2200000000e-04 3.9800000000e-04 4.1900000000e-04 3.6300000000e-04
1.1894000000e+09 1.1218300000e-01 5.9000000000e-04 9.6400000000e-04 2.7100000000e-04 3.8200000000e-04 4.2500000000e-04 3.9800000000e-04 3.9200000000e-04
1.2229000000e+09 1.1124400000e-01 -1.2000000000e-04 2.5210000000e-03 3.2300000000e-04 5.6500000000e-04 5.0200000000e-04 5.1600000000e-04 5.7500000000e-04
1.2329000000e+09 1.1145100000e-01 1.4600000000e-04 2.4190000000e-03 -1.0880000000e-03 5.3500000000e-04 4.4900000000e-04 4.4800000000e-04 4.5000000000e-04
1.2362000000e+09 1.1171800000e-01 -4.9200000000e-04 1.9370000000e-03 -9.1100000000e-04 4.6800000000e-04 4.0400000000e-04 4.0200000000e-04 4.4000000000e-04
1.2413000000e+09 1.1105800000e-01 4.4900000000e-04 1.8560000000e-03 6.1300000000e-04 3.3900000000e-04 3.2300000000e-04 2.6800000000e-04 3.1800000000e-04
1.2429000000e+09 1.1158400000e-01 5.8900000000e-04 1.2960000000e-03 2.7500000000e-04 3.9200000000e-04 3.3900000000e-04 3.4000000000e-04 3.8200000000e-04
1.2530000000e+09 1.1039400000e-01 -6.2800000000e-04 1.9390000000e-03 -1.9500000000e-04 3.8900000000e-04 3.4300000000e-04 3.2000000000e-04 3.4900000000e-04
1.2613000000e+09 1.0980800000e-01 -7.2800000000e-04 2.3310000000e-03 3.8300000000e-04 6.8500000000e-04 5.9400000000e-04 5.5500000000e-04 5.4900000000e-04
1.2931000000e+09 1.0981800000e-01 -8.2400000000e-04 1.9920000000e-03 8.4700000000e-04 6.0500000000e-04 5.3300000000e-04 5.1400000000e-04 5.7800000000e-04
1.2964000000e+09 1.0952900000e-01 -1.8600000000e-04 2.4560000000e-03 -4.3900000000e-04 3.2900000000e-04 3.0900000000e-04 3.0300000000e-04 3.3000000000e-04
1.2981000000e+09 1.0995300000e-01 -3.5600000000e-04 1.6120000000e-03 4.2000000000e-05 3.1900000000e-04 2.6900000000e-04 2.7300000000e-04 2.7600000000e-04
1.2998000000e+09 1.1026900000e-01 1.1900000000e-04 1.7710000000e-03 9.9000000000e-05 2.7600000000e-04 2.8700000000e-04 2.4000000000e-04 2.5700000000e-04
1.3015000000e+09 1.0862300000e-01 -3.1700000000e-04 1.8640000000e-03 6.5300000000e-04 2.8800000000e-04 2.5800000000e-04 2.6900000000e-04 2.9700000000e-04
1.3031000000e+09 1.0945700000e-01 -4.4800000000e-04 1.4450000000e-03 -2.2900000000e-04 2.6200000000e-04 2.5700000000e-04 2.5600000000e-04 2.6900000000e-04
1.3048000000e+09 1.0947700000e-01 5.8000000000e-05 1.9010000000e-03 -3.8700000000e-04 2.6300000000e-04 2.3600000000e-04 2.7200000000e-04 2.5100000000e-04
1.3065000000e+09 1.0938200000e-01 -1.2600000000e-04 2.0850000000e-03 -6.6500000000e-04 2.5600000000e-04 2.3400000000e-04 2.5500000000e-04 2.3500000000e-04
1.3081000000e+09 1.0884000000e-01 -1.6600000000e-04 2.0450000000e-03 1.3700000000e-04 2.4700000000e-04 2.5000000000e-04 2.6700000000e-04 2.3800000000e-04
1.3098000000e+09 1.0898500000e-01 -5.6100000000e-04 2.0860000000e-03 1.2400000000e-04 2.6900000000e-04 2.2900000000e-04 2.5900000000e-04 2.4400000000e-04
1.3115000000e+09 1.0938800000e-01 -5.1000000000e-04 2.3030000000e-03 -2.6200000000e-04 2.5300000000e-04 2.5100000000e-04 2.4200000000e-04 2.2100000000e-04
1.3132000000e+09 1.0894100000e-01 -5.3900000000e-04 2.1780000000e-03 -5.1800000000e-04 2.6400000000e-04 2.5300000000e-04 2.4500000000e-04 2.3700000000e-04
1.3148000000e+09 1.0910600000e-01 -3.3700000000e-04 1.7540000000e-03 -2.5300000000e-04 2.5600000000e-04 2.3000000000e-04 2.5300000000e-04 2.5300000000e-04
1.3165000000e+09 1.0886900000e-01 -1.2200000000e-04 1.8780000000e-03 1.6400000000e-04 2.4900000000e-04 2.8900000000e-04 2.5300000000e-04 2.3400000000e-04
1.3182000000e+09 1.0846600000e-01 -3.4700000000e-04 2.0600000000e-03 -1.8100000000e-04 2.4500000000e-04 2.6000000000e-04 2.2600000000e-04 2.3300000000e-04
1.3198000000e+09 1.0877200000e-01 -5.2600000000e-04 1.9740000000e-03 -3.0000000000e-05 2.7400000000e-04 2.4800000000e-04 2.3500000000e-04 2.4600000000e-04
1.3215000000e+09 1.0893000000e-01 -7.6100000000e-04 2.1420000000e-03 1.0300000000e-04 2.2000000000e-04 2.4000000000e-04 2.2300000000e-04 2.5600000000e-04
1.3232000000e+09 1.0881600000e-01 -9.3700000000e-04 2.3340000000e-03 -1.4800000000e-04 2.5000000000e-04 2.4400000000e-04 2.5300000000e-04 2.4000000000e-04
1.3249000000e+09 1.0895200000e-01 -6.7000000000e-05 2.1870000000e-03 -3.5000000000e-05 2.3500000000e-04 2.5700000000e-04 2.3200000000e-04 2.2800000000e-04
1.3265000000e+09 1.0896500000e-01 -7.1800000000e-04 1.9060000000e-03 -3.7400000000e-04 2.5500000000e-04 2.6600000000e-04 2.6700000000e-04 2.5700000000e-04
1.3282000000e+09 1.0859500000e-01 -4.0900000000e-04 1.8330000000e-03 5.2000000000e-05 2.3100000000e-04 2.4300000000e-04 2.5800000000e-04 2.5600000000e-04
1.3299000000e+09 1.0840900000e-01 -4.6100000000e-04 2.2930000000e-03 -1.0000000000e-05 2.3200000000e-04 2.3000000000e-04 2.6100000000e-04 2.3900000000e-04
1.3315000000e+09 1.0852200000e-01 -6.9000000000e-04 2.4540000000e-03 2.3100000000e-04 2.4700000000e-04 2.8200000000e-04 2.7100000000e-04 2.5100000000e-04
1.3332000000e+09 1.0847900000e-01 -6.9100000000e-04 1.9600000000e-03 1.5200000000e-04 2.2600000000e-04 2.3100000000e-04 2.2500000000e-04 2.4800000000e-04
1.3349000000e+09 1.0850300000e-01 -4.6400000000e-04 2.1180000000e-03 -7.3000000000e-05 2.5500000000e-04 2.2700000000e-04 2.5200000000e-04 2.5000000000e-04
1.3366000000e+09 1.0784600000e-01 -4.3400000000e-04 2.1350000000e-03 -3.0100000000e-04 2.8100000000e-04 2.4100000000e-04 2.2900000000e-04 2.7300000000e-04
1.3382000000e+09 1.0807100000e-01 -2.1100000000e-04 2.5710000000e-03 -5.5000000000e-05 2.4700000000e-04 2.3700000000e-04 2.4700000000e-04 2.2800000000e-04
1.3399000000e+09 1.0841700000e-01 -7.5000000000e-04 2.0530000000e-03 -4.3400000000e-04 2.5300000000e-04 2.3100000000e-04 2.4300000000e-04 2.2800000000e-04
1.3416000000e+09 1.0881300000e-01 -1.1350000000e-03 1.7540000000e-03 -2.2000000000e-05 2.6600000000e-04 2.2900000000e-04 2.4100000000e-04 2.8500000000e-04
1.3432000000e+09 1.0827600000e-01 -3.1500000000e-04 1.6090000000e-03 2.5800000000e-04 2.5600000000e-04 2.9000000000e-04 2.3400000000e-04 2.2800000000e-04
1.3449000000e+09 1.0866800000e-01 -6.5400000000e-04 2.2480000000e-03 -1.9100000000e-04 2.6700000000e-04 2.5500000000e-04 2.3200000000e-04 2.5300000000e-04
1.3466000000e+09 1.0860900000e-01 -9.0600000000e-04 2.1630000000e-03 -8.2000000000e-05 2.4400000000e-04 2.5300000000e-04 2.3700000000e-04 2.4700000000e-04
1.3483000000e+09 1.0811800000e-01 -8.6700000000e-04 2.0840000000e-03 3.6600000000e-04 2.4900000000e-04 2.5000000000e-04 2.5600000000e-04 2.3300000000e-04
1.3499000000e+09 1.0798700000e-01 -3.7500000000e-04 2.0380000000e-03 -1.8000000000e-05 2.6200000000e-04 2.5800000000e-04 2.6500000000e-04 2.4000000000e-04
1.3516000000e+09 1.0788600000e-01 -4.2600000000e-04 1.9820000000e-03 1.7400000000e-04 2.3200000000e-04 2.4700000000e-04 2.6000000000e-04 2.4800000000e-04
1.3533000000e+09 1.0799700000e-01 -8.9100000000e-04 1.7540000000e-03 -2.9400000000e-04 2.6500000000e-04 2.4300000000e-04 2.2600000000e-04 2.3900000000e-04
1.3550000000e+09 1.0817300000e-01 -9.0100000000e-04 2.0730000000e-03 -2.5800000000e-04 2.5500000000e-04 2.5600000000e-04 2.5000000000e-04 2.7300000000e-04
1.3566000000e+09 1.0806600000e-01 -3.6600000000e-04 2.1690000000e-03 -7.9000000000e-05 2.5800000000e-04 2.2800000000e-04 2.5000000000e-04 2.5100000000e-04
1.3583000000e+09 1.0786200000e-01 -6.6900000000e-04 2.2350000000e-03 -1.1200000000e-04 2.4200000000e-04 2.4700000000e-04 2.3100000000e-04 2.5900000000e-04
1.3600000000e+09 1.0787900000e-01 -6.5000000000e-04 2.2760000000e-03 -1.0100000000e-04 2.3600000000e-04 2.6500000000e-04 2.3800000000e-04 2.4800000000e-04
1.3616000000e+09 1.0805000000e-01 -6.2300000000e-04 2.5870000000e-03 3.7700000000e-04 2.2700000000e-04 2.4100000000e-04 2.5400000000e-04 2.3800000000e-04
1.3633000000e+09 1.0834900000e-01 -9.0700000000e-04 2.3320000000e-03 -1.4600000000e-04 2.4400000000e-04 2.4700000000e-04 2.4100000000e-04 2.3400000000e-04
1.3650000000e+09 1.0777900000e-01 -8.3000000000e-04 2.1060000000e-03 -3.4300000000e-04 2.4700000000e-04 2.5000000000e-04 2.4300000000e-04 2.2600000000e-04
1.3667000000e+09 1.0775100000e-01 -4.8700000000e-04 2.7700000000e-03 -4.8000000000e-05 2.5800000000e-04 2.3300000000e-04 2.4900000000e-04 2.3200000000e-04
1.3683000000e+09 1.0811400000e-01 -2.9900000000e-04 2.0670000000e-03 1.6600000000e-04 2.4000000000e-04 2.4100000000e-04 2.5500000000e-04 2.3200000000e-04
1.3700000000e+09 1.0733500000e-01 -9.3000000000e-04 2.3410000000e-03 -3.2000000000e-05 2.3700000000e-04 2.6000000000e-04 2.4500000000e-04 2.4000000000e-04
1.3717000000e+09 1.0767800000e-01 -5.0600000000e-04 1.9260000000e-03 1.8000000000e-05 2.5300000000e-04 2.5300000000e-04 2.3300000000e-04 2.3900000000e-04
1.3733000000e+09 1.0730500000e-01 -5.4500000000e-04 1.9050000000e-03 1.4700000000e-04 2.5200000000e-04 2.4200000000e-04 2.4900000000e-04 2.1500000000e-04
1.3750000000e+09 1.0730100000e-01 -7.9100000000e-04 2.0710000000e-03 -1.6000000000e-05 2.4700000000e-04 2.4000000000e-04 2.5300000000e-04 2.2700000000e-04
1.3767000000e+09 1.0745400000e-01 -4.9100000000e-04 1.8520000000e-03 -1.6400000000e-04 2.4600000000e-04 2.4100000000e-04 2.2700000000e-04 2.3200000000e-04
1.3784000000e+09 1.0773700000e-01 -3.5800000000e-04 2.5710000000e-03 -3.1700000000e-04 2.4600000000e-04 2.5500000000e-04 2.4800000000e-04 2.5100000000e-04
1.3800000000e+09 1.0722500000e-01 -1.0170000000e-03 2.2790000000e-03 2.5800000000e-04 3.0300000000e-04 2.4500000000e-04 2.5200000000e-04 2.3600000000e-04
1.3817000000e+09 1.0689400000e-01 -3.1200000000e-04 2.1740000000e-03 6.0000000000e-06 2.7000000000e-04 2.7400000000e-04 2.4200000000e-04 2.4800000000e-04
1.3834000000e+09 1.0747500000e-01 -6.4900000000e-04 2.6770000000e-03 -6.7000000000e-05 2.4300000000e-04 2.3300000000e-04 2.4900000000e-04 2.4900000000e-04
1.3850000000e+09 1.0725200000e-01 -7.1200000000e-04 1.6160000000e-03 1.5400000000e-04 2.4600000000e-04 2.3200000000e-04 2.2100000000e-04 2.4600000000e-04
1.3867000000e+09 1.0654000000e-01 -8.6500000000e-04 2.5130000000e-03 -7.8000000000e-05 2.4200000000e-04 2.4500000000e-04 2.2400000000e-04 2.2900000000e-04
1.3884000000e+09 1.0753400000e-01 -9.7300000000e-04 2.0340000000e-03 -5.1800000000e-04 2.2600000000e-04 2.5100000000e-04 2.4700000000e-04 2.5200000000e-04
1.3901000000e+09 1.0698200000e-01 -1.0260000000e-03 1.8240000000e-03 -2.0000000000e-06 2.3600000000e-04 2.2700000000e-04 2.6400000000e-04 2.3800000000e-04
1.3917000000e+09 1.0675400000e-01 -8.0800000000e-04 2.0230000000e-03 -0.0000000000e+00 2.5900000000e-04 2.3300000000e-04 2.2200000000e-04 2.4900000000e-04
1.3934000000e+09 1.0697800000e-01 -4.8700000000e-04 2.2200000000e-03 -1.4600000000e-04 2.2200000000e-04 2.5200000000e-04 2.2600000000e-04 2.3300000000e-04
1.3951000000e+09 1.0720900000e-01 -5.3400000000e-04 1.8430000000e-03 3.6700000000e-04 2.3400000000e-04 2.3100000000e-04 2.6600000000e-04 2.4100000000e-04
1.3967000000e+09 1.0687100000e-01 -7.7900000000e-04 2.0410000000e-03 -4.6100000000e-04 2.2000000000e-04 2.2700000000e-04 2.4200000000e-04 2.4100000000e-04
1.3984000000e+09 1.0701500000e-01 -6.7300000000e-04 2.1110000000e-03 9.2000000000e-05 2.4500000000e-04 2.3800000000e-04 2.3400000000e-04 2.3000000000e-04
1.4001000000e+09 1.0669200000e-01 -7.9300000000e-04 1.9900000000e-03 -1.7000000000e-04 2.2800000000e-04 2.1400000000e-04 2.7200000000e-04 2.3500000000e-04
1.4018000000e+09 1.0663600000e-01 -6.8200000000e-04 2.4220000000e-03 -3.4700000000e-04 2.4300000000e-04 2.2800000000e-04 2.3400000000e-04 2.3800000000e-04
1.4034000000e+09 1.0691200000e-01 -7.6700000000e-04 2.0920000000e-03 4.2000000000e-05 2.3800000000e-04 2.4800000000e-04 2.4100000000e-04 2.5100000000e-04
1.4051000000e+09 1.0672900000e-01 -9.9900000000e-04 2.1630000000e-03 -2.2000000000e-05 2.6800000000e-04 2.3400000000e-04 2.5200000000e-04 2.4900000000e-04
1.4068000000e+09 1.0677600000e-01 -5.8300000000e-04 2.2710000000e-03 4.7000000000e-05 2.6800000000e-04 2.3200000000e-04 2.6100000000e-04 2.3800000000e-04
1.4085000000e+09 1.0701300000e-01 -9.5100000000e-04 2.2370000000e-03 -1.7600000000e-04 2.3800000000e-04 2.2300000000e-04 2.2500000000e-04 2.2800000000e-04
1.4101000000e+09 1.0674100000e-01 -1.2450000000e-03 2.2200000000e-03 -7.1000000000e-05 2.4400000000e-04 2.5100000000e-04 2.6700000000e-04 2.3400000000e-04
1.4118000000e+09 1.0613900000e-01 -7.6900000000e-04 2.2800000000e-03 2.5000000000e-04 2.4700000000e-04 2.2600000000e-04 2.3000000000e-04 2.2800000000e-04
1.4135000000e+09 1.0642900000e-01 -4.2400000000e-04 2.1480000000e-03 3.8700000000e-04 2.5800000000e-04 2.4500000000e-04 2.2800000000e-04 2.2300000000e-04
1.4151000000e+09 1.0634100000e-01 -6.6600000000e-04 2.6680000000e-03 -6.1800000000e-04 2.5300000000e-04 2.1600000000e-04 2.3300000000e-04 2.4600000000e-04
1.4168000000e+09 1.0666000000e-01 -8.7400000000e-04 2.2830000000e-03 -2.6700000000e-04 2.6900000000e-04 2.3700000000e-04 2.6500000000e-04 2.4600000000e-04
1.4185000000e+09 1.0635700000e-01 -1.2240000000e-03 2.3080000000e-03 -4.7400000000e-04 3.2400000000e-04 3.2000000000e-04 3.2500000000e-04 3.1200000000e-04
1.4235000000e+09 1.0654900000e-01 -6.1500000000e-04 2.2550000000e-03 9.3000000000e-05 2.4100000000e-04 2.4000000000e-04 2.5900000000e-04 2.2900000000e-04
1.4252000000e+09 1.0574300000e-01 -1.1590000000e-03 2.4250000000e-03 2.4400000000e-04 2.3800000000e-04 2.3800000000e-04 2.3700000000e-04 2.1700000000e-04
1.4268000000e+09 1.0629600000e-01 -1.0130000000e-03 2.3290000000e-03 -1.0200000000e-04 2.5000000000e-04 2.4300000000e-04 2.4500000000e-04 2.5800000000e-04
1.4285000000e+09 1.0630500000e-01 -9.8700000000e-04 2.6030000000e-03 1.6000000000e-05 2.5200000000e-04 2.2600000000e-04 2.8000000000e-04 2.2800000000e-04
1.4302000000e+09 1.0614100000e-01 -1.0730000000e-03 2.5640000000e-03 -3.2000000000e-04 2.3500000000e-04 2.5700000000e-04 2.3200000000e-04 2.4400000000e-04
1.4319000000e+09 1.0626000000e-01 -7.8200000000e-04 2.4300000000e-03 -8.0000000000e-06 2.3100000000e-04 2.5000000000e-04 2.1600000000e-04 2.5700000000e-04
1.4335000000e+09 1.0604400000e-01 -6.4300000000e-04 2.3470000000e-03 1.7800000000e-04 2.6500000000e-04 2.5900000000e-04 2.5200000000e-04 2.5200000000e-04
1.4352000000e+09 1.0611500000e-01 -6.4200000000e-04 2.4730000000e-03 1.0700000000e-04 2.4500000000e-04 2.2800000000e-04 2.4900000000e-04 2.2600000000e-04
1.4369000000e+09 1.0588600000e-01 -7.8100000000e-04 2.2540000000e-03 -2.1200000000e-04 2.6400000000e-04 2.5600000000e-04 2.3300000000e-04 2.6200000000e-04
1.4385000000e+09 1.0649700000e-01 -9.5500000000e-04 2.3500000000e-03 -5.0000000000e-05 2.7600000000e-04 2.4600000000e-04 2.3800000000e-04 2.2500000000e-04
1.4402000000e+09 1.0605200000e-01 -9.6500000000e-04 2.3160000000e-03 1.9000000000e-05 2.4000000000e-04 2.3200000000e-04 2.5400000000e-04 2.4300000000e-04
1.4419000000e+09 1.0595200000e-01 -1.3840000000e-03 2.3080000000e-03 7.9000000000e-05 2.3800000000e-04 2.4200000000e-04 2.3600000000e-04 2.2900000000e-04
1.4436000000e+09 1.0535400000e-01 -1.3420000000e-03 1.9420000000e-03 -3.9700000000e-04 2.5100000000e-04 2.4300000000e-04 2.2700000000e-04 2.5700000000e-04
1.4452000000e+09 1.0584200000e-01 -7.2900000000e-04 2.2770000000e-03 1.0000000000e-04 2.4200000000e-04 2.2900000000e-04 2.3400000000e-04 2.3000000000e-04
1.4469000000e+09 1.0574900000e-01 -6.4200000000e-04 2.3190000000e-03 -4.6700000000e-04 2.4600000000e-04 2.3900000000e-04 2.3600000000e-04 2.6200000000e-04
1.4486000000e+09 1.0590000000e-01 -1.3320000000e-03 2.2480000000e-03 -2.1900000000e-04 2.4000000000e-04 2.6000000000e-04 2.6100000000e-04 2.3100000000e-04
1.4502000000e+09 1.0576200000e-01 -9.4300000000e-04 2.3380000000e-03 -7.0000000000e-06 2.5500000000e-04 2.5600000000e-04 2.4000000000e-04 2.3100000000e-04
1.4519000000e+09 1.0572800000e-01 -7.4400000000e-04 2.5300000000e-03 -7.9000000000e-05 2.3600000000e-04 2.4400000000e-04 2.2000000000e-04 2.4000000000e-04
1.4536000000e+09 1.0553900000e-01 -1.2570000000e-03 2.3390000000e-03 -2.6000000000e-05 2.6600000000e-04 2.4000000000e-04 2.3000000000e-04 2.2000000000e-04
1.4569000000e+09 1.0545200000e-01 -8.3900000000e-04 2.4430000000e-03 -3.3000000000e-05 2.3800000000e-04 2.3700000000e-04 2.4100000000e-04 2.3900000000e-04
1.4586000000e+09 1.0546400000e-01 -1.0960000000e-03 2.3350000000e-03 2.2200000000e-04 2.5200000000e-04 2.4500000000e-04 2.2200000000e-04 2.3000000000e-04
1.4603000000e+09 1.0585800000e-01 -1.1400000000e-03 2.4200000000e-03 2.0700000000e-04 2.5000000000e-04 2.5200000000e-04 2.3800000000e-04 2.3900000000e-04
1.4620000000e+09 1.0568400000e-01 -1.5950000000e-03 2.2160000000e-03 2.5800000000e-04 2.5500000000e-04 2.7400000000e-04 2.4200000000e-04 2.3000000000e-04
1.4636000000e+09 1.0531000000e-01 -1.4350000000e-03 2.4130000000e-03 3.5000000000e-05 2.3600000000e-04 2.4100000000e-04 2.4100000000e-04 2.2400000000e-04
1.4653000000e+09 1.0528900000e-01 -8.5500000000e-04 2.3630000000e-03 4.1000000000e-05 2.4700000000e-04 2.3800000000e-04 2.2800000000e-04 2.3400000000e-04
1.4670000000e+09 1.0526100000e-01 -9.5000000000e-04 2.3450000000e-03 -4.8000000000e-05 2.5700000000e-04 2.7000000000e-04 2.4700000000e-04 2.3100000000e-04
1.4686000000e+09 1.0552100000e-01 -8.9800000000e-04 2.0750000000e-03 -2.3000000000e-04 2.3500000000e-04 2.2100000000e-04 2.3700000000e-04 2.3800000000e-04
1.4703000000e+09 1.0505900000e-01 -1.2860000000e-03 2.3890000000e-03 3.2900000000e-04 2.4000000000e-04 2.4300000000e-04 2.3800000000e-04 2.3400000000e-04
1.4720000000e+09 1.0529300000e-01 -7.7100000000e-04 2.6160000000e-03 4.5300000000e-04 2.5400000000e-04 2.5800000000e-04 2.4000000000e-04 2.3300000000e-04
1.4737000000e+09 1.0522200000e-01 -1.4840000000e-03 2.2640000000e-03 -2.1200000000e-04 2.4400000000e-04 2.3200000000e-04 2.2700000000e-04 2.4800000000e-04
1.4753000000e+09 1.0582400000e-01 -1.1800000000e-03 2.0840000000e-03 2.4900000000e-04 2.5100000000e-04 2.5600000000e-04 2.4900000000e-04 2.2800000000e-04
1.4770000000e+09 1.0496400000e-01 -7.0100000000e-04 2.1680000000e-03 -3.4900000000e-04 2.5000000000e-04 2.4200000000e-04 2.3100000000e-04 2.4900000000e-04
1.4787000000e+09 1.0518900000e-01 -1.0860000000e-03 2.4050000000e-03 1.8900000000e-04 2.4300000000e-04 2.3300000000e-04 2.3400000000e-04 2.6400000000e-04
1.4803000000e+09 1.0506900000e-01 -1.1930000000e-03 2.4230000000e-03 9.5000000000e-05 2.6400000000e-04 2.5300000000e-04 2.4300000000e-04 2.4800000000e-04
1.4820000000e+09 1.0506900000e-01 -1.2860000000e-03 2.1570000000e-03 1.8300000000e-04 2.4400000000e-04 2.2900000000e-04 2.3500000000e-04 2.4000000000e-04
1.4837000000e+09 1.0474200000e-01 -1.4920000000e-03 2.2510000000e-03 9.2000000000e-05 2.4800000000e-04 2.3700000000e-04 2.2800000000e-04 2.2800000000e-04
1.4854000000e+09 1.0503900000e-01 -6.6900000000e-04 2.3190000000e-03 -6.3800000000e-04 2.4100000000e-04 2.5400000000e-04 2.2300000000e-04 2.5700000000e-04
1.4870000000e+09 1.0536100000e-01 -1.1220000000e-03 1.9400000000e-03 4.4700000000e-04 2.3800000000e-04 2.8000000000e-04 2.4300000000e-04 2.2200000000e-04
1.4887000000e+09 1.0458300000e-01 -9.2300000000e-04 2.5420000000e-03 5.1800000000e-04 2.6500000000e-04 2.2400000000e-04 2.2000000000e-04 2.6800000000e-04
1.4904000000e+09 1.0508600000e-01 -8.1700000000e-04 2.0300000000e-03 2.6400000000e-04 2.3900000000e-04 2.4000000000e-04 2.3800000000e-04 2.3900000000e-04
1.4920000000e+09 1.0443700000e-01 -1.2260000000e-03 2.1530000000e-03 -1.6600000000e-04 2.5300000000e-04 2.5500000000e-04 2.6600000000e-04 2.5800000000e-04
1.4937000000e+09 1.0462100000e-01 -1.3840000000e-03 1.9980000000e-03 -2.5000000000e-05 2.4000000000e-04 2.4600000000e-04 2.5900000000e-04 2.5400000000e-04
1.4954000000e+09 1.0535200000e-01 -1.3350000000e-03 2.3930000000e-03 2.3000000000e-05 2.3900000000e-04 2.4100000000e-04 2.3900000000e-04 2.5700000000e-04
1.4971000000e+09 1.0455200000e-01 -1.3710000000e-03 2.3840000000e-03 4.0700000000e-04 2.4100000000e-04 2.2300000000e-04 2.4500000000e-04 2.2200000000e-04
1.4987000000e+09 1.0467400000e-01 -1.5460000000e-03 2.5410000000e-03 4.5000000000e-05 2.4800000000e-04 2.4100000000e-04 2.5900000000e-04 2.3700000000e-04
1.5004000000e+09 1.0438000000e-01 -8.2600000000e-04 2.4110000000e-03 -1.2300000000e-04 2.3400000000e-04 2.3400000000e-04 2.1500000000e-04 2.4700000000e-04
1.5021000000e+09 1.0455900000e-01 -1.7010000000e-03 2.2540000000e-03 1.0300000000e-04 2.3900000000e-04 2.3900000000e-04 2.3800000000e-04 2.2700000000e-04
1.5037000000e+09 1.0470000000e-01 -1.2170000000e-03 2.7210000000e-03 6.9000000000e-04 2.5900000000e-04 2.5500000000e-04 2.4500000000e-04 2.5400000000e-04
1.5054000000e+09 1.0474800000e-01 -1.0000000000e-03 2.2570000000e-03 2.9600000000e-04 2.3400000000e-04 2.2700000000e-04 2.4300000000e-04 2.1500000000e-04
1.5071000000e+09 1.0458100000e-01 -9.1600000000e-04 2.3390000000e-03 1.1000000000e-05 2.6400000000e-04 2.4000000000e-04 2.4300000000e-04 2.3200000000e-04
1.5088000000e+09 1.0475300000e-01 -1.2290000000e-03 1.9630000000e-03 4.3000000000e-05 2.5600000000e-04 2.4000000000e-04 2.2900000000e-04 2.1200000000e-04
1.5104000000e+09 1.0429400000e-01 -1.2050000000e-03 2.3060000000e-03 3.2500000000e-04 2.2600000000e-04 2.4600000000e-04 2.2500000000e-04 2.4000000000e-04
1.5121000000e+09 1.0422500000e-01 -9.8300000000e-04 2.0860000000e-03 3.1900000000e-04 2.4100000000e-04 2.4900000000e-04 2.5900000000e-04 2.5000000000e-04
1.5138000000e+09 1.0423400000e-01 -1.0330000000e-03 2.1880000000e-03 -6.1000000000e-05 2.6000000000e-04 2.4800000000e-04 2.3300000000e-04 2.4400000000e-04
1.5155000000e+09 1.0437900000e-01 -9.8600000000e-04 1.9830000000e-03 2.7200000000e-04 2.4900000000e-04 2.7600000000e-04 2.6300000000e-04 2.4100000000e-04
1.5171000000e+09 1.0394500000e-01 -1.0160000000e-03 1.6780000000e-03 3.7400000000e-04 3.2300000000e-04 3.2400000000e-04 3.0000000000e-04 3.1300000000e-04
1.5221000000e+09 1.0464500000e-01 -1.1210000000e-03 1.9670000000e-03 4.5000000000e-05 2.6300000000e-04 2.2900000000e-04 2.3000000000e-04 2.4600000000e-04
1.5489000000e+09 1.0395900000e-01 -1.9490000000e-03 2.3930000000e-03 1.0300000000e-04 3.8700000000e-04 3.0300000000e-04 3.5500000000e-04 3.7700000000e-04
1.5556000000e+09 1.0449800000e-01 -1.0600000000e-03 2.5990000000e-03 1.9100000000e-04 3.1700000000e-04 2.7300000000e-04 3.0600000000e-04 2.8600000000e-04
1.5690000000e+09 1.0245800000e-01 -7.8500000000e-04 1.7290000000e-03 -1.9200000000e-04 4.5400000000e-04 3.9400000000e-04 4.3100000000e-04 4.0600000000e-04
1.5857000000e+09 1.0361200000e-01 -1.8530000000e-03 1.9600000000e-03 2.7100000000e-04 3.1400000000e-04 2.7200000000e-04 2.9900000000e-04 2.8000000000e-04
1.5940000000e+09 1.0303800000e-01 -1.0350000000e-03 1.9140000000e-03 5.9800000000e-04 3.2500000000e-04 3.0300000000e-04 3.4700000000e-04 3.2400000000e-04
1.5957000000e+09 1.0330000000e-01 -1.0150000000e-03 1.9430000000e-03 2.7000000000e-05 2.4800000000e-04 2.7400000000e-04 2.4800000000e-04 2.5500000000e-04
1.5974000000e+09 1.0288900000e-01 -1.6400000000e-03 1.7480000000e-03 2.1000000000e-05 2.7100000000e-04 2.5800000000e-04 2.6400000000e-04 2.8600000000e-04
1.6057000000e+09 1.0175600000e-01 -2.2110000000e-03 1.8100000000e-03 5.8000000000e-05 3.5400000000e-04 3.3000000000e-04 3.2100000000e-04 3.4000000000e-04
1.6074000000e+09 1.0305900000e-01 -1.2210000000e-03 1.9270000000e-03 1.0000000000e-06 2.7700000000e-04 2.5600000000e-04 2.8300000000e-04 2.5700000000e-04
1.6091000000e+09 1.0323400000e-01 -1.9080000000e-03 2.5790000000e-03 2.1000000000e-04 2.4000000000e-04 2.3300000000e-04 2.3900000000e-04 2.4600000000e-04
1.6107000000e+09 1.0304600000e-01 -1.8350000000e-03 2.4470000000e-03 -2.0000000000e-05 2.3700000000e-04 2.1800000000e-04 2.4800000000e-04 2.2000000000e-04
1.6124000000e+09 1.0329900000e-01 -1.5970000000e-03 2.3170000000e-03 8.9000000000e-05 2.2900000000e-04 2.2500000000e-04 2.3100000000e-04 2.3900000000e-04
1.6141000000e+09 1.0283500000e-01 -1.2870000000e-03 2.0680000000e-03 -2.3000000000e-05 2.3200000000e-04 2.3300000000e-04 2.5100000000e-04 2.1600000000e-04
1.6158000000e+09 1.0295200000e-01 -1.8750000000e-03 2.1510000000e-03 4.0400000000e-04 2.1800000000e-04 2.6000000000e-04 2.3500000000e-04 2.1600000000e-04
1.6191000000e+09 1.0295300000e-01 -1.1050000000e-03 1.8280000000e-03 3.8800000000e-04 3.0700000000e-04 2.9900000000e-04 3.0100000000e-04 2.9000000000e-04
1.6291000000e+09 1.0248800000e-01 -1.7830000000e-03 1.9130000000e-03 4.0300000000e-04 2.4700000000e-04 2.3500000000e-04 2.4300000000e-04 2.3600000000e-04
1.6308000000e+09 1.0230500000e-01 -1.7220000000e-03 1.6900000000e-03 -2.1000000000e-05 2.2300000000e-04 2.4600000000e-04 2.1700000000e-04 2.2500000000e-04
1.6325000000e+09 1.0245600000e-01 -1.5390000000e-03 2.2050000000e-03 -3.5000000000e-05 2.4100000000e-04 2.3400000000e-04 2.2000000000e-04 2.3800000000e-04
1.6342000000e+09 1.0210400000e-01 -1.7840000000e-03 1.9670000000e-03 4.4100000000e-04 2.2300000000e-04 2.6200000000e-04 2.2200000000e-04 2.3800000000e-04
1.6358000000e+09 1.0205900000e-01 -1.6940000000e-03 2.4150000000e-03 1.6700000000e-04 2.2900000000e-04 2.4000000000e-04 2.2200000000e-04 2.4400000000e-04
1.6375000000e+09 1.0171900000e-01 -1.7100000000e-03 1.9160000000e-03 3.0600000000e-04 2.2900000000e-04 2.4400000000e-04 2.2200000000e-04 2.4600000000e-04
1.6392000000e+09 1.0188200000e-01 -1.6420000000e-03 2.0660000000e-03 1.4800000000e-04 2.2800000000e-04 2.5700000000e-04 2.5100000000e-04 2.2000000000e-04
1.6408000000e+09 1.0207600000e-01 -1.1490000000e-03 2.1470000000e-03 -2.8400000000e-04 2.2500000000e-04 2.1800000000e-04 2.2000000000e-04 2.3700000000e-04
1.6425000000e+09 1.0166100000e-01 -1.1760000000e-03 2.6720000000e-03 1.0100000000e-04 2.3600000000e-04 2.3200000000e-04 2.2100000000e-04 2.3800000000e-04
1.6442000000e+09 1.0177100000e-01 -1.6800000000e-03 1.9540000000e-03 5.6600000000e-04 2.4100000000e-04 2.2500000000e-04 2.5200000000e-04 2.2500000000e-04
1.6459000000e+09 1.0222900000e-01 -1.2400000000e-03 2.1040000000e-03 3.3100000000e-04 2.4100000000e-04 2.4900000000e-04 2.1700000000e-04 2.2100000000e-04
1.6475000000e+09 1.0187200000e-01 -1.2890000000e-03 1.7030000000e-03 1.2900000000e-04 2.4700000000e-04 2.3900000000e-04 2.3500000000e-04 2.5300000000e-04
