60157.019167 60157.989919 0.014457 0.007676
60158.051343 60158.957546 0.003743 0.007660
60159.019016 60159.989606 -0.003502 0.007448
60160.115706 60160.957187 -0.001341 0.008131
60161.083345 60161.924583 0.000536 0.008430
60162.115567 60162.956053 0.016837 0.009387
60163.147558 60163.601852 0.021452 0.013292
60165.405706 60165.859792 -0.003765 0.012281
60166.115150 60166.827523 0.009765 0.011281
60167.084988 60167.601748 0.016212 0.013454
60168.117766 60168.698634 0.010140 0.013090
60169.083530 60169.537755 0.023202 0.015609
60170.051632 60170.684769 0.003643 0.014036
60171.019757 60171.653009 0.030218 0.014947
60172.037650 60172.685810 0.010761 0.016053
60173.070012 60173.976921 -0.003758 0.016210
60174.038275 60174.945301 0.006736 0.015168
60175.006539 60175.978125 0.023360 0.014520
60176.039410 60176.946620 0.053140 0.014950
60177.007882 60177.269167 -0.010204 0.024006
60179.331655 60179.980764 0.009981 0.017332
60180.041794 60180.949074 0.532945 0.028078
60181.010197 60181.981829 3.557546 0.060450
60182.042928 60182.949931 5.936485 0.083411
60183.011123 60183.982454 6.902167 0.086037
60184.043646 60184.950440 6.908616 0.093671
60185.011632 60185.982870 6.946899 0.097842
60186.044201 60186.950671 6.763883 0.101565
60187.012049 60187.982894 6.649427 0.122754
60188.044387 60188.949907 6.828318 0.152000
60192.059873 60192.190995 6.203543 0.162966
60193.026794 60193.287569 6.133736 0.124747
60194.058762 60194.319491 6.537024 0.128257
60196.510231 60196.577361 5.630963 0.189908
60197.026319 60197.997245 4.946368 0.058050
60198.058958 60198.965394 4.416166 0.054011
60199.027072 60199.997940 4.196881 0.049536
60200.059572 60200.966100 4.105564 0.050418
60201.027604 60201.998715 3.884276 0.044528
60202.060104 60202.970208 3.913816 0.051760
60203.031516 60203.999225 4.022004 0.048427
60204.060521 60204.967373 3.783284 0.043261
60205.028380 60205.160949 3.862992 0.114445
60206.835174 60206.968148 3.605509 0.105161
60207.028831 60208.000903 3.411736 0.045114
60208.061285 60208.969190 3.339683 0.043605
60209.029294 60210.002222 2.845656 0.038235
60210.061771 60210.970718 2.694868 0.037557
60211.029850 60211.680903 2.691856 0.063915
60213.729549 60213.863750 3.090116 0.089364
60214.257650 60214.457199 2.276272 0.072574
60216.442049 60216.966319 2.777825 0.054683
60217.023414 60218.000255 2.761704 0.037582
60218.057512 60218.969282 2.529985 0.036937
60219.027002 60220.002523 2.436870 0.041074
60220.060799 60220.969468 2.163872 0.044010
60221.030174 60221.550486 1.946769 0.048096
60222.063137 60222.856852 1.530918 0.034240
60223.239410 60223.889630 0.896199 0.028670
60224.144387 60224.922014 1.075407 0.030136
60225.112188 60225.954329 1.141124 0.029264
60227.628299 60227.954329 1.391154 0.044756
60228.015405 60228.986505 1.319223 0.024137
60229.047743 60229.954097 1.478272 0.026565
60230.015405 60230.986157 1.225116 0.024051
60231.047535 60231.953657 1.027303 0.023336
60232.015162 60232.985613 1.114371 0.024439
60233.047222 60233.953067 0.986209 0.024223
60234.014734 60234.985023 0.856910 0.023494
60235.046678 60235.952454 0.608268 0.022366
60236.014144 60236.339514 0.619607 0.036119
60238.079132 60238.985463 0.327587 0.022229
60239.047164 60239.953472 0.453701 0.025240
60240.015150 60240.986042 0.493440 0.025293
60241.047650 60241.954028 0.431618 0.026462
60242.065544 60242.986620 0.502180 0.032057
60243.032928 60243.954792 0.497993 0.027194
60244.000961 60244.986736 0.318650 0.022519
60245.033484 60245.940116 0.327595 0.026313
60246.001493 60246.972708 0.354573 0.024426
60247.034016 60247.940833 0.307928 0.023752
60248.002303 60248.973495 0.251865 0.020412
60249.034641 60249.941620 0.265199 0.021644
60250.002697 60250.974236 0.258930 0.020661
60251.035405 60251.942361 0.325732 0.022575
60252.003391 60252.974977 0.309656 0.022779
60253.035984 60253.942940 0.254727 0.023450
60254.004086 60254.975486 0.304353 0.024402
60255.036539 60255.943356 0.193041 0.023204
60256.004525 60256.975741 0.348075 0.025961
60257.036933 60257.943426 0.435551 0.030078
60258.004734 60258.910903 0.222963 0.027833
60259.619039 60259.815301 0.174383 0.039241
60260.587396 60260.783588 0.102646 0.036501
60263.895174 60263.962199 0.234260 0.051129
60264.024248 60264.994653 0.325719 0.039958
60265.056887 60265.962755 0.330055 0.038671
60266.024410 60266.995208 0.283838 0.033397
60267.056933 60267.317894 0.374837 0.036248
60269.186366 60269.963519 0.188967 0.020518
60270.025197 60270.995914 0.093060 0.013785
60271.057558 60271.963738 0.133846 0.013389
60272.025509 60272.996053 0.118292 0.012715
60273.057905 60273.963773 0.132754 0.013212
60274.025613 60274.996019 0.096263 0.010846
60275.058032 60275.963843 0.088595 0.010701
60276.025856 60276.996100 0.068791 0.009958
60277.058021 60277.899109 0.041653 0.010776
60279.509178 60279.963565 0.041832 0.015344
60280.025382 60280.996019 0.032821 0.009973
60281.057558 60281.964282 0.028704 0.010458
60282.025498 60282.996736 0.016863 0.009166
60283.057789 60283.965023 0.033101 0.009922
60284.025729 60284.997870 0.030514 0.010198
60285.058252 60285.836019 0.024427 0.013631
60297.002581 60297.973519 0.029592 0.011599
60298.034965 60298.683125 0.029906 0.012465
60300.356875 60300.940417 0.040782 0.012766
60301.001852 60301.972824 0.039420 0.009511
60302.034421 60302.940880 0.019870 0.009085
60303.002454 60303.973287 0.047250 0.009686
60304.034815 60304.941053 0.059991 0.010371
60305.002674 60305.973461 0.075363 0.010634
60306.035104 60306.941134 0.076018 0.011468
60307.002836 60307.973426 0.085455 0.012249
60308.035093 60308.941134 0.040468 0.012291
60309.002812 60309.070162 0.090963 0.037273
60310.809225 60310.941088 0.049314 0.028589
60311.002743 60311.973310 0.052885 0.013926
60312.034988 60312.941019 0.056343 0.014648
60313.002720 60313.973287 0.059716 0.014762
60314.034896 60314.941042 0.034442 0.015561
60315.002627 60315.958009 0.035573 0.016406
60316.020058 60316.990278 0.024824 0.015962
60317.051701 60317.958102 0.033862 0.015859
60318.019502 60318.990417 0.070897 0.018119
60319.051725 60319.958241 0.035100 0.016721
60320.019502 60320.990625 0.015118 0.015566
60321.051817 60321.958681 0.021086 0.015807
60322.019850 60322.991690 -0.017289 0.014705
60323.052928 60323.960231 0.052897 0.016900
60324.021354 60324.993264 0.027470 0.014972
60325.054387 60325.961736 0.025439 0.016434
60326.022882 60326.994676 0.053920 0.017216
60328.024155 60328.995903 0.010580 0.016944
60329.057072 60329.964028 0.002173 0.018700
60330.025544 60330.545185 0.056848 0.030150
60331.381007 60331.642384 -0.001219 0.027339
60333.381632 60333.577685 0.014314 0.031033
60336.688252 60336.819676 0.043976 0.029028
60337.655845 60337.852315 -0.005548 0.021683
60338.623993 60338.884931 0.059265 0.021354
60339.656493 60339.981968 0.009650 0.018410
60340.044363 60340.046551 -0.019275 0.043364
60341.785995 60341.917894 0.015322 0.024970
60342.044109 60342.950370 0.022803 0.012875
60343.012037 60343.982766 0.015149 0.011010
60344.044410 60344.950660 0.004651 0.010325
60345.012292 60345.983090 0.000996 0.009304
60346.044595 60346.950914 0.029639 0.010057
60347.012396 60347.983160 0.021469 0.009009
60348.044444 60348.950984 0.007461 0.009083
60349.012257 60349.983437 0.009809 0.008374
60350.044479 60350.499549 0.007171 0.014137
60352.173438 60352.951667 0.013382 0.011013
60353.012118 60353.983958 0.004307 0.008927
60354.044178 60354.177708 -0.034367 0.018567
60357.141215 60357.276505 -0.021060 0.018250
60359.723252 60359.858264 0.023562 0.022752
60361.324595 60361.978380 0.042095 0.013183
60362.035266 60362.947500 -0.001482 0.011308
60363.004525 60363.980926 0.001905 0.010692
60364.038067 60364.949884 -0.016796 0.011945
60365.007951 60365.982778 -0.007431 0.012821
60366.041817 60366.965810 0.012996 0.014006
60367.010891 60367.998912 0.019040 0.015708
60368.059086 60368.967199 0.026290 0.013034
60369.027141 60369.999931 0.007916 0.010805
60370.060266 60370.968079 0.002155 0.010560
60371.028692 60371.419861 -0.002913 0.013198
60373.094236 60374.001111 0.020435 0.009437
60374.062245 60374.969086 0.009319 0.008936
60375.030417 60376.001470 0.012482 0.008909
60376.062940 60376.969340 0.003046 0.009060
60377.030810 60377.937130 0.019798 0.008887
60377.998727 60378.969444 0.014144 0.008872
60379.031157 60379.937211 0.004914 0.009377
60379.998924 60380.969630 0.013778 0.009717
60381.095926 60381.743843 -0.013265 0.013259
60383.482951 60383.937662 0.021952 0.015705
60383.999410 60384.970579 0.028434 0.013118
60385.032234 60385.938912 0.024850 0.013957
60386.000567 60386.971528 0.049593 0.014830
60387.485359 60387.989699 0.038540 0.016873
60388.051887 60388.957894 0.039945 0.016101
60389.019479 60389.990972 0.062866 0.019756
60390.052442 60390.926667 0.059573 0.022520
60391.408229 60391.992315 0.078677 0.020576
60392.053715 60392.960579 0.089859 0.017432
60393.021910 60393.993588 0.076395 0.017128
60394.054850 60394.413067 0.049959 0.024874
60395.216447 60395.994398 0.086330 0.018665
60396.055475 60396.187940 0.056913 0.040514
60397.153044 60397.995694 0.076409 0.018774
60398.056771 60398.963981 0.044460 0.018439
60399.025012 60399.996759 0.056150 0.018588
60400.186956 60400.964931 0.051761 0.018541
60401.219780 60401.933125 0.037822 0.020249
60402.187905 60402.900486 0.082204 0.020328
60403.220567 60403.803843 0.071356 0.023328
60404.188715 60404.707199 0.030431 0.024381
60405.156678 60405.417731 0.072878 0.030123
60406.189410 60406.321088 0.059442 0.037396
60409.431400 60409.627014 0.033170 0.024185
60410.462882 60410.659120 0.059098 0.023491
60411.430498 60411.691273 0.013217 0.018998
60412.462373 60412.722986 0.066430 0.020152
60414.461910 60414.980718 0.059599 0.014260
60415.429317 60415.948148 0.040950 0.012122
60416.009826 60416.979988 0.039560 0.010600
60417.041829 60417.947338 0.033379 0.009716
60418.008912 60418.979190 0.035709 0.009053
60419.041516 60419.946528 0.024595 0.009436
60420.007928 60420.978299 0.044718 0.009009
60421.039618 60421.945451 0.028843 0.008433
60422.006725 60422.977141 0.026252 0.008461
60423.038345 60423.106285 0.029776 0.025872
60424.908044 60424.976389 0.016306 0.022292
60425.037326 60425.943634 0.021867 0.008996
60426.004132 60426.975787 0.003349 0.008163
60427.035775 60427.943495 -0.005011 0.007951
60428.003137 60428.975787 0.005097 0.008039
60429.035150 60429.492245 0.032737 0.012073
60432.119132 60432.589398 -0.011628 0.012144
60433.150706 60433.351991 0.003631 0.017677
60436.250660 60436.967523 -0.002440 0.010831
60437.090313 60438.000370 0.002356 0.010966
60438.316771 60438.967500 -0.001313 0.012798
60439.349711 60439.934051 0.008632 0.014402
60440.446400 60440.579074 0.038245 0.031168
60442.652650 60442.979329 0.026443 0.014767
60443.039711 60443.947176 0.032474 0.010554
60444.007812 60444.075926 0.027783 0.023255
60445.684225 60445.945451 0.007416 0.015270
60446.006551 60446.976632 -0.000165 0.007419
60447.037998 60447.943426 0.013734 0.007998
60448.004757 60448.974537 0.005912 0.007625
60449.035972 60449.941169 0.003143 0.007687
60450.002824 60450.972269 0.004253 0.007768
60451.033924 60451.938843 -0.001932 0.008237
60452.000486 60452.969873 -0.000146 0.008706
60453.031493 60454.000833 -0.018629 0.008473
60454.323414 60454.390556 -0.001331 0.024884
60456.319271 60456.966898 0.021241 0.011389
60457.028623 60457.998819 0.008317 0.011210
60458.253970 60458.965764 0.021658 0.012475
60459.027488 60459.868657 0.057586 0.013981
60460.252836 60460.835301 0.045118 0.014516
60461.220382 60461.852917 0.043899 0.016389
60462.593275 60462.724826 0.028843 0.022595
60463.333414 60463.916991 0.002868 0.015840
60464.301424 60464.948912 0.016367 0.016768
60465.268322 60465.980856 0.026061 0.016377
60466.107211 60466.948333 0.023639 0.016004
60467.009988 60467.980648 0.023727 0.014564
60468.041748 60468.948194 0.007064 0.014268
60469.654792 60469.657697 0.003620 0.026967
60470.041377 60470.947130 -0.005607 0.014932
60471.009248 60471.979514 0.019529 0.015378
60472.041632 60472.819190 0.015131 0.016610
60473.009340 60473.786991 0.044323 0.017403
60474.041655 60474.753981 0.010065 0.017632
60475.009363 60475.980370 -0.019861 0.017101
60476.041655 60476.496227 -0.007356 0.021829
60477.009780 60477.271227 -0.010919 0.027382
60478.042627 60478.238912 0.014007 0.030543
60479.075498 60479.142616 0.014952 0.042940
60482.253738 60482.384977 -0.006778 0.023893
60483.221238 60483.481921 -0.017936 0.015583
60484.253438 60484.514097 -0.025009 0.015707
60485.221285 60485.353102 -0.009429 0.018686
60487.221285 60487.804734 -0.003306 0.010690
60488.188970 60488.836956 -0.000963 0.010028
60489.221204 60489.739988 0.013649 0.010397
60490.188958 60490.772176 -0.001997 0.009091
60491.156620 60491.869132 0.007917 0.008152
60492.124502 60492.901701 0.005533 0.008216
60493.156713 60493.869583 0.010598 0.008030
60494.124468 60494.902049 0.012780 0.008085
