# ======================================================================
# FLAGGED DATA - KEPT CHANNELS ONLY
# ======================================================================
# 
# FLAGGING SUMMARY:
#   Total channels: 57
#   Flagged: 9 (15.8%)
#   Kept: 48 (84.2%)
# 
# FLAGGING CRITERIA APPLIED:
#   - Gross outliers: 2 channels
#   - Error outliers: 1 channels
#       Threshold: 4.0σ above median in log-space
#       Iterations: 2
#   - Spectral baseline clipping: 6 channels
# 
# COLUMN FORMAT: freq(Hz) I Q U V dI dQ dU dV
# ======================================================================
9.1617443848e+08 1.5090000000e-03 -5.6000000000e-05 7.1000000000e-05 6.9000000000e-05 1.4800000000e-04 1.3700000000e-04 1.5100000000e-04 1.1200000000e-04
9.2954943848e+08 1.8090000000e-03 2.0100000000e-04 -2.7000000000e-05 -6.3000000000e-05 1.6200000000e-04 1.6000000000e-04 1.3400000000e-04 1.4800000000e-04
9.5629943848e+08 1.6610000000e-03 -8.3000000000e-05 -1.1000000000e-04 1.0900000000e-04 1.4400000000e-04 1.2600000000e-04 1.3700000000e-04 1.3400000000e-04
9.6967443848e+08 1.8080000000e-03 -1.2000000000e-04 2.8000000000e-05 -6.4000000000e-05 1.1600000000e-04 1.0800000000e-04 1.1500000000e-04 1.1400000000e-04
9.8304943848e+08 1.5840000000e-03 9.6000000000e-05 -1.6000000000e-04 -8.0000000000e-05 1.2700000000e-04 1.1100000000e-04 1.0400000000e-04 1.0100000000e-04
9.9642443848e+08 1.5590000000e-03 5.2000000000e-05 -6.0000000000e-06 -1.4000000000e-05 1.1100000000e-04 1.0000000000e-04 1.0900000000e-04 1.0000000000e-04
1.0097994385e+09 1.5220000000e-03 1.0800000000e-04 -4.0000000000e-05 4.7000000000e-05 1.1900000000e-04 1.0700000000e-04 1.0800000000e-04 1.0400000000e-04
1.0231744385e+09 1.2490000000e-03 5.5000000000e-05 5.4000000000e-05 -2.5000000000e-05 1.2000000000e-04 1.1300000000e-04 1.1700000000e-04 1.1200000000e-04
1.0365494385e+09 1.4280000000e-03 7.0000000000e-06 8.0000000000e-05 9.1000000000e-05 1.1500000000e-04 1.0700000000e-04 1.0500000000e-04 1.0700000000e-04
1.0499244385e+09 1.5200000000e-03 6.9000000000e-05 -1.6100000000e-04 -1.1300000000e-04 1.1900000000e-04 1.0800000000e-04 1.0300000000e-04 1.0800000000e-04
1.0632994385e+09 1.5750000000e-03 2.0000000000e-05 2.0000000000e-06 -5.3000000000e-05 1.1500000000e-04 1.0600000000e-04 1.0700000000e-04 1.1600000000e-04
1.0766744385e+09 1.3750000000e-03 -4.8000000000e-05 4.5000000000e-05 2.2000000000e-04 1.0500000000e-04 9.8000000000e-05 1.0100000000e-04 9.6000000000e-05
1.0900494385e+09 1.5250000000e-03 1.8200000000e-04 -1.4000000000e-04 -4.1000000000e-05 1.0900000000e-04 9.5000000000e-05 1.0300000000e-04 9.9000000000e-05
1.1034244385e+09 1.4130000000e-03 7.0000000000e-05 -1.2000000000e-05 2.6000000000e-05 1.1100000000e-04 1.0000000000e-04 9.9000000000e-05 9.8000000000e-05
1.1167994385e+09 1.3900000000e-03 1.3800000000e-04 8.8000000000e-05 -8.8000000000e-05 9.9000000000e-05 1.0400000000e-04 1.0100000000e-04 9.5000000000e-05
1.1301744385e+09 1.3350000000e-03 1.1600000000e-04 -4.3000000000e-05 1.9000000000e-04 9.8000000000e-05 9.9000000000e-05 1.0900000000e-04 9.7000000000e-05
1.1435494385e+09 1.4840000000e-03 2.3100000000e-04 -0.0000000000e+00 6.7000000000e-05 1.2500000000e-04 1.1800000000e-04 1.1400000000e-04 1.0900000000e-04
1.1569244385e+09 1.4130000000e-03 2.1200000000e-04 -2.1000000000e-04 -1.0100000000e-04 1.2000000000e-04 1.0800000000e-04 1.1700000000e-04 1.1700000000e-04
1.1702994385e+09 1.3710000000e-03 1.0000000000e-04 -5.0000000000e-05 3.8000000000e-05 1.9100000000e-04 1.9700000000e-04 1.8600000000e-04 2.2100000000e-04
1.1970494385e+09 1.3870000000e-03 2.6500000000e-04 -6.9000000000e-05 2.6000000000e-04 1.4700000000e-04 1.4400000000e-04 1.3300000000e-04 1.5000000000e-04
1.2104244385e+09 1.5070000000e-03 -4.1000000000e-05 -6.3000000000e-05 1.7500000000e-04 2.3200000000e-04 1.8700000000e-04 2.1100000000e-04 2.2800000000e-04
1.2371744385e+09 1.3060000000e-03 -4.2000000000e-05 -7.4000000000e-05 3.7000000000e-05 1.3200000000e-04 1.1700000000e-04 1.2200000000e-04 1.2600000000e-04
1.2505494385e+09 1.4270000000e-03 -2.1000000000e-05 4.7000000000e-05 -1.0000000000e-05 1.1800000000e-04 1.1100000000e-04 1.1400000000e-04 1.0500000000e-04
1.2906744385e+09 1.2780000000e-03 1.9300000000e-04 -1.9600000000e-04 -2.5500000000e-04 1.7200000000e-04 1.7700000000e-04 1.5600000000e-04 1.6300000000e-04
1.3040494385e+09 1.3510000000e-03 -1.0200000000e-04 -2.7000000000e-05 -9.0000000000e-06 1.0500000000e-04 9.5000000000e-05 1.0000000000e-04 9.0000000000e-05
1.3174244385e+09 1.2310000000e-03 -7.1000000000e-05 3.5000000000e-05 4.0000000000e-05 9.3000000000e-05 8.8000000000e-05 8.0000000000e-05 9.1000000000e-05
1.3307994385e+09 1.2910000000e-03 9.4000000000e-05 -4.7000000000e-05 8.0000000000e-05 9.2000000000e-05 8.3000000000e-05 8.6000000000e-05 7.9000000000e-05
1.3575494385e+09 1.1740000000e-03 -2.1000000000e-05 -1.8900000000e-04 3.0000000000e-06 8.0000000000e-05 8.0000000000e-05 8.7000000000e-05 8.7000000000e-05
1.3709244385e+09 1.3750000000e-03 -2.8000000000e-05 -1.2000000000e-04 1.5800000000e-04 8.4000000000e-05 7.9000000000e-05 9.0000000000e-05 8.4000000000e-05
1.3842994385e+09 1.1820000000e-03 1.1300000000e-04 -4.0000000000e-05 3.9000000000e-05 8.7000000000e-05 7.6000000000e-05 9.8000000000e-05 8.7000000000e-05
1.3976744385e+09 1.4670000000e-03 -7.5000000000e-05 -8.3000000000e-05 7.7000000000e-05 8.1000000000e-05 8.5000000000e-05 9.9000000000e-05 7.7000000000e-05
1.4110494385e+09 1.1460000000e-03 6.8000000000e-05 -2.2500000000e-04 1.5900000000e-04 8.6000000000e-05 8.1000000000e-05 8.2000000000e-05 8.1000000000e-05
1.4244244385e+09 1.4930000000e-03 8.7000000000e-05 -5.7000000000e-05 4.3000000000e-05 1.0500000000e-04 1.0400000000e-04 1.0100000000e-04 1.1300000000e-04
1.4377994385e+09 1.2800000000e-03 5.4000000000e-05 -1.3500000000e-04 1.9000000000e-05 9.6000000000e-05 8.1000000000e-05 8.6000000000e-05 8.1000000000e-05
1.4511744385e+09 1.2960000000e-03 7.1000000000e-05 -8.9000000000e-05 7.2000000000e-05 8.5000000000e-05 8.7000000000e-05 8.7000000000e-05 8.3000000000e-05
1.4645494385e+09 1.1910000000e-03 2.4000000000e-05 -2.9000000000e-05 7.9000000000e-05 9.0000000000e-05 9.4000000000e-05 8.5000000000e-05 9.3000000000e-05
1.4779244385e+09 1.2720000000e-03 -9.1000000000e-05 -5.3000000000e-05 1.7000000000e-05 9.0000000000e-05 8.6000000000e-05 8.6000000000e-05 7.9000000000e-05
1.4912994385e+09 1.0860000000e-03 2.2200000000e-04 -1.6000000000e-05 2.8000000000e-05 9.2000000000e-05 8.4000000000e-05 8.1000000000e-05 1.0000000000e-04
1.5046744385e+09 1.1830000000e-03 9.6000000000e-05 3.4000000000e-05 3.0000000000e-05 1.0500000000e-04 9.7000000000e-05 9.5000000000e-05 1.0100000000e-04
1.5180494385e+09 1.1400000000e-03 -7.2000000000e-05 1.1500000000e-04 -4.6000000000e-05 1.0700000000e-04 1.0200000000e-04 1.1500000000e-04 1.0400000000e-04
1.5581744385e+09 1.3620000000e-03 1.6800000000e-04 -6.3000000000e-05 1.9500000000e-04 2.2000000000e-04 1.8600000000e-04 2.0200000000e-04 2.0900000000e-04
1.5715494385e+09 1.4150000000e-03 1.9800000000e-04 -1.7400000000e-04 -2.8700000000e-04 2.4000000000e-04 2.1000000000e-04 2.0400000000e-04 2.2500000000e-04
1.5849244385e+09 1.1530000000e-03 1.7300000000e-04 -1.8000000000e-05 2.8800000000e-04 1.7300000000e-04 1.5800000000e-04 1.6300000000e-04 1.7000000000e-04
1.5982994385e+09 1.1310000000e-03 4.4000000000e-05 -6.5000000000e-05 3.2000000000e-05 1.3700000000e-04 1.4400000000e-04 1.2900000000e-04 1.3900000000e-04
1.6116744385e+09 1.0980000000e-03 -2.0000000000e-05 -6.0000000000e-06 2.1000000000e-05 1.0900000000e-04 1.0200000000e-04 9.2000000000e-05 1.0100000000e-04
1.6250494385e+09 9.0600000000e-04 2.2200000000e-04 -2.5000000000e-05 3.5700000000e-04 1.6000000000e-04 1.7300000000e-04 1.6400000000e-04 1.6200000000e-04
1.6384244385e+09 1.0680000000e-03 1.7300000000e-04 -8.3000000000e-05 -4.5000000000e-05 1.0100000000e-04 9.2000000000e-05 1.0400000000e-04 9.9000000000e-05
1.6517994385e+09 1.3460000000e-03 3.9400000000e-04 1.4400000000e-04 1.2100000000e-04 1.8100000000e-04 1.9700000000e-04 1.9200000000e-04 1.8900000000e-04
