# ======================================================================
# FLAGGED DATA - KEPT CHANNELS ONLY
# ======================================================================
# 
# FLAGGING SUMMARY:
#   Total channels: 111
#   Flagged: 41 (36.9%)
#   Kept: 70 (63.1%)
# 
# FLAGGING CRITERIA APPLIED:
#   - Gross outliers: 6 channels
#   - Frequency ranges: 8 channels
#       Ranges: ['1.60~1.8']
#   - Error outliers: 7 channels
#       Threshold: 4.0σ above median in log-space
#       Iterations: 5
#   - Spectral baseline clipping: 16 channels
#   - Stokes V clipping: 4 channels
#       Threshold: 2.47σ
#       Reference: median
#       Iterations: 2
# 
# COLUMN FORMAT: freq(Hz) I Q U V dI dQ dU dV
# ======================================================================
9.0605175781e+08 1.0599900000e-01 3.1200000000e-04 -3.4400000000e-04 -2.1500000000e-04 1.9500000000e-04 1.6400000000e-04 1.7000000000e-04 1.5500000000e-04
9.1273925781e+08 1.0562600000e-01 1.0200000000e-04 -3.0500000000e-04 1.0000000000e-05 1.9700000000e-04 1.6500000000e-04 1.7000000000e-04 1.6600000000e-04
9.1942675781e+08 1.0580000000e-01 3.7900000000e-04 1.7700000000e-04 2.1100000000e-04 1.8500000000e-04 1.5400000000e-04 1.4400000000e-04 1.3600000000e-04
9.2611425781e+08 1.0542200000e-01 3.1300000000e-04 1.0000000000e-06 3.8000000000e-05 1.8600000000e-04 1.4300000000e-04 1.4900000000e-04 1.4500000000e-04
9.4617675781e+08 1.0549000000e-01 -1.4200000000e-04 2.1000000000e-05 -1.2600000000e-04 3.8100000000e-04 2.8700000000e-04 2.7900000000e-04 2.8300000000e-04
9.5286425781e+08 1.0509600000e-01 2.4600000000e-04 2.0800000000e-04 -5.8000000000e-05 1.9100000000e-04 1.5100000000e-04 1.3900000000e-04 1.3500000000e-04
9.5955175781e+08 1.0473900000e-01 2.4000000000e-04 -1.1000000000e-05 3.4000000000e-05 1.7100000000e-04 1.5100000000e-04 1.4000000000e-04 1.4900000000e-04
9.6623925781e+08 1.0482700000e-01 2.1500000000e-04 2.5900000000e-04 -1.9000000000e-05 1.8100000000e-04 1.5200000000e-04 1.5000000000e-04 1.3100000000e-04
9.7292675781e+08 1.0482000000e-01 -1.2600000000e-04 1.0600000000e-04 -1.8400000000e-04 1.7600000000e-04 1.6800000000e-04 1.4200000000e-04 1.3600000000e-04
9.7961425781e+08 1.0451600000e-01 1.1700000000e-04 1.1700000000e-04 -2.2000000000e-05 1.5700000000e-04 1.3600000000e-04 1.4300000000e-04 1.3000000000e-04
9.8630175781e+08 1.0452500000e-01 2.3600000000e-04 -1.8100000000e-04 -3.2200000000e-04 1.8400000000e-04 1.4100000000e-04 1.4100000000e-04 1.3000000000e-04
9.9298925781e+08 1.0404300000e-01 2.9600000000e-04 2.4000000000e-05 -1.7000000000e-05 1.7600000000e-04 1.3600000000e-04 1.3100000000e-04 1.2700000000e-04
9.9967675781e+08 1.0397900000e-01 4.1400000000e-04 1.1100000000e-04 -5.8000000000e-05 1.7600000000e-04 1.3000000000e-04 1.4700000000e-04 1.3800000000e-04
1.0063642578e+09 1.0388500000e-01 2.0700000000e-04 4.4000000000e-05 9.2000000000e-05 1.7700000000e-04 1.3200000000e-04 1.3400000000e-04 1.4400000000e-04
1.0130517578e+09 1.0393700000e-01 -1.1600000000e-04 -2.1300000000e-04 -5.5000000000e-05 1.7100000000e-04 1.3700000000e-04 1.4200000000e-04 1.1900000000e-04
1.0197392578e+09 1.0359100000e-01 2.5200000000e-04 1.8100000000e-04 5.8000000000e-05 1.6000000000e-04 1.3400000000e-04 1.3300000000e-04 1.2700000000e-04
1.0264267578e+09 1.0316000000e-01 2.3800000000e-04 4.0000000000e-06 1.0400000000e-04 1.7900000000e-04 1.4200000000e-04 1.4400000000e-04 1.5000000000e-04
1.0331142578e+09 1.0290800000e-01 2.6400000000e-04 -4.0900000000e-04 -2.2600000000e-04 1.7900000000e-04 1.6000000000e-04 1.4600000000e-04 1.4300000000e-04
1.0398017578e+09 1.0300900000e-01 2.8100000000e-04 1.1100000000e-04 4.6000000000e-05 1.6500000000e-04 1.4100000000e-04 1.3900000000e-04 1.4600000000e-04
1.0464892578e+09 1.0313600000e-01 -6.0000000000e-06 -1.1400000000e-04 -2.4100000000e-04 1.6200000000e-04 1.5600000000e-04 1.4500000000e-04 1.4400000000e-04
1.0531767578e+09 1.0327300000e-01 6.2000000000e-05 -3.2200000000e-04 -4.4000000000e-05 1.6900000000e-04 1.3100000000e-04 1.4100000000e-04 1.2000000000e-04
1.0598642578e+09 1.0301200000e-01 4.6300000000e-04 -1.4000000000e-04 -9.8000000000e-05 1.6100000000e-04 1.3200000000e-04 1.4600000000e-04 1.3500000000e-04
1.0665517578e+09 1.0308600000e-01 -1.0400000000e-04 -5.0000000000e-06 -2.2000000000e-05 1.7000000000e-04 1.1400000000e-04 1.3400000000e-04 1.2500000000e-04
1.0732392578e+09 1.0300700000e-01 2.2200000000e-04 9.7000000000e-05 -3.4600000000e-04 1.8100000000e-04 1.3500000000e-04 1.4900000000e-04 1.3500000000e-04
1.0799267578e+09 1.0278200000e-01 4.5700000000e-04 -6.4000000000e-05 -1.3000000000e-04 1.6300000000e-04 1.4300000000e-04 1.4200000000e-04 1.4400000000e-04
1.0866142578e+09 1.0196700000e-01 3.9800000000e-04 -5.3000000000e-04 2.9800000000e-04 2.3000000000e-04 1.9400000000e-04 1.8900000000e-04 1.8800000000e-04
1.0999892578e+09 1.0200800000e-01 5.7400000000e-04 -2.9600000000e-04 -2.6900000000e-04 1.6900000000e-04 1.3500000000e-04 1.2800000000e-04 1.2600000000e-04
1.1066767578e+09 1.0213600000e-01 4.5100000000e-04 -1.8000000000e-04 -2.3100000000e-04 1.6800000000e-04 1.3600000000e-04 1.3100000000e-04 1.3900000000e-04
1.1133642578e+09 1.0232800000e-01 5.0500000000e-04 6.8000000000e-05 -3.1000000000e-05 1.5900000000e-04 1.2200000000e-04 1.2700000000e-04 1.2600000000e-04
1.1200517578e+09 1.0218200000e-01 1.1600000000e-04 -1.7000000000e-05 1.1000000000e-05 1.6700000000e-04 1.3700000000e-04 1.3700000000e-04 1.3200000000e-04
1.1267392578e+09 1.0208500000e-01 1.9500000000e-04 1.0300000000e-04 -1.8700000000e-04 1.5400000000e-04 1.3200000000e-04 1.4300000000e-04 1.4700000000e-04
1.1334267578e+09 1.0123300000e-01 4.1300000000e-04 -4.6000000000e-05 8.0000000000e-05 1.5200000000e-04 1.4700000000e-04 1.2500000000e-04 1.2500000000e-04
1.1401142578e+09 1.0152900000e-01 -5.3000000000e-05 -3.4300000000e-04 -2.8700000000e-04 1.7000000000e-04 1.2900000000e-04 1.4600000000e-04 1.3800000000e-04
1.1534892578e+09 1.0145400000e-01 2.9400000000e-04 -7.6000000000e-05 -2.1200000000e-04 1.6100000000e-04 1.5000000000e-04 1.3600000000e-04 1.2900000000e-04
1.1668642578e+09 1.0169900000e-01 5.2200000000e-04 6.4000000000e-05 7.1000000000e-05 1.9800000000e-04 1.5700000000e-04 1.4700000000e-04 1.5700000000e-04
1.1936142578e+09 1.0045600000e-01 2.0200000000e-04 1.0800000000e-04 -3.5500000000e-04 2.0400000000e-04 1.4700000000e-04 1.4800000000e-04 1.4700000000e-04
1.2538017578e+09 1.0062800000e-01 2.3800000000e-04 2.0000000000e-04 -1.2300000000e-04 1.7300000000e-04 1.3200000000e-04 1.2400000000e-04 1.2800000000e-04
1.3006142578e+09 1.0028100000e-01 3.7100000000e-04 -1.8900000000e-04 -1.5100000000e-04 1.6600000000e-04 1.3200000000e-04 1.2700000000e-04 1.3200000000e-04
1.3073017578e+09 1.0029300000e-01 7.4000000000e-05 -4.3300000000e-04 -7.4000000000e-05 1.3500000000e-04 1.1600000000e-04 1.1800000000e-04 1.1600000000e-04
1.3139892578e+09 1.0019000000e-01 1.2800000000e-04 -3.4000000000e-05 -4.1000000000e-05 1.3700000000e-04 1.1800000000e-04 1.1300000000e-04 1.1800000000e-04
1.3206767578e+09 1.0039300000e-01 2.7500000000e-04 -9.7000000000e-05 -1.1900000000e-04 1.3400000000e-04 1.1500000000e-04 1.1800000000e-04 1.1300000000e-04
1.3273642578e+09 9.9986000000e-02 1.7200000000e-04 -1.1500000000e-04 7.8000000000e-05 1.2400000000e-04 1.1000000000e-04 1.0700000000e-04 1.1500000000e-04
1.3340517578e+09 9.9892000000e-02 1.8200000000e-04 1.7100000000e-04 6.5000000000e-05 1.2600000000e-04 1.1100000000e-04 1.1500000000e-04 1.1600000000e-04
1.3407392578e+09 9.9558000000e-02 3.9400000000e-04 -1.0000000000e-05 -2.1600000000e-04 1.3000000000e-04 1.0800000000e-04 1.0900000000e-04 1.1400000000e-04
1.3474267578e+09 9.9734000000e-02 3.4500000000e-04 -1.6900000000e-04 -5.0000000000e-05 1.3100000000e-04 1.1500000000e-04 1.1800000000e-04 1.1300000000e-04
1.3541142578e+09 9.9802000000e-02 2.0300000000e-04 -8.0000000000e-05 -1.9300000000e-04 1.2700000000e-04 1.0900000000e-04 1.1600000000e-04 1.0900000000e-04
1.3608017578e+09 9.9673000000e-02 2.6700000000e-04 -3.1500000000e-04 -8.8000000000e-05 1.2100000000e-04 1.0800000000e-04 1.1200000000e-04 1.0500000000e-04
1.3674892578e+09 9.9484000000e-02 2.2600000000e-04 -7.3000000000e-05 8.0000000000e-06 1.3200000000e-04 1.0400000000e-04 1.0800000000e-04 1.1100000000e-04
1.3741767578e+09 9.9523000000e-02 1.3500000000e-04 1.0000000000e-06 -1.1400000000e-04 1.2500000000e-04 1.1000000000e-04 1.0200000000e-04 1.0800000000e-04
1.3808642578e+09 9.9074000000e-02 3.8900000000e-04 -1.8500000000e-04 3.6000000000e-05 1.2500000000e-04 1.0500000000e-04 1.1500000000e-04 1.1500000000e-04
1.3875517578e+09 9.9407000000e-02 2.6500000000e-04 -1.3500000000e-04 8.0000000000e-05 1.2300000000e-04 1.1600000000e-04 1.1600000000e-04 1.1900000000e-04
1.3942392578e+09 9.9729000000e-02 2.7700000000e-04 -1.2000000000e-04 4.2000000000e-05 1.2300000000e-04 1.0400000000e-04 1.1200000000e-04 1.1400000000e-04
1.4009267578e+09 9.9354000000e-02 3.4100000000e-04 0.0000000000e+00 -1.0800000000e-04 1.2700000000e-04 1.0900000000e-04 1.0400000000e-04 1.0500000000e-04
1.4076142578e+09 9.9419000000e-02 3.4800000000e-04 5.7000000000e-05 -3.3000000000e-05 1.1900000000e-04 1.1100000000e-04 1.1100000000e-04 1.0700000000e-04
1.4143017578e+09 9.9287000000e-02 3.5500000000e-04 -1.9600000000e-04 -5.2000000000e-05 1.2100000000e-04 1.1200000000e-04 1.1300000000e-04 1.1400000000e-04
1.4209892578e+09 9.9389000000e-02 6.3800000000e-04 8.4000000000e-05 -3.4600000000e-04 1.9800000000e-04 1.7200000000e-04 1.7300000000e-04 1.6700000000e-04
1.4276767578e+09 9.9392000000e-02 2.6200000000e-04 -7.6000000000e-05 -1.9000000000e-05 1.2600000000e-04 1.1400000000e-04 1.1500000000e-04 1.1300000000e-04
1.4343642578e+09 9.9177000000e-02 2.9200000000e-04 5.1000000000e-05 -2.2500000000e-04 1.2000000000e-04 1.0900000000e-04 1.0600000000e-04 1.0500000000e-04
1.4410517578e+09 9.9107000000e-02 2.9000000000e-05 -1.8900000000e-04 -1.2300000000e-04 1.3000000000e-04 1.1200000000e-04 1.1600000000e-04 1.0900000000e-04
1.4477392578e+09 9.9211000000e-02 2.5600000000e-04 -3.4200000000e-04 1.5900000000e-04 1.2300000000e-04 1.1400000000e-04 1.0700000000e-04 1.1600000000e-04
1.4544267578e+09 9.9096000000e-02 2.4200000000e-04 -2.4700000000e-04 1.4600000000e-04 1.2000000000e-04 1.1000000000e-04 1.1700000000e-04 1.1100000000e-04
1.4611142578e+09 9.9071000000e-02 6.5000000000e-05 5.6000000000e-05 2.0000000000e-05 1.2900000000e-04 1.1900000000e-04 1.1700000000e-04 1.2700000000e-04
1.4678017578e+09 9.9226000000e-02 2.7000000000e-04 -1.1400000000e-04 -5.3000000000e-05 1.2600000000e-04 1.0600000000e-04 1.2400000000e-04 1.1400000000e-04
1.4744892578e+09 9.9215000000e-02 7.8000000000e-05 -2.1300000000e-04 -2.3200000000e-04 1.2700000000e-04 1.1300000000e-04 1.1300000000e-04 1.1700000000e-04
1.4811767578e+09 9.9030000000e-02 1.2300000000e-04 -7.1000000000e-05 -1.2800000000e-04 1.1900000000e-04 1.1700000000e-04 1.0900000000e-04 1.1900000000e-04
1.4878642578e+09 9.8661000000e-02 2.2700000000e-04 -4.3000000000e-05 1.6000000000e-05 1.1800000000e-04 1.1500000000e-04 1.2300000000e-04 1.1100000000e-04
1.4945517578e+09 9.8814000000e-02 4.0900000000e-04 -1.4800000000e-04 -1.0000000000e-04 1.2500000000e-04 1.1300000000e-04 1.1000000000e-04 1.1200000000e-04
1.5012392578e+09 9.8885000000e-02 4.5700000000e-04 -1.3500000000e-04 1.5600000000e-04 1.1700000000e-04 1.0600000000e-04 1.0800000000e-04 1.2000000000e-04
1.5079267578e+09 9.9089000000e-02 2.9200000000e-04 -3.1000000000e-05 -8.3000000000e-05 1.3100000000e-04 1.0100000000e-04 1.1200000000e-04 1.0300000000e-04
1.5146142578e+09 9.9170000000e-02 2.2000000000e-04 -1.8100000000e-04 -6.6000000000e-05 1.3000000000e-04 1.1700000000e-04 1.1000000000e-04 1.1700000000e-04
