9.011275634765620232e+08 7.040499999999999536e-02 4.148999999999999910e-03 -3.164999999999999845e-03 5.190000000000000386e-04 4.470000000000000232e-04 4.730000000000000046e-04
9.111588134765620232e+08 6.967399999999999982e-02 3.654000000000000130e-03 -3.052000000000000025e-03 2.449999999999999921e-04 2.460000000000000164e-04 2.489999999999999809e-04
9.145025634765620232e+08 6.986699999999999855e-02 3.640000000000000006e-03 -2.965000000000000187e-03 2.719999999999999979e-04 2.269999999999999882e-04 2.519999999999999996e-04
9.178463134765620232e+08 6.981900000000000606e-02 4.091000000000000018e-03 -3.366000000000000068e-03 2.799999999999999755e-04 2.799999999999999755e-04 2.539999999999999940e-04
9.211900634765620232e+08 6.973300000000000332e-02 3.939999999999999926e-03 -3.334999999999999857e-03 2.629999999999999959e-04 2.629999999999999959e-04 2.829999999999999942e-04
9.278775634765620232e+08 6.911799999999999888e-02 4.105000000000000142e-03 -3.380999999999999891e-03 3.080000000000000055e-04 2.290000000000000098e-04 2.290000000000000098e-04
9.312213134765620232e+08 6.927800000000000624e-02 3.601000000000000034e-03 -2.873999999999999819e-03 2.579999999999999828e-04 2.449999999999999921e-04 2.750000000000000166e-04
9.512838134765620232e+08 6.855899999999999495e-02 3.980000000000000031e-03 -2.589000000000000155e-03 2.660000000000000146e-04 2.860000000000000129e-04 2.550000000000000183e-04
9.546275634765620232e+08 6.885800000000000254e-02 4.226999999999999855e-03 -2.873999999999999819e-03 2.880000000000000073e-04 2.739999999999999923e-04 2.669999999999999847e-04
9.579713134765620232e+08 6.820299999999999974e-02 3.736000000000000171e-03 -2.549000000000000050e-03 3.249999999999999851e-04 2.829999999999999942e-04 3.200000000000000262e-04
9.613150634765620232e+08 6.794999999999999651e-02 4.124000000000000062e-03 -2.729000000000000089e-03 2.869999999999999830e-04 2.380000000000000117e-04 2.519999999999999996e-04
9.646588134765620232e+08 6.779399999999999316e-02 3.957999999999999713e-03 -2.958000000000000126e-03 2.959999999999999849e-04 2.359999999999999902e-04 2.120000000000000031e-04
9.680025634765620232e+08 6.779599999999999516e-02 3.748000000000000029e-03 -3.080999999999999971e-03 2.539999999999999940e-04 2.449999999999999921e-04 2.380000000000000117e-04
9.713463134765620232e+08 6.732399999999999496e-02 3.798999999999999860e-03 -2.565000000000000006e-03 2.300000000000000070e-04 2.280000000000000126e-04 2.120000000000000031e-04
9.746900634765620232e+08 6.754000000000000281e-02 4.113999999999999602e-03 -2.746999999999999876e-03 2.400000000000000061e-04 2.049999999999999956e-04 2.110000000000000059e-04
9.780338134765620232e+08 6.699800000000000200e-02 4.279999999999999950e-03 -2.939000000000000206e-03 2.559999999999999884e-04 2.100000000000000087e-04 2.039999999999999984e-04
9.813775634765620232e+08 6.726300000000000334e-02 4.114999999999999734e-03 -2.406000000000000152e-03 2.550000000000000183e-04 2.489999999999999809e-04 2.339999999999999958e-04
9.847213134765620232e+08 6.647400000000000531e-02 3.911999999999999679e-03 -2.847000000000000138e-03 2.410000000000000033e-04 2.280000000000000126e-04 2.190000000000000106e-04
9.880650634765620232e+08 6.661499999999999366e-02 4.063999999999999904e-03 -2.758000000000000035e-03 2.439999999999999949e-04 2.329999999999999986e-04 2.269999999999999882e-04
9.914088134765620232e+08 6.644300000000000206e-02 3.697999999999999898e-03 -2.273999999999999980e-03 2.429999999999999977e-04 2.049999999999999956e-04 2.530000000000000239e-04
9.947525634765620232e+08 6.664599999999999691e-02 4.057999999999999975e-03 -2.419999999999999842e-03 2.329999999999999986e-04 2.100000000000000087e-04 2.329999999999999986e-04
9.980963134765620232e+08 6.618400000000000671e-02 4.329000000000000382e-03 -2.181000000000000213e-03 2.259999999999999910e-04 2.000000000000000096e-04 2.369999999999999874e-04
1.001440063476559997e+09 6.648999999999999355e-02 4.426000000000000247e-03 -2.350000000000000092e-03 2.359999999999999902e-04 2.489999999999999809e-04 2.110000000000000059e-04
1.004783813476559997e+09 6.565899999999999515e-02 3.929000000000000201e-03 -2.181999999999999912e-03 2.489999999999999809e-04 2.310000000000000042e-04 2.180000000000000134e-04
1.008127563476559997e+09 6.565999999999999615e-02 3.977999999999999765e-03 -2.366000000000000048e-03 2.410000000000000033e-04 1.949999999999999965e-04 2.169999999999999891e-04
1.011471313476559997e+09 6.529100000000000181e-02 3.957999999999999713e-03 -2.364000000000000216e-03 2.449999999999999921e-04 2.190000000000000106e-04 2.220000000000000022e-04
1.014815063476559997e+09 6.539799999999999780e-02 4.120999999999999663e-03 -2.523000000000000069e-03 2.349999999999999930e-04 2.169999999999999891e-04 2.200000000000000078e-04
1.018158813476559997e+09 6.554000000000000103e-02 4.231000000000000386e-03 -2.328999999999999907e-03 2.110000000000000059e-04 2.220000000000000022e-04 2.229999999999999994e-04
1.021502563476559997e+09 6.544600000000000417e-02 3.815999999999999948e-03 -2.190999999999999805e-03 2.460000000000000164e-04 1.949999999999999965e-04 2.039999999999999984e-04
1.024846313476559997e+09 6.473099999999999687e-02 3.804000000000000090e-03 -2.158999999999999895e-03 2.329999999999999986e-04 2.139999999999999975e-04 2.290000000000000098e-04
1.038221313476559997e+09 6.486300000000000399e-02 4.135999999999999920e-03 -2.086000000000000180e-03 2.320000000000000014e-04 1.979999999999999881e-04 2.020000000000000040e-04
1.041565063476559997e+09 6.471799999999999775e-02 4.531999999999999570e-03 -2.330000000000000040e-03 2.429999999999999977e-04 2.259999999999999910e-04 2.339999999999999958e-04
1.044908813476559997e+09 6.453299999999999315e-02 3.850000000000000124e-03 -2.197000000000000168e-03 2.149999999999999947e-04 2.169999999999999891e-04 2.509999999999999753e-04
1.048252563476559997e+09 6.370099999999999374e-02 3.902999999999999785e-03 -1.988999999999999883e-03 2.110000000000000059e-04 2.210000000000000050e-04 2.249999999999999938e-04
1.051596313476559997e+09 6.386600000000000610e-02 4.310999999999999728e-03 -2.282999999999999873e-03 2.799999999999999755e-04 2.559999999999999884e-04 2.550000000000000183e-04
1.054940063476559997e+09 6.367699999999999749e-02 4.026000000000000065e-03 -1.958999999999999804e-03 2.139999999999999975e-04 2.200000000000000078e-04 2.220000000000000022e-04
1.058283813476559997e+09 6.365300000000000125e-02 3.872000000000000008e-03 -2.046000000000000076e-03 2.460000000000000164e-04 2.280000000000000126e-04 2.509999999999999753e-04
1.061627563476559997e+09 6.354400000000000326e-02 3.969999999999999571e-03 -1.778999999999999982e-03 2.120000000000000031e-04 2.039999999999999984e-04 2.300000000000000070e-04
1.064971313476559997e+09 6.340300000000000102e-02 3.827000000000000107e-03 -2.295999999999999864e-03 2.280000000000000126e-04 2.110000000000000059e-04 1.939999999999999993e-04
1.068315063476559997e+09 6.326700000000000379e-02 4.019000000000000003e-03 -2.161999999999999859e-03 2.249999999999999938e-04 2.249999999999999938e-04 2.190000000000000106e-04
1.071658813476559997e+09 6.350500000000000589e-02 3.968000000000000173e-03 -1.860000000000000108e-03 2.429999999999999977e-04 2.159999999999999919e-04 2.390000000000000089e-04
1.075002563476560116e+09 6.371300000000000574e-02 4.386000000000000142e-03 -2.102999999999999835e-03 2.120000000000000031e-04 2.000000000000000096e-04 2.169999999999999891e-04
1.078346313476560116e+09 6.338799999999999990e-02 3.931999999999999731e-03 -2.229000000000000078e-03 2.259999999999999910e-04 2.300000000000000070e-04 2.000000000000000096e-04
1.081690063476560116e+09 6.336700000000000665e-02 4.092000000000000151e-03 -1.605000000000000090e-03 2.210000000000000050e-04 2.169999999999999891e-04 2.000000000000000096e-04
1.098408813476560116e+09 6.295399999999999607e-02 4.093000000000000284e-03 -1.771999999999999921e-03 2.100000000000000087e-04 2.249999999999999938e-04 2.329999999999999986e-04
1.101752563476560116e+09 6.237499999999999989e-02 4.492999999999999598e-03 -2.397999999999999958e-03 2.489999999999999809e-04 2.390000000000000089e-04 2.420000000000000005e-04
1.105096313476560116e+09 6.297999999999999432e-02 3.993000000000000022e-03 -1.781999999999999947e-03 2.290000000000000098e-04 2.259999999999999910e-04 2.159999999999999919e-04
1.111783813476560116e+09 6.258600000000000274e-02 4.422999999999999848e-03 -2.152999999999999966e-03 2.629999999999999959e-04 2.130000000000000003e-04 2.539999999999999940e-04
1.115127563476560116e+09 6.274699999999999722e-02 3.772000000000000179e-03 -1.394000000000000057e-03 2.000000000000000096e-04 2.100000000000000087e-04 1.820000000000000057e-04
1.118471313476560116e+09 6.309499999999999831e-02 3.989999999999999623e-03 -1.291999999999999963e-03 2.239999999999999966e-04 1.979999999999999881e-04 2.220000000000000022e-04
1.121815063476560116e+09 6.300600000000000644e-02 4.179000000000000423e-03 -1.796999999999999986e-03 2.400000000000000061e-04 2.030000000000000012e-04 2.000000000000000096e-04
1.125158813476560116e+09 6.185299999999999826e-02 3.985999999999999960e-03 -1.943999999999999981e-03 1.990000000000000124e-04 2.329999999999999986e-04 2.010000000000000068e-04
1.128502563476560116e+09 6.193900000000000100e-02 3.906000000000000184e-03 -1.817999999999999955e-03 2.030000000000000012e-04 2.149999999999999947e-04 1.949999999999999965e-04
1.131846313476560116e+09 6.184100000000000014e-02 3.884999999999999998e-03 -1.788000000000000093e-03 2.159999999999999919e-04 2.130000000000000003e-04 2.149999999999999947e-04
1.138533813476560116e+09 6.237299999999999789e-02 4.307000000000000065e-03 -1.812000000000000026e-03 2.320000000000000014e-04 2.090000000000000115e-04 2.079999999999999872e-04
1.141877563476560116e+09 6.198300000000000337e-02 4.340000000000000108e-03 -2.015999999999999997e-03 2.200000000000000078e-04 2.059999999999999928e-04 2.249999999999999938e-04
1.158596313476560116e+09 6.184699999999999920e-02 3.860999999999999849e-03 -1.415000000000000025e-03 2.120000000000000031e-04 1.969999999999999909e-04 2.130000000000000003e-04
1.165283813476560116e+09 6.039400000000000324e-02 3.981000000000000164e-03 -1.505000000000000044e-03 2.200000000000000078e-04 2.229999999999999994e-04 2.010000000000000068e-04
1.168627563476560116e+09 6.042499999999999954e-02 3.651000000000000165e-03 -1.412000000000000061e-03 3.609999999999999928e-04 3.220000000000000206e-04 3.040000000000000167e-04
1.192033813476560116e+09 6.079799999999999788e-02 4.036999999999999790e-03 -1.716999999999999993e-03 2.449999999999999921e-04 2.249999999999999938e-04 2.159999999999999919e-04
1.198721313476560116e+09 6.079099999999999782e-02 4.166999999999999697e-03 -9.399999999999999719e-04 2.739999999999999923e-04 2.480000000000000108e-04 2.500000000000000052e-04
1.232158813476560116e+09 5.975300000000000056e-02 3.665999999999999988e-03 -7.179999999999999967e-04 3.089999999999999756e-04 2.900000000000000017e-04 2.829999999999999942e-04
1.235502563476560116e+09 5.917200000000000237e-02 3.925999999999999802e-03 -1.874000000000000015e-03 2.709999999999999735e-04 2.750000000000000166e-04 2.660000000000000146e-04
1.238846313476560116e+09 6.013399999999999995e-02 3.831999999999999903e-03 -1.592000000000000099e-03 2.880000000000000073e-04 2.500000000000000052e-04 2.439999999999999949e-04
1.248877563476560116e+09 5.909799999999999776e-02 4.022999999999999667e-03 -1.732000000000000033e-03 2.400000000000000061e-04 2.079999999999999872e-04 2.369999999999999874e-04
1.285658813476560116e+09 5.922000000000000181e-02 4.096999999999999947e-03 -4.719999999999999803e-04 2.460000000000000164e-04 2.310000000000000042e-04 2.480000000000000108e-04
1.292346313476560116e+09 5.938199999999999729e-02 3.998999999999999951e-03 -1.670000000000000043e-03 2.860000000000000129e-04 2.449999999999999921e-04 2.719999999999999979e-04
1.302377563476560116e+09 5.833699999999999997e-02 4.229000000000000120e-03 -1.108999999999999960e-03 1.949999999999999965e-04 2.059999999999999928e-04 1.920000000000000049e-04
1.305721313476560116e+09 5.867499999999999799e-02 3.861999999999999982e-03 -1.320999999999999909e-03 1.849999999999999973e-04 1.879999999999999890e-04 1.810000000000000085e-04
1.309065063476560116e+09 5.863999999999999768e-02 4.099000000000000213e-03 -1.077000000000000049e-03 1.879999999999999890e-04 1.740000000000000010e-04 1.939999999999999993e-04
1.312408813476560116e+09 5.829399999999999860e-02 4.073000000000000231e-03 -1.097000000000000102e-03 1.920000000000000049e-04 1.789999999999999870e-04 1.710000000000000094e-04
1.315752563476560116e+09 5.815800000000000136e-02 3.977999999999999765e-03 -7.730000000000000326e-04 1.830000000000000029e-04 1.779999999999999898e-04 1.859999999999999945e-04
1.319096313476560116e+09 5.822000000000000092e-02 4.019000000000000003e-03 -8.159999999999999936e-04 1.689999999999999879e-04 1.879999999999999890e-04 2.090000000000000115e-04
1.322440063476560116e+09 5.757799999999999724e-02 4.152999999999999574e-03 -1.185000000000000072e-03 1.700000000000000122e-04 1.759999999999999954e-04 1.930000000000000021e-04
1.325783813476560116e+09 5.790000000000000008e-02 4.122999999999999929e-03 -8.289999999999999843e-04 1.749999999999999982e-04 1.640000000000000019e-04 1.830000000000000029e-04
1.329127563476560116e+09 5.796699999999999769e-02 3.942000000000000191e-03 -9.449999999999999850e-04 1.810000000000000085e-04 1.749999999999999982e-04 1.679999999999999907e-04
1.332471313476560116e+09 5.811199999999999699e-02 3.982000000000000296e-03 -9.110000000000000259e-04 1.849999999999999973e-04 1.749999999999999982e-04 1.890000000000000133e-04
1.335815063476560116e+09 5.757999999999999924e-02 4.150000000000000043e-03 -9.210000000000000521e-04 1.849999999999999973e-04 1.610000000000000103e-04 1.900000000000000105e-04
1.339158813476560116e+09 5.809500000000000081e-02 3.859000000000000017e-03 -1.126000000000000048e-03 1.930000000000000021e-04 1.879999999999999890e-04 1.810000000000000085e-04
1.342502563476560116e+09 5.786199999999999677e-02 3.935000000000000130e-03 -8.790000000000000070e-04 1.689999999999999879e-04 1.810000000000000085e-04 1.700000000000000122e-04
1.345846313476560116e+09 5.774800000000000072e-02 3.924000000000000404e-03 -1.013999999999999927e-03 1.879999999999999890e-04 1.489999999999999897e-04 1.810000000000000085e-04
1.349190063476560116e+09 5.791000000000000314e-02 3.972999999999999969e-03 -1.113000000000000057e-03 1.879999999999999890e-04 1.830000000000000029e-04 1.979999999999999881e-04
1.352533813476560116e+09 5.758900000000000130e-02 4.029999999999999728e-03 -7.399999999999999894e-04 1.710000000000000094e-04 1.890000000000000133e-04 1.840000000000000001e-04
1.355877563476560116e+09 5.735300000000000120e-02 4.212999999999999731e-03 -1.048000000000000103e-03 1.759999999999999954e-04 1.800000000000000113e-04 1.810000000000000085e-04
1.359221313476560116e+09 5.743600000000000094e-02 3.850999999999999823e-03 -9.520000000000000467e-04 1.689999999999999879e-04 1.849999999999999973e-04 1.810000000000000085e-04
1.362565063476560116e+09 5.733200000000000102e-02 3.729999999999999809e-03 -7.699999999999999597e-04 1.779999999999999898e-04 1.730000000000000038e-04 1.749999999999999982e-04
1.365908813476560116e+09 5.747499999999999831e-02 4.070999999999999966e-03 -7.439999999999999782e-04 1.879999999999999890e-04 1.749999999999999982e-04 1.810000000000000085e-04
1.369252563476560116e+09 5.711299999999999710e-02 3.969000000000000306e-03 -7.680000000000000195e-04 1.679999999999999907e-04 1.740000000000000010e-04 1.669999999999999935e-04
1.375940063476560116e+09 5.683499999999999663e-02 4.056999999999999842e-03 -8.239999999999999712e-04 1.759999999999999954e-04 1.810000000000000085e-04 1.720000000000000066e-04
1.379283813476560116e+09 5.675899999999999695e-02 4.042999999999999719e-03 -8.189999999999999581e-04 1.640000000000000019e-04 1.869999999999999917e-04 1.710000000000000094e-04
1.382627563476560116e+09 5.699300000000000199e-02 3.987000000000000093e-03 -9.510000000000000224e-04 1.849999999999999973e-04 1.740000000000000010e-04 1.789999999999999870e-04
1.385971313476560116e+09 5.732600000000000195e-02 3.970999999999999704e-03 -1.095999999999999969e-03 1.890000000000000133e-04 1.930000000000000021e-04 1.689999999999999879e-04
1.396002563476560116e+09 5.648999999999999855e-02 3.873000000000000140e-03 -1.162999999999999971e-03 1.859999999999999945e-04 1.820000000000000057e-04 1.779999999999999898e-04
1.402690063476560116e+09 5.675199999999999689e-02 3.874999999999999972e-03 -6.070000000000000092e-04 1.700000000000000122e-04 1.669999999999999935e-04 1.810000000000000085e-04
1.406033813476560116e+09 5.671600000000000252e-02 4.165000000000000299e-03 -8.679999999999999565e-04 1.730000000000000038e-04 1.859999999999999945e-04 2.000000000000000096e-04
1.409377563476560116e+09 5.631099999999999994e-02 3.738000000000000003e-03 -8.809999999999999472e-04 1.710000000000000094e-04 1.540000000000000028e-04 1.649999999999999991e-04
1.412721313476560116e+09 5.633200000000000013e-02 3.870999999999999875e-03 -7.069999999999999462e-04 1.689999999999999879e-04 2.039999999999999984e-04 1.700000000000000122e-04
1.416065063476560116e+09 5.627800000000000163e-02 3.982000000000000296e-03 -6.310000000000000504e-04 1.740000000000000010e-04 1.759999999999999954e-04 1.740000000000000010e-04
1.422752563476560116e+09 5.656699999999999923e-02 3.850000000000000124e-03 -6.589999999999999721e-04 2.519999999999999996e-04 2.449999999999999921e-04 2.259999999999999910e-04
1.426096313476560116e+09 5.612600000000000228e-02 3.922000000000000139e-03 -7.870000000000000476e-04 1.610000000000000103e-04 1.579999999999999916e-04 1.769999999999999926e-04
1.429440063476560116e+09 5.636700000000000044e-02 3.906000000000000184e-03 -9.920000000000000432e-04 1.979999999999999881e-04 1.740000000000000010e-04 1.640000000000000019e-04
1.432783813476560116e+09 5.634800000000000225e-02 3.504999999999999869e-03 -6.830000000000000134e-04 1.859999999999999945e-04 1.710000000000000094e-04 1.740000000000000010e-04
1.436127563476560116e+09 5.602000000000000035e-02 4.034000000000000259e-03 -4.260000000000000006e-04 1.720000000000000066e-04 1.730000000000000038e-04 1.689999999999999879e-04
1.439471313476560116e+09 5.591499999999999942e-02 3.831000000000000204e-03 -6.260000000000000373e-04 1.859999999999999945e-04 1.610000000000000103e-04 1.769999999999999926e-04
1.442815063476560116e+09 5.595599999999999880e-02 3.873999999999999840e-03 -4.220000000000000118e-04 1.800000000000000113e-04 1.679999999999999907e-04 1.689999999999999879e-04
1.446158813476560116e+09 5.561300000000000271e-02 3.945999999999999855e-03 -3.170000000000000075e-04 1.779999999999999898e-04 1.759999999999999954e-04 1.710000000000000094e-04
1.449502563476560116e+09 5.610699999999999715e-02 4.079000000000000160e-03 -7.330000000000000361e-04 1.730000000000000038e-04 1.649999999999999991e-04 1.730000000000000038e-04
1.452846313476560116e+09 5.587000000000000299e-02 3.569999999999999823e-03 -4.479999999999999933e-04 1.730000000000000038e-04 1.720000000000000066e-04 1.920000000000000049e-04
1.456190063476560116e+09 5.584900000000000281e-02 3.913999999999999944e-03 -6.989999999999999686e-04 1.939999999999999993e-04 1.749999999999999982e-04 1.869999999999999917e-04
1.459533813476560116e+09 5.516800000000000176e-02 3.929000000000000201e-03 -6.840000000000000377e-04 1.749999999999999982e-04 1.890000000000000133e-04 1.890000000000000133e-04
1.462877563476560116e+09 5.566000000000000114e-02 3.982000000000000296e-03 -5.760000000000000146e-04 1.789999999999999870e-04 1.710000000000000094e-04 1.730000000000000038e-04
1.466221313476560116e+09 5.573999999999999788e-02 3.924000000000000404e-03 -5.119999999999999768e-04 1.779999999999999898e-04 1.730000000000000038e-04 1.789999999999999870e-04
1.469565063476560116e+09 5.593900000000000261e-02 3.704999999999999960e-03 -1.126000000000000048e-03 1.820000000000000057e-04 1.710000000000000094e-04 1.779999999999999898e-04
1.472908813476560116e+09 5.541200000000000292e-02 3.989000000000000358e-03 -6.780000000000000002e-04 1.859999999999999945e-04 1.679999999999999907e-04 1.669999999999999935e-04
1.476252563476560116e+09 5.522900000000000031e-02 3.976000000000000367e-03 -4.699999999999999724e-05 2.030000000000000012e-04 1.820000000000000057e-04 1.759999999999999954e-04
1.479596313476560116e+09 5.533400000000000124e-02 4.020000000000000136e-03 -6.930000000000000396e-04 1.820000000000000057e-04 1.890000000000000133e-04 1.769999999999999926e-04
1.482940063476560116e+09 5.535199999999999843e-02 4.094000000000000417e-03 -7.050000000000000060e-04 1.730000000000000038e-04 1.689999999999999879e-04 1.890000000000000133e-04
1.486283813476560116e+09 5.519500000000000101e-02 4.120999999999999663e-03 -5.590000000000000351e-04 1.649999999999999991e-04 1.800000000000000113e-04 1.769999999999999926e-04
1.489627563476560116e+09 5.483199999999999880e-02 4.014000000000000207e-03 -5.370000000000000424e-04 1.830000000000000029e-04 1.720000000000000066e-04 1.710000000000000094e-04
1.492971313476560116e+09 5.518499999999999794e-02 4.165000000000000299e-03 -4.939999999999999730e-04 1.810000000000000085e-04 1.700000000000000122e-04 1.810000000000000085e-04
1.496315063476560116e+09 5.501299999999999940e-02 4.296000000000000339e-03 -3.800000000000000209e-04 1.759999999999999954e-04 1.720000000000000066e-04 1.669999999999999935e-04
1.499658813476560116e+09 5.483500000000000180e-02 3.937999999999999660e-03 -3.499999999999999964e-04 1.710000000000000094e-04 1.740000000000000010e-04 1.859999999999999945e-04
1.503002563476560116e+09 5.496700000000000197e-02 3.717999999999999951e-03 -5.950000000000000427e-04 1.669999999999999935e-04 1.710000000000000094e-04 1.869999999999999917e-04
1.506346313476560116e+09 5.516999999999999682e-02 3.932999999999999864e-03 -7.820000000000000345e-04 1.700000000000000122e-04 1.820000000000000057e-04 1.730000000000000038e-04
1.509690063476560116e+09 5.480999999999999761e-02 3.530999999999999851e-03 -9.110000000000000259e-04 1.849999999999999973e-04 1.820000000000000057e-04 1.920000000000000049e-04
1.513033813476560116e+09 5.466300000000000325e-02 4.054999999999999577e-03 -6.949999999999999798e-04 1.789999999999999870e-04 1.649999999999999991e-04 1.640000000000000019e-04
1.519721313476560116e+09 5.438799999999999885e-02 3.752999999999999826e-03 -0.000000000000000000e+00 2.059999999999999928e-04 1.930000000000000021e-04 2.110000000000000059e-04
1.523065063476560116e+09 5.487600000000000117e-02 3.837000000000000133e-03 -2.039999999999999984e-04 2.069999999999999900e-04 2.200000000000000078e-04 2.049999999999999956e-04
1.569877563476560116e+09 5.409699999999999925e-02 3.880999999999999901e-03 6.000000000000000152e-06 2.660000000000000146e-04 2.390000000000000089e-04 2.339999999999999958e-04
1.583252563476560116e+09 5.429199999999999998e-02 3.667999999999999820e-03 -7.799999999999999859e-05 2.610000000000000015e-04 2.210000000000000050e-04 2.149999999999999947e-04
1.596627563476560116e+09 5.407000000000000001e-02 4.185999999999999617e-03 -4.409999999999999858e-04 2.640000000000000202e-04 2.310000000000000042e-04 2.460000000000000164e-04
1.610002563476560116e+09 5.356799999999999756e-02 3.749000000000000162e-03 -3.159999999999999832e-04 1.800000000000000113e-04 1.769999999999999926e-04 1.820000000000000057e-04
1.613346313476560116e+09 5.357699999999999962e-02 3.824999999999999841e-03 -1.999999999999999909e-06 1.689999999999999879e-04 1.640000000000000019e-04 1.569999999999999944e-04
1.616690063476560116e+09 5.298699999999999938e-02 3.840999999999999796e-03 -3.460000000000000076e-04 1.990000000000000124e-04 1.890000000000000133e-04 1.959999999999999937e-04
1.630065063476560116e+09 5.392000000000000265e-02 3.709000000000000057e-03 -1.890000000000000133e-04 1.769999999999999926e-04 1.820000000000000057e-04 1.740000000000000010e-04
1.633408813476560116e+09 5.304899999999999893e-02 3.575000000000000053e-03 -1.289999999999999914e-04 1.920000000000000049e-04 1.700000000000000122e-04 1.679999999999999907e-04
1.636752563476560116e+09 5.325900000000000079e-02 3.753999999999999958e-03 -6.099999999999999872e-05 1.749999999999999982e-04 1.620000000000000075e-04 1.769999999999999926e-04
1.640096313476560116e+09 5.278900000000000259e-02 3.537999999999999912e-03 -3.620000000000000171e-04 1.840000000000000001e-04 1.689999999999999879e-04 1.890000000000000133e-04
1.643440063476560116e+09 5.294299999999999701e-02 3.676000000000000014e-03 -5.079999999999999880e-04 1.720000000000000066e-04 1.820000000000000057e-04 1.910000000000000077e-04
1.646783813476560116e+09 5.285600000000000021e-02 3.340000000000000087e-03 -4.020000000000000136e-04 1.920000000000000049e-04 1.810000000000000085e-04 2.010000000000000068e-04
