9.563000000000000000e+08 1.831380300000000005e+01 1.419289999999999941e+00 -4.432209999999999761e-01 1.879899999999999974e-02 1.134000000000000025e-03 1.265999999999999981e-03
9.697000000000000000e+08 1.815057200000000037e+01 1.451265999999999945e+00 -3.902840000000000198e-01 1.316799999999999915e-02 8.379999999999999862e-04 8.369999999999999619e-04
9.830000000000000000e+08 1.802686500000000080e+01 1.466455000000000064e+00 -3.508589999999999764e-01 9.393000000000000307e-03 5.150000000000000498e-04 6.350000000000000392e-04
9.964000000000000000e+08 1.791468400000000116e+01 1.478922000000000070e+00 -3.029669999999999863e-01 5.629000000000000323e-03 4.350000000000000026e-04 6.340000000000000149e-04
1.009800000000000000e+09 1.777626400000000118e+01 1.484804000000000013e+00 -2.550529999999999742e-01 6.179999999999999730e-03 3.829999999999999854e-04 6.149999999999999868e-04
1.023200000000000000e+09 1.767231400000000008e+01 1.506307999999999980e+00 -2.207079999999999875e-01 4.572999999999999808e-03 3.730000000000000134e-04 6.189999999999999756e-04
1.036500000000000000e+09 1.753776600000000130e+01 1.518950000000000022e+00 -1.788059999999999927e-01 4.553999999999999888e-03 2.889999999999999774e-04 6.030000000000000204e-04
1.049900000000000000e+09 1.740585499999999897e+01 1.542178000000000049e+00 -1.429940000000000100e-01 4.393000000000000203e-03 3.040000000000000167e-04 5.630000000000000239e-04
1.063300000000000000e+09 1.728622999999999976e+01 1.548162999999999956e+00 -1.060109999999999941e-01 4.138000000000000185e-03 2.649999999999999903e-04 6.149999999999999868e-04
1.076700000000000000e+09 1.718193399999999826e+01 1.541651000000000105e+00 -6.385100000000000497e-02 4.445000000000000166e-03 2.860000000000000129e-04 5.900000000000000296e-04
1.090000000000000000e+09 1.707358899999999835e+01 1.535625999999999935e+00 -1.311400000000000066e-02 4.263000000000000296e-03 2.620000000000000258e-04 5.910000000000000539e-04
1.103400000000000000e+09 1.696026600000000073e+01 1.543579000000000034e+00 2.096400000000000000e-02 2.967000000000000019e-03 2.439999999999999949e-04 5.749999999999999903e-04
1.116800000000000000e+09 1.685024999999999906e+01 1.531463999999999936e+00 6.194299999999999806e-02 3.559999999999999797e-03 2.629999999999999959e-04 5.720000000000000258e-04
1.130200000000000000e+09 1.674208799999999897e+01 1.527865000000000029e+00 9.809199999999999864e-02 4.333000000000000046e-03 2.910000000000000260e-04 5.490000000000000088e-04
1.143500000000000000e+09 1.663603799999999922e+01 1.518723999999999963e+00 1.342059999999999920e-01 3.436999999999999951e-03 2.649999999999999903e-04 5.400000000000000069e-04
1.156900000000000000e+09 1.653764200000000173e+01 1.506320000000000103e+00 1.721260000000000012e-01 3.226000000000000135e-03 2.790000000000000054e-04 5.609999999999999752e-04
1.170300000000000000e+09 1.643778199999999856e+01 1.499347999999999903e+00 2.007480000000000098e-01 4.742999999999999820e-03 4.299999999999999894e-04 6.009999999999999717e-04
1.183700000000000000e+09 1.634685100000000091e+01 1.491613000000000078e+00 2.430249999999999910e-01 3.573999999999999920e-03 3.660000000000000059e-04 5.450000000000000200e-04
1.197000000000000000e+09 1.625015099999999890e+01 1.486555000000000071e+00 2.640779999999999794e-01 2.863999999999999792e-03 3.699999999999999947e-04 5.529999999999999976e-04
1.210400000000000000e+09 1.617289500000000046e+01 1.475403999999999938e+00 3.001170000000000226e-01 3.969000000000000306e-03 4.970000000000000459e-04 6.369999999999999794e-04
1.223800000000000000e+09 1.607722300000000004e+01 1.466601000000000043e+00 3.212619999999999920e-01 3.736000000000000171e-03 3.930000000000000117e-04 5.619999999999999996e-04
1.237200000000000000e+09 1.598852899999999977e+01 1.459006000000000025e+00 3.489030000000000187e-01 2.602999999999999845e-03 3.629999999999999872e-04 5.770000000000000389e-04
1.250500000000000000e+09 1.590254400000000068e+01 1.457607000000000097e+00 3.684540000000000037e-01 3.503000000000000037e-03 3.240000000000000150e-04 5.529999999999999976e-04
1.263900000000000000e+09 1.582337899999999919e+01 1.450485999999999942e+00 3.854440000000000088e-01 2.941000000000000038e-03 5.339999999999999695e-04 6.089999999999999494e-04
1.277300000000000000e+09 1.572802500000000059e+01 1.436401000000000039e+00 4.149530000000000163e-01 3.828999999999999938e-03 5.069999999999999637e-04 6.509999999999999945e-04
1.290700000000000000e+09 1.563424299999999967e+01 1.428237999999999897e+00 4.346970000000000001e-01 3.844000000000000195e-03 3.690000000000000246e-04 5.259999999999999919e-04
1.304000000000000000e+09 1.555821399999999954e+01 1.418366000000000016e+00 4.552180000000000115e-01 3.239000000000000126e-03 3.220000000000000206e-04 4.920000000000000328e-04
1.317400000000000000e+09 1.548642199999999924e+01 1.406657999999999964e+00 4.784930000000000017e-01 2.439000000000000196e-03 3.089999999999999756e-04 4.949999999999999973e-04
1.330800000000000000e+09 1.540476199999999984e+01 1.398640000000000105e+00 4.970649999999999791e-01 2.657000000000000074e-03 3.530000000000000152e-04 5.299999999999999807e-04
1.344200000000000000e+09 1.532067200000000007e+01 1.397848999999999897e+00 5.115319999999999867e-01 2.693000000000000081e-03 3.449999999999999833e-04 5.010000000000000347e-04
1.357500000000000000e+09 1.524241499999999938e+01 1.390212000000000003e+00 5.285879999999999468e-01 3.226000000000000135e-03 3.589999999999999984e-04 5.090000000000000123e-04
1.370900000000000000e+09 1.517233000000000054e+01 1.380968999999999891e+00 5.441829999999999723e-01 2.968000000000000152e-03 3.089999999999999756e-04 5.130000000000000011e-04
1.384300000000000000e+09 1.509849400000000053e+01 1.367688999999999933e+00 5.589560000000000084e-01 2.501999999999999884e-03 3.460000000000000076e-04 5.109999999999999525e-04
1.397700000000000000e+09 1.501850300000000082e+01 1.351439999999999975e+00 5.725700000000000234e-01 2.916000000000000189e-03 3.449999999999999833e-04 4.780000000000000178e-04
1.411000000000000000e+09 1.493658499999999911e+01 1.336060999999999943e+00 5.886200000000000321e-01 3.223999999999999869e-03 3.669999999999999760e-04 4.739999999999999747e-04
1.424400000000000000e+09 1.486243400000000037e+01 1.325612000000000013e+00 6.007540000000000102e-01 3.177999999999999835e-03 3.589999999999999984e-04 4.949999999999999973e-04
1.437800000000000000e+09 1.479840500000000070e+01 1.316016999999999992e+00 6.120419999999999749e-01 2.537000000000000192e-03 3.970000000000000005e-04 4.820000000000000066e-04
1.451200000000000000e+09 1.473513499999999965e+01 1.307933999999999930e+00 6.243389999999999773e-01 2.380999999999999870e-03 3.939999999999999817e-04 4.710000000000000102e-04
1.464500000000000000e+09 1.465718799999999966e+01 1.296958000000000055e+00 6.374049999999999994e-01 2.700000000000000143e-03 3.950000000000000061e-04 4.350000000000000026e-04
1.477900000000000000e+09 1.458089499999999994e+01 1.286599000000000048e+00 6.495689999999999520e-01 2.870000000000000155e-03 3.959999999999999762e-04 4.899999999999999842e-04
1.491300000000000000e+09 1.450936699999999924e+01 1.276820999999999984e+00 6.618990000000000151e-01 2.541999999999999989e-03 4.060000000000000024e-04 4.879999999999999898e-04
1.504700000000000000e+09 1.443584899999999926e+01 1.267574999999999896e+00 6.709580000000000544e-01 3.098000000000000059e-03 4.119999999999999856e-04 4.910000000000000085e-04
1.518000000000000000e+09 1.436080800000000046e+01 1.257938999999999918e+00 6.823439999999999506e-01 2.674000000000000161e-03 4.319999999999999838e-04 4.979999999999999618e-04
1.531400000000000000e+09 1.428977500000000056e+01 1.254777000000000031e+00 6.845809999999999951e-01 5.119000000000000286e-03 6.220000000000000485e-04 6.189999999999999756e-04
1.544800000000000000e+09 1.421991200000000077e+01 1.233395000000000019e+00 7.013200000000000545e-01 3.347999999999999848e-03 4.859999999999999954e-04 4.970000000000000459e-04
1.558200000000000000e+09 1.415618300000000040e+01 1.225198999999999927e+00 7.145580000000000265e-01 2.769999999999999893e-03 4.580000000000000195e-04 4.479999999999999933e-04
1.571500000000000000e+09 1.408112200000000058e+01 1.214372999999999925e+00 7.247580000000000133e-01 2.833000000000000015e-03 5.109999999999999525e-04 4.939999999999999730e-04
1.584900000000000000e+09 1.400542699999999918e+01 1.206523000000000012e+00 7.269299999999999651e-01 2.755000000000000070e-03 5.119999999999999768e-04 4.679999999999999915e-04
1.598300000000000000e+09 1.392935899999999982e+01 1.197775000000000034e+00 7.294990000000000085e-01 4.691999999999999990e-03 5.429999999999999714e-04 5.000000000000000104e-04
1.611700000000000000e+09 1.384974799999999995e+01 1.188935000000000075e+00 7.360139999999999461e-01 2.612999999999999871e-03 4.620000000000000083e-04 4.629999999999999784e-04
1.625000000000000000e+09 1.378064799999999934e+01 1.175256000000000078e+00 7.406679999999999930e-01 2.331999999999999872e-03 5.100000000000000366e-04 4.809999999999999823e-04
1.638400000000000000e+09 1.369991100000000017e+01 1.164798999999999918e+00 7.456120000000000525e-01 2.769999999999999893e-03 4.899999999999999842e-04 5.010000000000000347e-04
1.651800000000000000e+09 1.362887100000000018e+01 1.145607999999999960e+00 7.549569999999999892e-01 2.869000000000000022e-03 4.670000000000000214e-04 4.910000000000000085e-04
