9.027994384765620232e+08 1.911225900000000166e+01 1.443505999999999956e+00 4.128430000000000155e-01 1.533600000000000067e-02 5.557000000000000307e-03 1.830000000000000029e-03
9.161744384765620232e+08 1.894624299999999906e+01 1.447549999999999892e+00 4.404529999999999834e-01 1.020599999999999979e-02 6.204000000000000313e-03 1.969999999999999963e-03
9.295494384765620232e+08 1.879387900000000045e+01 1.451359999999999983e+00 4.665839999999999987e-01 1.090099999999999923e-02 6.562000000000000124e-03 2.056000000000000102e-03
9.429244384765620232e+08 1.861921699999999902e+01 1.459583999999999993e+00 5.042799999999999505e-01 1.811300000000000063e-02 1.200900000000000058e-02 3.641999999999999838e-03
9.562994384765620232e+08 1.848663099999999915e+01 1.440263000000000071e+00 5.229810000000000292e-01 7.551999999999999685e-03 5.314000000000000147e-03 1.681999999999999901e-03
9.696744384765620232e+08 1.834079699999999846e+01 1.427983000000000002e+00 5.473770000000000024e-01 6.139000000000000359e-03 4.499999999999999660e-03 1.464999999999999939e-03
9.830494384765620232e+08 1.820835299999999890e+01 1.418355999999999950e+00 5.758820000000000050e-01 5.584000000000000422e-03 4.270000000000000358e-03 1.381999999999999982e-03
9.964244384765620232e+08 1.806422799999999995e+01 1.412665999999999977e+00 6.013460000000000472e-01 5.440000000000000391e-03 4.242000000000000111e-03 1.338999999999999913e-03
1.009799438476559997e+09 1.794525300000000101e+01 1.407763000000000098e+00 6.285359999999999836e-01 5.132000000000000277e-03 4.148999999999999910e-03 1.330999999999999935e-03
1.023174438476559997e+09 1.780702799999999897e+01 1.408895999999999926e+00 6.463349999999999929e-01 4.559999999999999817e-03 4.253999999999999969e-03 1.337999999999999997e-03
1.036549438476559997e+09 1.767199300000000051e+01 1.398892999999999942e+00 6.652390000000000247e-01 4.342000000000000373e-03 3.942000000000000191e-03 1.268999999999999946e-03
1.049924438476559997e+09 1.754670499999999933e+01 1.395157999999999898e+00 6.825700000000000101e-01 3.975000000000000235e-03 3.735000000000000039e-03 1.203999999999999992e-03
1.063299438476559997e+09 1.742679000000000045e+01 1.383793999999999969e+00 6.981039999999999468e-01 3.824999999999999841e-03 3.464000000000000065e-03 1.116000000000000021e-03
1.076674438476560116e+09 1.731505800000000050e+01 1.370204999999999895e+00 7.163059999999999983e-01 3.605999999999999830e-03 3.340000000000000087e-03 1.121999999999999950e-03
1.090049438476560116e+09 1.719344299999999848e+01 1.361817000000000055e+00 7.407899999999999485e-01 3.465000000000000198e-03 3.134000000000000067e-03 1.054000000000000032e-03
1.103424438476560116e+09 1.707018100000000160e+01 1.353995000000000060e+00 7.603630000000000111e-01 3.007999999999999823e-03 2.788000000000000114e-03 9.579999999999999757e-04
1.116799438476560116e+09 1.695603900000000053e+01 1.345207999999999959e+00 7.751980000000000537e-01 3.101000000000000024e-03 2.546000000000000086e-03 8.850000000000000444e-04
1.130174438476560116e+09 1.684777499999999861e+01 1.333040000000000003e+00 7.891660000000000341e-01 3.144000000000000093e-03 2.503000000000000017e-03 8.729999999999999696e-04
1.143549438476560116e+09 1.674127199999999860e+01 1.319649000000000072e+00 8.028309999999999613e-01 3.131000000000000102e-03 2.432999999999999833e-03 9.110000000000000259e-04
1.156924438476560116e+09 1.663458299999999923e+01 1.305571000000000037e+00 8.211129999999999818e-01 2.634000000000000057e-03 2.175999999999999983e-03 8.000000000000000383e-04
1.170299438476560116e+09 1.653190000000000026e+01 1.309303000000000106e+00 8.284679999999999822e-01 4.074000000000000364e-03 2.603999999999999978e-03 1.013999999999999927e-03
1.183674438476560116e+09 1.642764700000000033e+01 1.273979999999999890e+00 8.500290000000000346e-01 3.876999999999999804e-03 2.108000000000000065e-03 8.800000000000000313e-04
1.197049438476560116e+09 1.633439299999999861e+01 1.300551999999999930e+00 8.534580000000000499e-01 5.414000000000000409e-03 3.281000000000000062e-03 1.216000000000000067e-03
1.210424438476560116e+09 1.623231900000000039e+01 1.279809999999999892e+00 8.695000000000000506e-01 8.935000000000000234e-03 4.369999999999999753e-03 1.637000000000000000e-03
1.223799438476560116e+09 1.614261399999999824e+01 1.241019000000000094e+00 8.846089999999999787e-01 6.460999999999999729e-03 2.226999999999999813e-03 9.600000000000000243e-04
1.237174438476560116e+09 1.601516200000000012e+01 1.223065999999999987e+00 8.942579999999999973e-01 4.864000000000000268e-03 1.763000000000000027e-03 7.560000000000000530e-04
1.250549438476560116e+09 1.593313500000000005e+01 1.219681000000000015e+00 9.011219999999999786e-01 4.962000000000000265e-03 1.860000000000000108e-03 8.890000000000000333e-04
1.263924438476560116e+09 1.586516499999999930e+01 1.204568000000000083e+00 9.017220000000000235e-01 3.543000000000000142e-03 1.508999999999999925e-03 7.320000000000000118e-04
1.277299438476560116e+09 1.576308700000000051e+01 1.184285000000000032e+00 9.086509999999999865e-01 2.492999999999999990e-03 9.060000000000000128e-04 8.620000000000000275e-04
1.290674438476560116e+09 1.570590999999999937e+01 1.199794000000000027e+00 9.121129999999999516e-01 4.322000000000000321e-03 2.678999999999999958e-03 7.590000000000000175e-04
1.304049438476560116e+09 1.558410800000000052e+01 1.177715999999999985e+00 9.242559999999999665e-01 2.256000000000000193e-03 6.220000000000000485e-04 5.299999999999999807e-04
1.317424438476560116e+09 1.550081400000000009e+01 1.175289999999999946e+00 9.368900000000000006e-01 2.272000000000000148e-03 6.409999999999999682e-04 5.159999999999999656e-04
1.330799438476560116e+09 1.541810199999999931e+01 1.170110999999999901e+00 9.479880000000000528e-01 1.961000000000000069e-03 6.139999999999999625e-04 4.949999999999999973e-04
1.344174438476560116e+09 1.533352400000000060e+01 1.166768999999999945e+00 9.561539999999999484e-01 2.020000000000000094e-03 6.179999999999999513e-04 5.310000000000000050e-04
1.357549438476560116e+09 1.524961700000000064e+01 1.159990999999999994e+00 9.652020000000000044e-01 1.943000000000000066e-03 6.319999999999999663e-04 5.109999999999999525e-04
1.370924438476560116e+09 1.517303700000000077e+01 1.152023999999999937e+00 9.686759999999999815e-01 1.853999999999999962e-03 6.319999999999999663e-04 5.010000000000000347e-04
1.384299438476560116e+09 1.509522800000000053e+01 1.140525999999999929e+00 9.681699999999999751e-01 1.724000000000000055e-03 6.989999999999999686e-04 4.809999999999999823e-04
1.397674438476560116e+09 1.501529999999999987e+01 1.124454999999999982e+00 9.658839999999999648e-01 1.850999999999999998e-03 7.370000000000000249e-04 5.130000000000000011e-04
1.411049438476560116e+09 1.493741299999999939e+01 1.111758999999999942e+00 9.648280000000000189e-01 1.791999999999999973e-03 8.390000000000000105e-04 5.389999999999999826e-04
1.424424438476560116e+09 1.486842799999999976e+01 1.098678999999999961e+00 9.663960000000000328e-01 1.814999999999999990e-03 8.819999999999999715e-04 5.069999999999999637e-04
1.437799438476560116e+09 1.478566999999999965e+01 1.089441000000000104e+00 9.679480000000000306e-01 1.626000000000000058e-03 1.028000000000000051e-03 5.479999999999999845e-04
1.451174438476560116e+09 1.471179000000000059e+01 1.081598000000000059e+00 9.719590000000000174e-01 1.683999999999999950e-03 1.105999999999999995e-03 5.760000000000000146e-04
1.464549438476560116e+09 1.463855799999999974e+01 1.073415999999999926e+00 9.782800000000000384e-01 1.778999999999999982e-03 1.291000000000000047e-03 6.070000000000000092e-04
1.477924438476560116e+09 1.456399299999999997e+01 1.066715999999999998e+00 9.822290000000000187e-01 1.691000000000000012e-03 1.423999999999999919e-03 6.470000000000000057e-04
1.491299438476560116e+09 1.449145900000000076e+01 1.056877000000000066e+00 9.842269999999999630e-01 1.722999999999999922e-03 1.629999999999999939e-03 6.650000000000000095e-04
1.504674438476560116e+09 1.441729499999999931e+01 1.044097999999999971e+00 9.855270000000000419e-01 1.696000000000000025e-03 1.840999999999999972e-03 7.010000000000000172e-04
1.518049438476560116e+09 1.434728400000000015e+01 1.033339999999999925e+00 9.877960000000000074e-01 1.730999999999999900e-03 2.096000000000000207e-03 7.929999999999999766e-04
1.531424438476560116e+09 1.425395299999999921e+01 1.039747999999999895e+00 9.863840000000000385e-01 2.250999999999999963e-03 3.468000000000000162e-03 1.244000000000000097e-03
1.544799438476560116e+09 1.418580799999999975e+01 1.037752000000000008e+00 9.891069999999999585e-01 2.272999999999999847e-03 3.409000000000000138e-03 1.224000000000000045e-03
1.558174438476560116e+09 1.413261499999999948e+01 1.018922000000000105e+00 9.954460000000000530e-01 3.687999999999999872e-03 2.606999999999999942e-03 9.569999999999999514e-04
1.571549438476560116e+09 1.406619700000000073e+01 1.009784000000000015e+00 1.002675999999999901e+00 2.207999999999999893e-03 3.285000000000000159e-03 1.173999999999999913e-03
1.584924438476560116e+09 1.399152899999999988e+01 1.007797999999999972e+00 9.929980000000000473e-01 2.327000000000000075e-03 3.870000000000000176e-03 1.324000000000000090e-03
1.598299438476560116e+09 1.391648200000000024e+01 1.004382000000000108e+00 9.886660000000000448e-01 2.389000000000000064e-03 3.670000000000000085e-03 1.229000000000000058e-03
1.611674438476560116e+09 1.383986699999999992e+01 9.978050000000000530e-01 9.862509999999999888e-01 3.220999999999999905e-03 3.661999999999999891e-03 1.260000000000000052e-03
1.625049438476560116e+09 1.376246599999999987e+01 9.894589999999999774e-01 9.822769999999999557e-01 1.074400000000000008e-02 3.821000000000000178e-03 1.670000000000000043e-03
1.638424438476560116e+09 1.369797100000000079e+01 9.760579999999999812e-01 9.882290000000000241e-01 1.763000000000000027e-03 4.126999999999999592e-03 1.325000000000000006e-03
1.651799438476560116e+09 1.364203400000000066e+01 9.615479999999999583e-01 9.917010000000000547e-01 1.801999999999999999e-03 4.448999999999999830e-03 1.410999999999999928e-03
