9.044713134765620232e+08 3.826600000000000140e-02 -1.099999999999999971e-05 -3.240000000000000150e-04 2.809999999999999998e-04 2.049999999999999956e-04 2.339999999999999958e-04
9.111588134765620232e+08 3.749999999999999861e-02 -7.200000000000000182e-05 4.699999999999999724e-05 2.660000000000000146e-04 2.629999999999999959e-04 2.629999999999999959e-04
9.145025634765620232e+08 3.752599999999999686e-02 -3.260000000000000094e-04 1.299999999999999886e-04 2.590000000000000071e-04 2.169999999999999891e-04 2.550000000000000183e-04
9.178463134765620232e+08 3.772099999999999759e-02 -1.900000000000000105e-04 -3.000000000000000076e-05 2.410000000000000033e-04 2.349999999999999930e-04 2.259999999999999910e-04
9.211900634765620232e+08 3.746200000000000224e-02 3.249999999999999851e-04 5.599999999999999916e-05 2.620000000000000258e-04 2.339999999999999958e-04 2.369999999999999874e-04
9.245338134765620232e+08 3.695400000000000074e-02 2.910000000000000260e-04 -8.700000000000000051e-05 2.649999999999999903e-04 2.259999999999999910e-04 2.480000000000000108e-04
9.278775634765620232e+08 3.651599999999999985e-02 3.020000000000000223e-04 -4.330000000000000081e-04 2.829999999999999942e-04 2.249999999999999938e-04 2.759999999999999867e-04
9.312213134765620232e+08 3.720400000000000096e-02 -4.470000000000000232e-04 -2.030000000000000012e-04 2.809999999999999998e-04 2.200000000000000078e-04 2.349999999999999930e-04
9.512838134765620232e+08 3.641500000000000292e-02 -2.539999999999999940e-04 -2.640000000000000202e-04 2.429999999999999977e-04 2.180000000000000134e-04 2.359999999999999902e-04
9.546275634765620232e+08 3.586600000000000205e-02 -3.409999999999999945e-04 -5.950000000000000427e-04 2.730000000000000222e-04 2.449999999999999921e-04 2.669999999999999847e-04
9.579713134765620232e+08 3.675799999999999901e-02 -3.370000000000000057e-04 -4.449999999999999746e-04 3.049999999999999868e-04 2.700000000000000035e-04 3.190000000000000019e-04
9.613150634765620232e+08 3.672399999999999970e-02 3.139999999999999888e-04 -2.099999999999999884e-05 2.649999999999999903e-04 2.190000000000000106e-04 2.669999999999999847e-04
9.646588134765620232e+08 3.677699999999999719e-02 -4.139999999999999800e-04 4.499999999999999877e-04 2.220000000000000022e-04 2.149999999999999947e-04 2.030000000000000012e-04
9.680025634765620232e+08 3.655599999999999822e-02 2.120000000000000031e-04 -1.240000000000000054e-04 2.359999999999999902e-04 2.149999999999999947e-04 2.200000000000000078e-04
9.713463134765620232e+08 3.634400000000000130e-02 -1.050000000000000044e-04 8.299999999999999815e-05 2.210000000000000050e-04 2.090000000000000115e-04 2.130000000000000003e-04
9.746900634765620232e+08 3.629700000000000287e-02 3.759999999999999779e-04 -1.800000000000000046e-05 2.220000000000000022e-04 2.120000000000000031e-04 2.110000000000000059e-04
9.780338134765620232e+08 3.645799999999999735e-02 6.999999999999999387e-05 3.899999999999999929e-05 2.380000000000000117e-04 2.180000000000000134e-04 2.220000000000000022e-04
9.813775634765620232e+08 3.625099999999999850e-02 -5.500000000000000196e-05 1.759999999999999954e-04 2.290000000000000098e-04 2.210000000000000050e-04 2.010000000000000068e-04
9.847213134765620232e+08 3.596499999999999697e-02 -2.900000000000000017e-05 -3.420000000000000188e-04 2.290000000000000098e-04 2.249999999999999938e-04 2.120000000000000031e-04
9.880650634765620232e+08 3.611099999999999727e-02 -5.850000000000000165e-04 -8.100000000000000375e-05 2.550000000000000183e-04 2.000000000000000096e-04 2.120000000000000031e-04
9.914088134765620232e+08 3.602799999999999753e-02 1.710000000000000094e-04 2.199999999999999943e-05 1.979999999999999881e-04 2.059999999999999928e-04 2.120000000000000031e-04
9.947525634765620232e+08 3.610200000000000214e-02 -1.079999999999999960e-04 2.759999999999999867e-04 2.339999999999999958e-04 2.200000000000000078e-04 2.249999999999999938e-04
9.980963134765620232e+08 3.530300000000000105e-02 -8.399999999999999535e-05 -3.849999999999999798e-04 2.349999999999999930e-04 1.939999999999999993e-04 2.079999999999999872e-04
1.001440063476559997e+09 3.595999999999999891e-02 9.999999999999999547e-07 -3.420000000000000188e-04 2.390000000000000089e-04 2.059999999999999928e-04 2.079999999999999872e-04
1.004783813476559997e+09 3.557099999999999845e-02 -5.300000000000000078e-05 -1.800000000000000113e-04 2.069999999999999900e-04 2.139999999999999975e-04 2.300000000000000070e-04
1.011471313476559997e+09 3.595999999999999891e-02 -2.039999999999999984e-04 -4.650000000000000270e-04 2.210000000000000050e-04 2.169999999999999891e-04 2.059999999999999928e-04
1.014815063476559997e+09 3.577000000000000318e-02 -2.799999999999999958e-05 -1.769999999999999926e-04 2.079999999999999872e-04 1.920000000000000049e-04 2.020000000000000040e-04
1.021502563476559997e+09 3.541600000000000303e-02 -1.369999999999999961e-04 -5.199999999999999680e-05 2.329999999999999986e-04 2.180000000000000134e-04 1.890000000000000133e-04
1.024846313476559997e+09 3.518099999999999700e-02 4.800000000000000122e-05 -2.239999999999999966e-04 2.149999999999999947e-04 2.039999999999999984e-04 2.190000000000000106e-04
1.028190063476559997e+09 3.441999999999999921e-02 1.459999999999999981e-04 -3.260000000000000094e-04 2.610000000000000015e-04 2.349999999999999930e-04 2.420000000000000005e-04
1.034877563476559997e+09 3.459399999999999975e-02 -6.200000000000000270e-05 -2.249999999999999938e-04 2.130000000000000003e-04 1.949999999999999965e-04 2.159999999999999919e-04
1.038221313476559997e+09 3.524399999999999755e-02 1.939999999999999993e-04 -2.599999999999999840e-05 2.259999999999999910e-04 2.180000000000000134e-04 2.180000000000000134e-04
1.041565063476559997e+09 3.425099999999999673e-02 -3.750000000000000078e-04 1.340000000000000045e-04 2.110000000000000059e-04 2.100000000000000087e-04 2.239999999999999966e-04
1.044908813476559997e+09 3.456800000000000150e-02 -4.449999999999999746e-04 -3.179999999999999776e-04 2.030000000000000012e-04 2.249999999999999938e-04 2.049999999999999956e-04
1.048252563476559997e+09 3.476100000000000023e-02 1.200000000000000030e-05 3.229999999999999907e-04 2.110000000000000059e-04 1.879999999999999890e-04 1.930000000000000021e-04
1.051596313476559997e+09 3.486000000000000210e-02 -1.420000000000000092e-04 -4.960000000000000216e-04 2.730000000000000222e-04 2.439999999999999949e-04 2.410000000000000033e-04
1.054940063476559997e+09 3.434000000000000247e-02 -3.680000000000000003e-04 1.640000000000000019e-04 2.169999999999999891e-04 2.310000000000000042e-04 1.990000000000000124e-04
1.058283813476559997e+09 3.406300000000000300e-02 1.440000000000000036e-04 2.000000000000000164e-05 1.910000000000000077e-04 1.949999999999999965e-04 2.030000000000000012e-04
1.061627563476559997e+09 3.399800000000000044e-02 -1.039999999999999936e-04 -4.640000000000000027e-04 2.079999999999999872e-04 2.149999999999999947e-04 1.879999999999999890e-04
1.064971313476559997e+09 3.454900000000000332e-02 1.129999999999999955e-04 2.329999999999999986e-04 2.090000000000000115e-04 1.939999999999999993e-04 2.039999999999999984e-04
1.071658813476559997e+09 3.387899999999999939e-02 -2.220000000000000022e-04 3.190000000000000019e-04 1.990000000000000124e-04 1.900000000000000105e-04 2.090000000000000115e-04
1.075002563476560116e+09 3.410799999999999943e-02 -3.100000000000000135e-05 -1.119999999999999983e-04 2.229999999999999994e-04 1.879999999999999890e-04 1.820000000000000057e-04
1.078346313476560116e+09 3.419099999999999917e-02 3.649999999999999816e-04 -1.730000000000000038e-04 2.239999999999999966e-04 1.930000000000000021e-04 2.030000000000000012e-04
1.081690063476560116e+09 3.375500000000000028e-02 -1.099999999999999971e-05 -2.420000000000000005e-04 2.000000000000000096e-04 2.020000000000000040e-04 2.039999999999999984e-04
1.095065063476560116e+09 3.317699999999999816e-02 8.500000000000000611e-05 -2.429999999999999977e-04 2.200000000000000078e-04 2.039999999999999984e-04 2.200000000000000078e-04
1.098408813476560116e+09 3.388000000000000039e-02 2.500000000000000052e-04 1.330000000000000073e-04 2.069999999999999900e-04 1.949999999999999965e-04 1.969999999999999909e-04
1.105096313476560116e+09 3.366299999999999848e-02 9.799999999999999684e-05 -3.600000000000000227e-04 2.339999999999999958e-04 2.229999999999999994e-04 1.879999999999999890e-04
1.108440063476560116e+09 3.334899999999999670e-02 -1.630000000000000047e-04 2.640000000000000202e-04 2.020000000000000040e-04 2.030000000000000012e-04 2.039999999999999984e-04
1.111783813476560116e+09 3.303799999999999792e-02 -3.550000000000000096e-04 -2.000000000000000164e-05 2.500000000000000052e-04 2.100000000000000087e-04 2.169999999999999891e-04
1.115127563476560116e+09 3.309200000000000336e-02 -5.599999999999999916e-05 -2.669999999999999847e-04 1.920000000000000049e-04 1.910000000000000077e-04 1.920000000000000049e-04
1.118471313476560116e+09 3.298000000000000237e-02 -1.150000000000000035e-04 -2.660000000000000146e-04 2.139999999999999975e-04 1.900000000000000105e-04 1.959999999999999937e-04
1.121815063476560116e+09 3.265300000000000147e-02 2.730000000000000222e-04 -1.090000000000000067e-04 2.200000000000000078e-04 2.159999999999999919e-04 2.190000000000000106e-04
1.125158813476560116e+09 3.278799999999999770e-02 6.499999999999999431e-05 -1.359999999999999989e-04 1.900000000000000105e-04 1.969999999999999909e-04 2.079999999999999872e-04
1.128502563476560116e+09 3.269799999999999790e-02 1.090000000000000067e-04 -2.539999999999999940e-04 2.200000000000000078e-04 2.169999999999999891e-04 2.049999999999999956e-04
1.131846313476560116e+09 3.278099999999999764e-02 -1.999999999999999909e-06 -2.169999999999999891e-04 2.010000000000000068e-04 1.849999999999999973e-04 1.869999999999999917e-04
1.135190063476560116e+09 3.214299999999999796e-02 1.330000000000000073e-04 -3.139999999999999888e-04 2.259999999999999910e-04 2.339999999999999958e-04 2.090000000000000115e-04
1.138533813476560116e+09 3.285400000000000126e-02 -3.600000000000000091e-05 1.320000000000000101e-04 2.100000000000000087e-04 2.020000000000000040e-04 2.010000000000000068e-04
1.141877563476560116e+09 3.280899999999999789e-02 -1.240000000000000054e-04 -3.800000000000000209e-05 2.249999999999999938e-04 2.090000000000000115e-04 2.180000000000000134e-04
1.145221313476560116e+09 3.246500000000000080e-02 1.949999999999999965e-04 -4.110000000000000155e-04 2.290000000000000098e-04 2.090000000000000115e-04 2.079999999999999872e-04
1.151908813476560116e+09 3.208300000000000041e-02 -5.000000000000000240e-05 -2.079999999999999872e-04 2.120000000000000031e-04 2.010000000000000068e-04 2.280000000000000126e-04
1.155252563476560116e+09 3.271400000000000002e-02 2.079999999999999872e-04 -3.820000000000000153e-04 2.079999999999999872e-04 1.949999999999999965e-04 2.239999999999999966e-04
1.165283813476560116e+09 3.281599999999999795e-02 -2.500000000000000120e-05 4.000000000000000327e-05 2.069999999999999900e-04 1.979999999999999881e-04 2.220000000000000022e-04
1.168627563476560116e+09 3.210699999999999665e-02 1.920000000000000049e-04 -2.180000000000000134e-04 3.029999999999999924e-04 2.919999999999999961e-04 2.930000000000000204e-04
1.185346313476560116e+09 3.212500000000000078e-02 4.699999999999999724e-05 -3.409999999999999945e-04 2.390000000000000089e-04 2.169999999999999891e-04 2.180000000000000134e-04
1.188690063476560116e+09 3.145799999999999985e-02 4.829999999999999767e-04 -5.439999999999999957e-04 2.030000000000000012e-04 2.069999999999999900e-04 1.840000000000000001e-04
1.192033813476560116e+09 3.126600000000000212e-02 1.090000000000000067e-04 3.690000000000000246e-04 2.579999999999999828e-04 1.900000000000000105e-04 2.079999999999999872e-04
1.195377563476560116e+09 3.198899999999999660e-02 6.399999999999999710e-05 1.569999999999999944e-04 2.220000000000000022e-04 1.910000000000000077e-04 2.190000000000000106e-04
1.198721313476560116e+09 3.097300000000000053e-02 -1.010000000000000020e-04 -1.369999999999999961e-04 2.590000000000000071e-04 2.229999999999999994e-04 2.200000000000000078e-04
1.215440063476560116e+09 3.102699999999999902e-02 2.559999999999999884e-04 -6.499999999999999431e-05 2.159999999999999919e-04 2.269999999999999882e-04 2.130000000000000003e-04
1.218783813476560116e+09 3.183300000000000018e-02 -9.100000000000000287e-05 -1.079999999999999960e-04 2.149999999999999947e-04 2.000000000000000096e-04 2.090000000000000115e-04
1.232158813476560116e+09 3.091899999999999857e-02 -9.399999999999999448e-05 -1.589999999999999888e-04 2.709999999999999735e-04 2.449999999999999921e-04 2.380000000000000117e-04
1.235502563476560116e+09 3.092900000000000163e-02 8.000000000000000654e-05 -2.120000000000000031e-04 2.429999999999999977e-04 2.079999999999999872e-04 2.239999999999999966e-04
1.238846313476560116e+09 3.160299999999999915e-02 2.030000000000000012e-04 4.000000000000000327e-05 2.100000000000000087e-04 2.079999999999999872e-04 1.879999999999999890e-04
1.242190063476560116e+09 3.065100000000000116e-02 -2.329999999999999986e-04 -6.499999999999999431e-05 2.169999999999999891e-04 2.110000000000000059e-04 2.320000000000000014e-04
1.248877563476560116e+09 3.111500000000000030e-02 3.600000000000000091e-05 -2.770000000000000110e-04 2.689999999999999791e-04 2.329999999999999986e-04 2.249999999999999938e-04
1.255565063476560116e+09 3.097199999999999953e-02 -2.249999999999999938e-04 3.559999999999999797e-04 1.879999999999999890e-04 1.890000000000000133e-04 1.920000000000000049e-04
1.258908813476560116e+09 3.133899999999999880e-02 3.399999999999999973e-05 -2.339999999999999958e-04 2.030000000000000012e-04 1.959999999999999937e-04 1.900000000000000105e-04
1.282315063476560116e+09 3.031199999999999867e-02 -2.779999999999999811e-04 2.039999999999999984e-04 2.759999999999999867e-04 2.660000000000000146e-04 2.570000000000000127e-04
1.285658813476560116e+09 3.092299999999999910e-02 -8.000000000000000654e-05 -2.799999999999999755e-04 2.539999999999999940e-04 2.669999999999999847e-04 2.420000000000000005e-04
1.292346313476560116e+09 3.071000000000000119e-02 -2.199999999999999943e-05 -2.139999999999999975e-04 2.840000000000000185e-04 2.570000000000000127e-04 2.629999999999999959e-04
1.295690063476560116e+09 3.078399999999999886e-02 1.299999999999999886e-04 -3.100000000000000135e-05 1.840000000000000001e-04 1.920000000000000049e-04 1.939999999999999993e-04
1.299033813476560116e+09 3.074899999999999856e-02 -1.350000000000000017e-04 -3.449999999999999833e-04 1.920000000000000049e-04 1.910000000000000077e-04 1.779999999999999898e-04
1.302377563476560116e+09 3.022199999999999886e-02 6.799999999999999946e-05 -4.249999999999999763e-04 1.990000000000000124e-04 1.869999999999999917e-04 1.759999999999999954e-04
1.305721313476560116e+09 3.024699999999999958e-02 2.400000000000000061e-05 -1.099999999999999971e-05 1.749999999999999982e-04 1.810000000000000085e-04 1.820000000000000057e-04
1.309065063476560116e+09 3.066400000000000028e-02 -4.380000000000000213e-04 -1.219999999999999974e-04 1.849999999999999973e-04 1.700000000000000122e-04 1.720000000000000066e-04
1.312408813476560116e+09 3.047599999999999962e-02 -2.699999999999999899e-05 -2.770000000000000110e-04 1.759999999999999954e-04 1.610000000000000103e-04 1.759999999999999954e-04
1.315752563476560116e+09 3.028199999999999989e-02 2.079999999999999872e-04 4.199999999999999768e-05 1.749999999999999982e-04 1.820000000000000057e-04 1.620000000000000075e-04
1.319096313476560116e+09 3.031400000000000067e-02 2.519999999999999996e-04 -9.200000000000000007e-05 1.769999999999999926e-04 1.579999999999999916e-04 1.689999999999999879e-04
1.322440063476560116e+09 2.988000000000000031e-02 -1.210000000000000002e-04 -9.699999999999999963e-05 1.789999999999999870e-04 1.740000000000000010e-04 1.659999999999999963e-04
1.325783813476560116e+09 3.019000000000000156e-02 1.410000000000000120e-04 9.999999999999999547e-07 1.789999999999999870e-04 1.720000000000000066e-04 1.749999999999999982e-04
1.329127563476560116e+09 3.000299999999999842e-02 2.320000000000000014e-04 -2.649999999999999903e-04 1.689999999999999879e-04 1.649999999999999991e-04 1.649999999999999991e-04
1.332471313476560116e+09 3.004199999999999926e-02 -2.449999999999999921e-04 -2.180000000000000134e-04 1.879999999999999890e-04 1.579999999999999916e-04 1.579999999999999916e-04
1.335815063476560116e+09 2.972299999999999942e-02 -2.799999999999999958e-05 -1.620000000000000075e-04 1.939999999999999993e-04 1.720000000000000066e-04 1.620000000000000075e-04
1.339158813476560116e+09 2.981999999999999929e-02 -1.969999999999999909e-04 -2.239999999999999966e-04 1.769999999999999926e-04 1.710000000000000094e-04 1.679999999999999907e-04
1.342502563476560116e+09 2.993900000000000033e-02 8.100000000000000375e-05 1.029999999999999964e-04 1.769999999999999926e-04 1.730000000000000038e-04 1.550000000000000000e-04
1.345846313476560116e+09 2.998500000000000124e-02 8.600000000000000331e-05 -1.669999999999999935e-04 1.749999999999999982e-04 1.769999999999999926e-04 1.579999999999999916e-04
1.349190063476560116e+09 2.960600000000000037e-02 8.299999999999999815e-05 -5.399999999999999798e-05 1.669999999999999935e-04 1.649999999999999991e-04 1.649999999999999991e-04
1.352533813476560116e+09 2.947400000000000020e-02 1.900000000000000105e-04 -6.200000000000000270e-05 1.700000000000000122e-04 1.720000000000000066e-04 1.720000000000000066e-04
1.355877563476560116e+09 2.960899999999999990e-02 -3.999999999999999819e-06 -4.260000000000000006e-04 1.620000000000000075e-04 1.689999999999999879e-04 1.749999999999999982e-04
1.359221313476560116e+09 2.936799999999999827e-02 1.250000000000000026e-04 -2.159999999999999919e-04 1.720000000000000066e-04 1.730000000000000038e-04 1.569999999999999944e-04
1.362565063476560116e+09 2.991600000000000162e-02 2.449999999999999921e-04 5.700000000000000314e-05 1.810000000000000085e-04 1.610000000000000103e-04 1.669999999999999935e-04
1.365908813476560116e+09 2.930200000000000166e-02 -4.100000000000000047e-05 -9.200000000000000007e-05 1.630000000000000047e-04 1.659999999999999963e-04 1.710000000000000094e-04
1.369252563476560116e+09 2.931399999999999978e-02 1.150000000000000035e-04 -2.519999999999999996e-04 1.700000000000000122e-04 1.579999999999999916e-04 1.659999999999999963e-04
1.372596313476560116e+09 2.939900000000000152e-02 7.799999999999999859e-05 -3.310000000000000225e-04 1.610000000000000103e-04 1.589999999999999888e-04 1.689999999999999879e-04
1.375940063476560116e+09 2.935499999999999915e-02 -0.000000000000000000e+00 -1.669999999999999935e-04 1.720000000000000066e-04 1.700000000000000122e-04 1.600000000000000131e-04
1.379283813476560116e+09 2.959600000000000078e-02 -2.900000000000000017e-05 -4.339999999999999782e-04 1.700000000000000122e-04 1.779999999999999898e-04 1.669999999999999935e-04
1.382627563476560116e+09 2.930100000000000066e-02 1.169999999999999979e-04 -8.000000000000000654e-05 1.649999999999999991e-04 1.659999999999999963e-04 1.740000000000000010e-04
1.385971313476560116e+09 2.937800000000000133e-02 -2.090000000000000115e-04 -2.689999999999999791e-04 1.559999999999999972e-04 1.700000000000000122e-04 1.640000000000000019e-04
1.389315063476560116e+09 2.923699999999999910e-02 2.400000000000000061e-04 1.000000000000000048e-04 1.730000000000000038e-04 1.569999999999999944e-04 1.550000000000000000e-04
1.392658813476560116e+09 2.927199999999999941e-02 -2.699999999999999899e-05 -1.310000000000000129e-04 1.630000000000000047e-04 1.640000000000000019e-04 1.569999999999999944e-04
1.396002563476560116e+09 2.924600000000000116e-02 -1.019999999999999992e-04 -3.999999999999999819e-06 1.700000000000000122e-04 1.620000000000000075e-04 1.689999999999999879e-04
1.399346313476560116e+09 2.918300000000000061e-02 8.200000000000000095e-05 -3.049999999999999868e-04 1.550000000000000000e-04 1.520000000000000084e-04 1.640000000000000019e-04
1.402690063476560116e+09 2.900700000000000153e-02 -6.999999999999999895e-06 -3.620000000000000171e-04 1.649999999999999991e-04 1.759999999999999954e-04 1.630000000000000047e-04
1.406033813476560116e+09 2.890799999999999967e-02 5.500000000000000196e-05 -3.020000000000000223e-04 1.740000000000000010e-04 1.669999999999999935e-04 1.749999999999999982e-04
1.409377563476560116e+09 2.921299999999999938e-02 2.620000000000000258e-04 6.399999999999999710e-05 1.630000000000000047e-04 1.559999999999999972e-04 1.730000000000000038e-04
1.412721313476560116e+09 2.891900000000000026e-02 2.500000000000000052e-04 -1.979999999999999881e-04 1.740000000000000010e-04 1.700000000000000122e-04 1.659999999999999963e-04
1.416065063476560116e+09 2.878700000000000009e-02 3.579999999999999741e-04 7.299999999999999903e-05 1.659999999999999963e-04 1.589999999999999888e-04 1.630000000000000047e-04
1.422752563476560116e+09 2.870599999999999888e-02 -3.249999999999999851e-04 1.869999999999999917e-04 2.200000000000000078e-04 2.290000000000000098e-04 2.349999999999999930e-04
1.426096313476560116e+09 2.910000000000000087e-02 1.079999999999999960e-04 -2.649999999999999903e-04 1.659999999999999963e-04 1.689999999999999879e-04 1.679999999999999907e-04
1.429440063476560116e+09 2.908300000000000121e-02 2.429999999999999977e-04 -2.259999999999999910e-04 1.749999999999999982e-04 1.620000000000000075e-04 1.700000000000000122e-04
1.432783813476560116e+09 2.887500000000000136e-02 3.999999999999999819e-06 -1.110000000000000011e-04 1.589999999999999888e-04 1.559999999999999972e-04 1.469999999999999953e-04
1.436127563476560116e+09 2.895199999999999857e-02 8.000000000000000654e-05 2.719999999999999979e-04 1.689999999999999879e-04 1.610000000000000103e-04 1.600000000000000131e-04
1.439471313476560116e+09 2.889600000000000155e-02 1.079999999999999960e-04 9.200000000000000007e-05 1.540000000000000028e-04 1.710000000000000094e-04 1.620000000000000075e-04
1.442815063476560116e+09 2.876700000000000090e-02 2.030000000000000012e-04 -9.000000000000000228e-06 1.700000000000000122e-04 1.800000000000000113e-04 1.759999999999999954e-04
1.446158813476560116e+09 2.855999999999999858e-02 -1.499999999999999869e-04 -2.900000000000000017e-04 1.579999999999999916e-04 1.630000000000000047e-04 1.649999999999999991e-04
1.449502563476560116e+09 2.851899999999999921e-02 2.660000000000000146e-04 2.930000000000000204e-04 1.700000000000000122e-04 1.589999999999999888e-04 1.700000000000000122e-04
1.452846313476560116e+09 2.852400000000000074e-02 2.900000000000000017e-05 -1.039999999999999936e-04 1.579999999999999916e-04 1.769999999999999926e-04 1.600000000000000131e-04
1.456190063476560116e+09 2.854500000000000093e-02 -7.899999999999999579e-05 -8.799999999999999771e-05 1.789999999999999870e-04 1.720000000000000066e-04 1.630000000000000047e-04
1.459533813476560116e+09 2.838999999999999857e-02 9.899999999999999404e-05 -2.159999999999999919e-04 1.569999999999999944e-04 1.540000000000000028e-04 1.659999999999999963e-04
1.462877563476560116e+09 2.849399999999999850e-02 3.399999999999999973e-05 -2.429999999999999977e-04 1.649999999999999991e-04 1.610000000000000103e-04 1.710000000000000094e-04
1.466221313476560116e+09 2.839200000000000057e-02 -1.000000000000000048e-04 -1.350000000000000017e-04 1.689999999999999879e-04 1.569999999999999944e-04 1.679999999999999907e-04
1.469565063476560116e+09 2.859400000000000136e-02 1.599999999999999928e-05 -6.089999999999999494e-04 1.569999999999999944e-04 1.540000000000000028e-04 1.649999999999999991e-04
1.472908813476560116e+09 2.806200000000000014e-02 1.110000000000000011e-04 -8.600000000000000331e-05 1.700000000000000122e-04 1.700000000000000122e-04 1.630000000000000047e-04
1.476252563476560116e+09 2.807899999999999979e-02 -3.000000000000000076e-05 7.299999999999999903e-05 1.640000000000000019e-04 1.659999999999999963e-04 1.659999999999999963e-04
1.479596313476560116e+09 2.856500000000000011e-02 -3.609999999999999928e-04 -2.439999999999999949e-04 1.579999999999999916e-04 1.600000000000000131e-04 1.649999999999999991e-04
1.482940063476560116e+09 2.787699999999999900e-02 4.100000000000000047e-05 -3.240000000000000150e-04 1.800000000000000113e-04 1.620000000000000075e-04 1.610000000000000103e-04
1.486283813476560116e+09 2.828400000000000011e-02 -2.799999999999999958e-05 -3.139999999999999888e-04 1.630000000000000047e-04 1.620000000000000075e-04 1.659999999999999963e-04
1.489627563476560116e+09 2.801899999999999877e-02 -2.300000000000000002e-05 -2.730000000000000222e-04 1.710000000000000094e-04 1.749999999999999982e-04 1.710000000000000094e-04
1.492971313476560116e+09 2.802100000000000077e-02 -5.500000000000000196e-05 -4.550000000000000008e-04 1.679999999999999907e-04 1.640000000000000019e-04 1.669999999999999935e-04
1.496315063476560116e+09 2.797300000000000134e-02 -9.600000000000000243e-05 5.300000000000000078e-05 1.679999999999999907e-04 1.669999999999999935e-04 1.640000000000000019e-04
1.499658813476560116e+09 2.824399999999999827e-02 1.669999999999999935e-04 -6.999999999999999387e-05 1.869999999999999917e-04 1.879999999999999890e-04 1.879999999999999890e-04
1.503002563476560116e+09 2.825799999999999840e-02 1.830000000000000029e-04 -2.400000000000000061e-05 1.959999999999999937e-04 1.930000000000000021e-04 1.859999999999999945e-04
1.506346313476560116e+09 2.813299999999999829e-02 1.299999999999999886e-04 -4.479999999999999933e-04 1.930000000000000021e-04 1.939999999999999993e-04 1.859999999999999945e-04
1.509690063476560116e+09 2.830200000000000077e-02 -2.149999999999999947e-04 -2.460000000000000164e-04 1.789999999999999870e-04 1.789999999999999870e-04 1.840000000000000001e-04
1.513033813476560116e+09 2.837299999999999892e-02 1.100000000000000039e-04 -1.589999999999999888e-04 1.910000000000000077e-04 1.840000000000000001e-04 1.820000000000000057e-04
1.516377563476560116e+09 2.849099999999999897e-02 2.489999999999999809e-04 -3.000000000000000076e-06 1.859999999999999945e-04 1.900000000000000105e-04 1.869999999999999917e-04
1.519721313476560116e+09 2.809299999999999992e-02 3.040000000000000167e-04 -5.399999999999999798e-05 1.820000000000000057e-04 1.730000000000000038e-04 1.830000000000000029e-04
1.536440063476560116e+09 2.846399999999999972e-02 4.600000000000000139e-04 -3.260000000000000094e-04 2.970000000000000092e-04 3.339999999999999870e-04 2.889999999999999774e-04
1.549815063476560116e+09 2.794800000000000062e-02 -3.950000000000000061e-04 -4.699999999999999724e-05 2.799999999999999755e-04 2.420000000000000005e-04 2.519999999999999996e-04
1.553158813476560116e+09 2.791599999999999984e-02 -4.350000000000000026e-04 -1.079999999999999960e-04 2.220000000000000022e-04 2.069999999999999900e-04 1.990000000000000124e-04
1.556502563476560116e+09 2.813099999999999976e-02 1.930000000000000021e-04 1.959999999999999937e-04 2.310000000000000042e-04 2.180000000000000134e-04 2.069999999999999900e-04
1.566533813476560116e+09 2.774899999999999936e-02 3.600000000000000091e-05 -2.339999999999999958e-04 2.090000000000000115e-04 2.030000000000000012e-04 1.879999999999999890e-04
1.569877563476560116e+09 2.707599999999999937e-02 -5.119999999999999768e-04 -2.660000000000000146e-04 2.550000000000000183e-04 2.159999999999999919e-04 2.269999999999999882e-04
1.583252563476560116e+09 2.723100000000000173e-02 -2.799999999999999958e-05 -3.999999999999999819e-06 2.190000000000000106e-04 2.120000000000000031e-04 1.879999999999999890e-04
1.586596313476560116e+09 2.785899999999999835e-02 3.499999999999999964e-04 -3.060000000000000111e-04 2.329999999999999986e-04 2.020000000000000040e-04 2.200000000000000078e-04
1.593283813476560116e+09 2.749000000000000055e-02 2.300000000000000002e-05 -2.799999999999999958e-05 2.530000000000000239e-04 2.519999999999999996e-04 2.519999999999999996e-04
1.596627563476560116e+09 2.789499999999999966e-02 2.990000000000000036e-04 -7.100000000000000462e-05 2.100000000000000087e-04 2.010000000000000068e-04 1.959999999999999937e-04
1.606658813476560116e+09 2.723100000000000173e-02 1.279999999999999942e-04 -6.120000000000000223e-04 2.049999999999999956e-04 2.010000000000000068e-04 1.959999999999999937e-04
1.610002563476560116e+09 2.740499999999999881e-02 7.200000000000000182e-05 7.700000000000000139e-05 1.779999999999999898e-04 1.710000000000000094e-04 1.749999999999999982e-04
1.613346313476560116e+09 2.715800000000000158e-02 -2.220000000000000022e-04 4.500000000000000283e-05 1.759999999999999954e-04 1.840000000000000001e-04 1.720000000000000066e-04
1.616690063476560116e+09 2.676299999999999860e-02 -3.089999999999999756e-04 -2.970000000000000092e-04 1.959999999999999937e-04 1.900000000000000105e-04 1.789999999999999870e-04
1.630065063476560116e+09 2.719399999999999942e-02 -2.199999999999999943e-05 -9.600000000000000243e-05 1.849999999999999973e-04 1.810000000000000085e-04 1.820000000000000057e-04
1.633408813476560116e+09 2.686699999999999852e-02 2.790000000000000054e-04 -4.300000000000000165e-05 1.840000000000000001e-04 1.840000000000000001e-04 1.759999999999999954e-04
1.636752563476560116e+09 2.686600000000000099e-02 -6.099999999999999872e-05 -1.900000000000000105e-04 1.939999999999999993e-04 1.869999999999999917e-04 1.910000000000000077e-04
1.640096313476560116e+09 2.651200000000000084e-02 1.630000000000000047e-04 1.999999999999999909e-06 1.900000000000000105e-04 1.890000000000000133e-04 1.920000000000000049e-04
1.643440063476560116e+09 2.719999999999999848e-02 -4.399999999999999886e-05 2.300000000000000002e-05 1.720000000000000066e-04 1.779999999999999898e-04 1.849999999999999973e-04
1.646783813476560116e+09 2.712699999999999834e-02 4.100000000000000047e-05 -1.689999999999999879e-04 1.779999999999999898e-04 1.879999999999999890e-04 1.920000000000000049e-04
