9.027994384765620232e+08 3.001000000000000195e-03 -2.910000000000000260e-04 2.159999999999999919e-04 1.810000000000000085e-04 1.640000000000000019e-04 1.479999999999999925e-04
9.161744384765620232e+08 3.003000000000000027e-03 -1.299999999999999886e-04 -1.039999999999999936e-04 1.479999999999999925e-04 1.179999999999999951e-04 1.240000000000000054e-04
9.295494384765620232e+08 2.631000000000000092e-03 -2.329999999999999986e-04 2.730000000000000222e-04 1.589999999999999888e-04 1.530000000000000056e-04 1.410000000000000120e-04
9.562994384765620232e+08 2.746000000000000177e-03 -1.630000000000000047e-04 8.100000000000000375e-05 1.579999999999999916e-04 1.399999999999999877e-04 1.459999999999999981e-04
9.696744384765620232e+08 2.808999999999999865e-03 -1.129999999999999955e-04 1.800000000000000046e-05 1.240000000000000054e-04 1.010000000000000020e-04 1.129999999999999955e-04
9.830494384765620232e+08 2.808000000000000166e-03 -2.110000000000000059e-04 2.500000000000000120e-05 1.230000000000000082e-04 1.129999999999999955e-04 1.039999999999999936e-04
9.964244384765620232e+08 2.507000000000000114e-03 -1.320000000000000101e-04 -1.000000000000000082e-05 1.190000000000000058e-04 1.140000000000000063e-04 1.069999999999999988e-04
1.009799438476559997e+09 2.644000000000000083e-03 -4.449999999999999746e-04 -1.769999999999999926e-04 1.140000000000000063e-04 1.069999999999999988e-04 1.060000000000000016e-04
1.036549438476559997e+09 2.723000000000000160e-03 -2.869999999999999830e-04 3.300000000000000253e-05 1.090000000000000067e-04 9.500000000000000523e-05 1.150000000000000035e-04
1.049924438476559997e+09 2.687999999999999851e-03 -1.540000000000000028e-04 2.449999999999999921e-04 1.050000000000000044e-04 1.000000000000000048e-04 1.090000000000000067e-04
1.063299438476559997e+09 2.487000000000000061e-03 -9.899999999999999404e-05 -1.100000000000000039e-04 1.140000000000000063e-04 1.029999999999999964e-04 1.060000000000000016e-04
1.076674438476560116e+09 2.556000000000000112e-03 -3.750000000000000078e-04 3.100000000000000135e-05 1.029999999999999964e-04 1.000000000000000048e-04 9.799999999999999684e-05
1.090049438476560116e+09 2.575000000000000032e-03 -1.090000000000000067e-04 1.430000000000000064e-04 1.010000000000000020e-04 1.039999999999999936e-04 1.029999999999999964e-04
1.103424438476560116e+09 2.415000000000000046e-03 -1.630000000000000047e-04 3.100000000000000135e-05 1.029999999999999964e-04 9.000000000000000567e-05 9.899999999999999404e-05
1.116799438476560116e+09 2.533999999999999794e-03 -2.320000000000000014e-04 -6.399999999999999710e-05 1.190000000000000058e-04 1.079999999999999960e-04 9.600000000000000243e-05
1.130174438476560116e+09 2.413999999999999913e-03 -1.389999999999999905e-04 -2.709999999999999735e-04 1.010000000000000020e-04 9.500000000000000523e-05 1.029999999999999964e-04
1.143549438476560116e+09 2.370999999999999844e-03 -2.730000000000000222e-04 1.510000000000000112e-04 1.129999999999999955e-04 1.050000000000000044e-04 1.119999999999999983e-04
1.156924438476560116e+09 2.507999999999999813e-03 -5.099999999999999960e-05 -6.000000000000000152e-06 1.140000000000000063e-04 1.019999999999999992e-04 1.029999999999999964e-04
1.183674438476560116e+09 2.544999999999999953e-03 -2.049999999999999956e-04 9.799999999999999684e-05 1.710000000000000094e-04 1.689999999999999879e-04 1.600000000000000131e-04
1.210424438476560116e+09 2.184999999999999876e-03 -3.009999999999999980e-04 -1.520000000000000084e-04 2.110000000000000059e-04 1.900000000000000105e-04 2.120000000000000031e-04
1.223799438476560116e+09 2.340000000000000066e-03 -5.789999999999999791e-04 -1.820000000000000057e-04 1.620000000000000075e-04 1.469999999999999953e-04 1.410000000000000120e-04
1.237174438476560116e+09 2.079999999999999818e-03 -4.800000000000000122e-05 -1.190000000000000058e-04 1.420000000000000092e-04 1.299999999999999886e-04 1.200000000000000030e-04
1.250549438476560116e+09 2.135000000000000179e-03 -3.119999999999999944e-04 -1.289999999999999914e-04 1.279999999999999942e-04 1.210000000000000002e-04 1.269999999999999970e-04
1.290674438476560116e+09 2.014000000000000165e-03 -3.029999999999999924e-04 2.530000000000000239e-04 1.250000000000000026e-04 1.179999999999999951e-04 1.069999999999999988e-04
1.304049438476560116e+09 2.174000000000000151e-03 -1.520000000000000084e-04 -6.899999999999999667e-05 9.799999999999999684e-05 9.000000000000000567e-05 8.600000000000000331e-05
1.330799438476560116e+09 2.213999999999999822e-03 -2.799999999999999755e-04 5.800000000000000034e-05 8.799999999999999771e-05 8.299999999999999815e-05 8.700000000000000051e-05
1.344174438476560116e+09 2.258000000000000024e-03 -3.519999999999999908e-04 -4.899999999999999842e-05 9.200000000000000007e-05 8.700000000000000051e-05 8.799999999999999771e-05
1.357549438476560116e+09 2.134000000000000046e-03 -3.209999999999999963e-04 1.079999999999999960e-04 8.200000000000000095e-05 8.100000000000000375e-05 9.399999999999999448e-05
1.370924438476560116e+09 2.216999999999999787e-03 -2.259999999999999910e-04 -1.050000000000000044e-04 8.899999999999999491e-05 8.399999999999999535e-05 8.000000000000000654e-05
1.384299438476560116e+09 2.211999999999999991e-03 -1.029999999999999964e-04 1.140000000000000063e-04 8.700000000000000051e-05 8.100000000000000375e-05 8.000000000000000654e-05
1.397674438476560116e+09 2.311000000000000120e-03 -2.860000000000000129e-04 -4.000000000000000327e-05 8.399999999999999535e-05 8.600000000000000331e-05 8.200000000000000095e-05
1.411049438476560116e+09 2.177999999999999815e-03 -1.090000000000000067e-04 4.399999999999999886e-05 8.799999999999999771e-05 7.899999999999999579e-05 8.899999999999999491e-05
1.424424438476560116e+09 2.135000000000000179e-03 -1.840000000000000001e-04 -7.100000000000000462e-05 1.090000000000000067e-04 1.060000000000000016e-04 1.110000000000000011e-04
1.437799438476560116e+09 2.150000000000000001e-03 1.299999999999999920e-05 1.299999999999999920e-05 8.500000000000000611e-05 8.399999999999999535e-05 8.000000000000000654e-05
1.451174438476560116e+09 2.066000000000000128e-03 -5.800000000000000034e-05 -4.000000000000000327e-05 9.500000000000000523e-05 9.100000000000000287e-05 8.799999999999999771e-05
1.464549438476560116e+09 2.027999999999999855e-03 -1.069999999999999988e-04 4.800000000000000122e-05 8.600000000000000331e-05 8.500000000000000611e-05 8.399999999999999535e-05
1.477924438476560116e+09 1.930999999999999991e-03 -2.519999999999999996e-04 -3.000000000000000076e-05 8.100000000000000375e-05 8.700000000000000051e-05 8.399999999999999535e-05
1.491299438476560116e+09 1.977000000000000025e-03 -1.869999999999999917e-04 5.399999999999999798e-05 8.299999999999999815e-05 8.500000000000000611e-05 8.600000000000000331e-05
1.504674438476560116e+09 2.148999999999999869e-03 -8.799999999999999771e-05 5.500000000000000196e-05 9.000000000000000567e-05 9.500000000000000523e-05 9.200000000000000007e-05
1.518049438476560116e+09 1.992999999999999980e-03 -1.800000000000000046e-05 -4.600000000000000004e-05 1.359999999999999989e-04 1.330000000000000073e-04 1.219999999999999974e-04
1.531424438476560116e+09 2.017000000000000130e-03 -1.530000000000000056e-04 -5.399999999999999798e-05 2.280000000000000126e-04 2.590000000000000071e-04 2.599999999999999772e-04
1.558174438476560116e+09 1.793000000000000106e-03 -1.430000000000000064e-04 -4.899999999999999842e-05 1.990000000000000124e-04 1.749999999999999982e-04 1.730000000000000038e-04
1.571549438476560116e+09 1.943999999999999981e-03 -4.710000000000000102e-04 -5.399999999999999798e-05 1.630000000000000047e-04 1.550000000000000000e-04 1.600000000000000131e-04
1.584924438476560116e+09 2.216999999999999787e-03 -3.600000000000000227e-04 -2.110000000000000059e-04 1.379999999999999933e-04 1.389999999999999905e-04 1.259999999999999998e-04
1.598299438476560116e+09 1.832000000000000078e-03 -2.259999999999999910e-04 -1.099999999999999971e-05 1.740000000000000010e-04 1.640000000000000019e-04 1.569999999999999944e-04
1.611674438476560116e+09 2.128999999999999816e-03 3.000000000000000076e-06 -9.000000000000000567e-05 1.010000000000000020e-04 9.299999999999999727e-05 1.039999999999999936e-04
1.625049438476560116e+09 1.962999999999999901e-03 -5.899999999999999754e-05 1.269999999999999970e-04 1.530000000000000056e-04 1.579999999999999916e-04 1.749999999999999982e-04
1.638424438476560116e+09 1.920999999999999965e-03 -9.699999999999999963e-05 -6.999999999999999387e-05 8.600000000000000331e-05 9.600000000000000243e-05 9.100000000000000287e-05
1.651799438476560116e+09 1.994000000000000113e-03 1.240000000000000054e-04 -2.069999999999999900e-04 1.789999999999999870e-04 1.969999999999999909e-04 1.840000000000000001e-04
