# ======================================================================
# FLAGGED DATA - KEPT CHANNELS ONLY
# ======================================================================
# 
# FLAGGING SUMMARY:
#   Total channels: 57
#   Flagged: 10 (17.5%)
#   Kept: 47 (82.5%)
# 
# FLAGGING CRITERIA APPLIED:
#   - Gross outliers: 1 channels
#   - Spectral baseline clipping: 7 channels
#   - Stokes V clipping: 2 channels
#       Threshold: 2.32σ
#       Reference: median
#       Iterations: 2
# 
# COLUMN FORMAT: freq(Hz) I Q U V dI dQ dU dV
# ======================================================================
9.1617443848e+08 3.6860000000e-03 -3.3800000000e-04 2.8900000000e-04 -1.5400000000e-04 1.3300000000e-04 1.3000000000e-04 1.1300000000e-04 1.1600000000e-04
9.2954943848e+08 3.6620000000e-03 -4.7500000000e-04 -1.0000000000e-05 -1.3600000000e-04 1.7700000000e-04 1.5400000000e-04 1.3000000000e-04 1.3600000000e-04
9.6967443848e+08 3.3360000000e-03 -3.6200000000e-04 3.2900000000e-04 1.9500000000e-04 1.2300000000e-04 1.1000000000e-04 1.1200000000e-04 1.1200000000e-04
9.8304943848e+08 3.3540000000e-03 -4.0500000000e-04 2.8700000000e-04 -4.6000000000e-05 1.1800000000e-04 1.1300000000e-04 1.0200000000e-04 1.0700000000e-04
9.9642443848e+08 3.1960000000e-03 -4.7300000000e-04 3.8800000000e-04 -7.6000000000e-05 1.1500000000e-04 1.0900000000e-04 1.1400000000e-04 9.8000000000e-05
1.0097994385e+09 3.2600000000e-03 -3.5300000000e-04 3.5000000000e-04 -6.0000000000e-06 1.1600000000e-04 1.1400000000e-04 1.1200000000e-04 9.8000000000e-05
1.0231744385e+09 3.3200000000e-03 -3.4200000000e-04 1.5100000000e-04 5.0000000000e-06 1.2700000000e-04 1.1300000000e-04 1.0100000000e-04 1.0300000000e-04
1.0365494385e+09 3.4620000000e-03 -2.6700000000e-04 2.7000000000e-05 1.6100000000e-04 1.2900000000e-04 1.1000000000e-04 1.1500000000e-04 1.1100000000e-04
1.0499244385e+09 3.1720000000e-03 -4.1200000000e-04 -8.4000000000e-05 -1.5400000000e-04 1.1400000000e-04 1.0300000000e-04 1.1000000000e-04 1.1100000000e-04
1.0632994385e+09 3.3840000000e-03 -3.5000000000e-04 1.1500000000e-04 -1.2500000000e-04 1.1200000000e-04 1.0800000000e-04 1.0100000000e-04 9.3000000000e-05
1.0766744385e+09 3.3770000000e-03 -1.5700000000e-04 1.4400000000e-04 3.3000000000e-05 1.0900000000e-04 9.4000000000e-05 9.5000000000e-05 1.0500000000e-04
1.0900494385e+09 3.2770000000e-03 -5.3500000000e-04 3.4400000000e-04 -3.3400000000e-04 1.5700000000e-04 1.4100000000e-04 1.5100000000e-04 1.6600000000e-04
1.1034244385e+09 3.3160000000e-03 -3.2200000000e-04 1.1200000000e-04 1.9000000000e-05 1.0300000000e-04 9.6000000000e-05 1.0200000000e-04 9.9000000000e-05
1.1167994385e+09 3.1940000000e-03 -3.8000000000e-04 -4.9000000000e-05 -8.0000000000e-05 1.0600000000e-04 9.2000000000e-05 9.9000000000e-05 1.0900000000e-04
1.1301744385e+09 3.1660000000e-03 -3.3600000000e-04 1.6300000000e-04 -1.6000000000e-05 1.1000000000e-04 1.0500000000e-04 9.3000000000e-05 9.9000000000e-05
1.1569244385e+09 3.4170000000e-03 -4.5700000000e-04 -5.2000000000e-05 2.2000000000e-05 1.2200000000e-04 1.0400000000e-04 1.0600000000e-04 1.0700000000e-04
1.1836744385e+09 2.9860000000e-03 -3.0700000000e-04 8.9000000000e-05 -1.1000000000e-05 1.6700000000e-04 1.4700000000e-04 1.6900000000e-04 1.8000000000e-04
1.1970494385e+09 2.9320000000e-03 -2.6400000000e-04 1.8500000000e-04 1.4200000000e-04 1.3700000000e-04 1.2600000000e-04 1.2100000000e-04 1.3800000000e-04
1.2104244385e+09 2.6880000000e-03 -2.7600000000e-04 3.1100000000e-04 -2.0400000000e-04 2.5800000000e-04 1.7800000000e-04 2.0400000000e-04 2.1200000000e-04
1.2371744385e+09 3.0790000000e-03 -4.1500000000e-04 2.2400000000e-04 2.0300000000e-04 1.3200000000e-04 1.1200000000e-04 1.0300000000e-04 1.2700000000e-04
1.2505494385e+09 2.9240000000e-03 -2.1900000000e-04 1.2100000000e-04 8.0000000000e-06 1.1400000000e-04 1.0400000000e-04 1.0200000000e-04 1.1700000000e-04
1.2639244385e+09 2.8800000000e-03 -2.7100000000e-04 2.3200000000e-04 1.9700000000e-04 1.9100000000e-04 1.7800000000e-04 1.9600000000e-04 2.0000000000e-04
1.2906744385e+09 2.6250000000e-03 -2.7800000000e-04 1.3200000000e-04 -8.3000000000e-05 1.4500000000e-04 1.4300000000e-04 1.5100000000e-04 1.4100000000e-04
1.3040494385e+09 2.8200000000e-03 -2.7600000000e-04 1.2000000000e-05 4.1000000000e-05 9.9000000000e-05 8.8000000000e-05 9.1000000000e-05 9.7000000000e-05
1.3174244385e+09 2.7960000000e-03 -3.3200000000e-04 4.4000000000e-05 -5.7000000000e-05 9.5000000000e-05 9.5000000000e-05 9.4000000000e-05 8.8000000000e-05
1.3307994385e+09 2.7710000000e-03 -4.1600000000e-04 2.0300000000e-04 1.4000000000e-05 9.4000000000e-05 8.5000000000e-05 8.9000000000e-05 8.3000000000e-05
1.3441744385e+09 2.6500000000e-03 -2.9400000000e-04 2.6600000000e-04 -6.8000000000e-05 8.7000000000e-05 8.4000000000e-05 8.6000000000e-05 8.6000000000e-05
1.3575494385e+09 2.7550000000e-03 -3.3700000000e-04 1.3300000000e-04 -4.2000000000e-05 8.5000000000e-05 8.1000000000e-05 8.6000000000e-05 8.3000000000e-05
1.3709244385e+09 2.8610000000e-03 -3.4300000000e-04 1.1000000000e-04 -1.5200000000e-04 8.8000000000e-05 8.5000000000e-05 8.0000000000e-05 7.6000000000e-05
1.3842994385e+09 2.7710000000e-03 -3.4200000000e-04 -4.5000000000e-05 7.4000000000e-05 8.5000000000e-05 8.6000000000e-05 8.3000000000e-05 8.3000000000e-05
1.3976744385e+09 2.8630000000e-03 -3.9100000000e-04 1.5100000000e-04 3.4000000000e-05 8.8000000000e-05 8.2000000000e-05 8.2000000000e-05 8.3000000000e-05
1.4110494385e+09 2.7080000000e-03 -3.3000000000e-04 3.7000000000e-05 3.7000000000e-05 9.3000000000e-05 8.4000000000e-05 8.4000000000e-05 8.1000000000e-05
1.4244244385e+09 2.8260000000e-03 -1.9400000000e-04 1.5200000000e-04 1.6700000000e-04 1.1000000000e-04 1.0700000000e-04 1.1700000000e-04 1.0800000000e-04
1.4377994385e+09 2.5790000000e-03 -2.6800000000e-04 9.7000000000e-05 2.0700000000e-04 8.3000000000e-05 8.5000000000e-05 8.7000000000e-05 8.3000000000e-05
1.4511744385e+09 2.8370000000e-03 -1.8700000000e-04 1.3400000000e-04 -3.4000000000e-05 8.9000000000e-05 8.8000000000e-05 8.2000000000e-05 8.7000000000e-05
1.4645494385e+09 2.7110000000e-03 -1.1500000000e-04 5.9000000000e-05 -4.2000000000e-05 9.8000000000e-05 7.9000000000e-05 8.2000000000e-05 8.3000000000e-05
1.4779244385e+09 2.7250000000e-03 -1.1300000000e-04 2.3000000000e-05 8.1000000000e-05 8.6000000000e-05 9.6000000000e-05 8.5000000000e-05 8.6000000000e-05
1.4912994385e+09 2.6390000000e-03 -3.4100000000e-04 1.1900000000e-04 3.4000000000e-05 8.3000000000e-05 8.7000000000e-05 8.5000000000e-05 8.5000000000e-05
1.5046744385e+09 2.5510000000e-03 -1.9800000000e-04 -6.6000000000e-05 -2.5000000000e-05 1.0000000000e-04 9.8000000000e-05 9.6000000000e-05 9.4000000000e-05
1.5180494385e+09 2.8280000000e-03 -1.6300000000e-04 1.5100000000e-04 8.8000000000e-05 1.3000000000e-04 1.2300000000e-04 1.1900000000e-04 1.2600000000e-04
1.5581744385e+09 2.4780000000e-03 -3.3700000000e-04 -2.2000000000e-05 2.4000000000e-05 1.9300000000e-04 1.6100000000e-04 1.7700000000e-04 1.8500000000e-04
1.5715494385e+09 2.5370000000e-03 -2.0100000000e-04 -2.1000000000e-05 2.1600000000e-04 1.8700000000e-04 1.6900000000e-04 1.7600000000e-04 1.8000000000e-04
1.5982994385e+09 2.1530000000e-03 -3.5500000000e-04 9.9000000000e-05 9.3000000000e-05 1.3200000000e-04 1.3000000000e-04 1.2900000000e-04 1.3300000000e-04
1.6116744385e+09 2.7430000000e-03 -3.0900000000e-04 1.9200000000e-04 1.3600000000e-04 9.2000000000e-05 9.7000000000e-05 9.8000000000e-05 9.1000000000e-05
1.6250494385e+09 2.4680000000e-03 -4.1000000000e-04 1.3700000000e-04 1.3300000000e-04 1.6100000000e-04 1.5600000000e-04 1.4100000000e-04 1.4000000000e-04
1.6384244385e+09 2.5020000000e-03 -2.6300000000e-04 -2.5000000000e-05 3.0000000000e-05 9.9000000000e-05 9.2000000000e-05 8.7000000000e-05 8.4000000000e-05
1.6517994385e+09 2.6990000000e-03 -1.2300000000e-04 -5.9000000000e-05 2.7000000000e-04 1.8400000000e-04 1.9000000000e-04 1.7400000000e-04 1.8300000000e-04
