9.028000000000000000e+08 1.817852800000000002e+01 1.514175999999999966e+00 9.532200000000000395e-02 1.105800000000000012e-02 7.060000000000000303e-04 9.859999999999998974e-04
9.162000000000000000e+08 1.806513199999999841e+01 1.515439999999999898e+00 1.276519999999999877e-01 9.851000000000000381e-03 4.310000000000000137e-04 8.310000000000000329e-04
9.295000000000000000e+08 1.793606399999999823e+01 1.523335000000000106e+00 1.570050000000000057e-01 9.142000000000000820e-03 5.630000000000000239e-04 8.120000000000000048e-04
9.429000000000000000e+08 1.782101300000000066e+01 1.533376000000000072e+00 2.113929999999999976e-01 1.740600000000000133e-02 9.070000000000000371e-04 1.417999999999999990e-03
9.563000000000000000e+08 1.764215499999999892e+01 1.517284999999999995e+00 2.416419999999999957e-01 8.264999999999999777e-03 3.770000000000000022e-04 7.029999999999999574e-04
9.697000000000000000e+08 1.751272000000000162e+01 1.505662999999999974e+00 2.796060000000000212e-01 6.126999999999999634e-03 3.800000000000000209e-04 6.840000000000000377e-04
9.830000000000000000e+08 1.740890699999999924e+01 1.497738000000000014e+00 3.169259999999999855e-01 6.811000000000000214e-03 4.029999999999999837e-04 7.039999999999999817e-04
9.964000000000000000e+08 1.728316699999999884e+01 1.482876000000000083e+00 3.492469999999999741e-01 5.543000000000000184e-03 3.269999999999999795e-04 6.369999999999999794e-04
1.009800000000000000e+09 1.716898300000000077e+01 1.473583000000000087e+00 3.835120000000000196e-01 6.289000000000000319e-03 3.510000000000000208e-04 6.400000000000000524e-04
1.023200000000000000e+09 1.706851199999999835e+01 1.481599000000000110e+00 4.032810000000000006e-01 4.734999999999999626e-03 4.420000000000000101e-04 7.259999999999999743e-04
1.036500000000000000e+09 1.694772899999999893e+01 1.486502999999999908e+00 4.194970000000000088e-01 4.073000000000000231e-03 4.220000000000000118e-04 6.859999999999999779e-04
1.049900000000000000e+09 1.683467100000000016e+01 1.490425000000000111e+00 4.348750000000000115e-01 3.938999999999999793e-03 3.480000000000000020e-04 6.019999999999999961e-04
1.063300000000000000e+09 1.674447800000000086e+01 1.490509000000000084e+00 4.504900000000000015e-01 3.995000000000000287e-03 3.519999999999999908e-04 6.290000000000000018e-04
1.076700000000000000e+09 1.664245800000000131e+01 1.481570999999999971e+00 4.751070000000000015e-01 4.094000000000000417e-03 4.049999999999999781e-04 6.660000000000000338e-04
1.090000000000000000e+09 1.655105999999999966e+01 1.461870000000000003e+00 5.093910000000000382e-01 3.989000000000000358e-03 4.350000000000000026e-04 6.689999999999999983e-04
1.103400000000000000e+09 1.644975499999999968e+01 1.451610000000000067e+00 5.327399999999999913e-01 3.969000000000000306e-03 3.299999999999999982e-04 5.800000000000000034e-04
1.116800000000000000e+09 1.634715100000000021e+01 1.439041999999999932e+00 5.555240000000000178e-01 3.896000000000000157e-03 3.530000000000000152e-04 5.619999999999999996e-04
1.130200000000000000e+09 1.627051700000000167e+01 1.423408000000000007e+00 5.808889999999999887e-01 4.453000000000000361e-03 3.490000000000000263e-04 6.030000000000000204e-04
1.143500000000000000e+09 1.618332499999999996e+01 1.407912000000000052e+00 6.075570000000000137e-01 3.729999999999999809e-03 3.930000000000000117e-04 5.890000000000000053e-04
1.156900000000000000e+09 1.608702299999999852e+01 1.392255999999999938e+00 6.281550000000000189e-01 4.170000000000000095e-03 4.070000000000000267e-04 5.500000000000000331e-04
1.170300000000000000e+09 1.601195699999999889e+01 1.376932999999999963e+00 6.468920000000000226e-01 4.675000000000000336e-03 4.360000000000000269e-04 6.300000000000000261e-04
1.183700000000000000e+09 1.593067600000000006e+01 1.358273000000000064e+00 6.781570000000000098e-01 3.831999999999999903e-03 4.780000000000000178e-04 6.279999999999999775e-04
1.197000000000000000e+09 1.584414899999999982e+01 1.350784999999999902e+00 6.915550000000000308e-01 3.749999999999999861e-03 4.479999999999999933e-04 6.149999999999999868e-04
1.210400000000000000e+09 1.576026399999999938e+01 1.338472000000000106e+00 7.109060000000000379e-01 4.216000000000000129e-03 5.640000000000000482e-04 7.020000000000000415e-04
1.223800000000000000e+09 1.567535400000000045e+01 1.334977999999999998e+00 7.216059999999999697e-01 5.112000000000000224e-03 5.540000000000000219e-04 6.920000000000000153e-04
1.237200000000000000e+09 1.559824700000000064e+01 1.328556000000000070e+00 7.309600000000000541e-01 4.483000000000000006e-03 4.400000000000000157e-04 5.999999999999999474e-04
1.250500000000000000e+09 1.552769799999999911e+01 1.324721999999999955e+00 7.388040000000000163e-01 3.696000000000000067e-03 4.530000000000000064e-04 5.450000000000000200e-04
1.263900000000000000e+09 1.546264200000000066e+01 1.319944000000000006e+00 7.437690000000000135e-01 3.943000000000000324e-03 5.090000000000000123e-04 5.680000000000000370e-04
1.277300000000000000e+09 1.538013499999999922e+01 1.312694999999999945e+00 7.564070000000000515e-01 4.434999999999999706e-03 6.359999999999999551e-04 7.259999999999999743e-04
1.290700000000000000e+09 1.530830699999999922e+01 1.296869000000000050e+00 7.685509999999999842e-01 3.379000000000000059e-03 4.380000000000000213e-04 5.789999999999999791e-04
1.304000000000000000e+09 1.522832200000000036e+01 1.282261000000000095e+00 7.842329999999999579e-01 3.824000000000000142e-03 4.049999999999999781e-04 5.590000000000000351e-04
1.317400000000000000e+09 1.516247199999999928e+01 1.264219999999999899e+00 7.998990000000000267e-01 3.432000000000000155e-03 4.139999999999999800e-04 5.039999999999999992e-04
1.330800000000000000e+09 1.508065599999999939e+01 1.248261000000000065e+00 8.150180000000000202e-01 4.017999999999999870e-03 4.879999999999999898e-04 5.320000000000000293e-04
1.344200000000000000e+09 1.499881700000000073e+01 1.240801999999999961e+00 8.196120000000000072e-01 3.886999999999999830e-03 4.040000000000000080e-04 5.230000000000000274e-04
1.357500000000000000e+09 1.493402099999999955e+01 1.232359999999999900e+00 8.252709999999999768e-01 3.003000000000000027e-03 4.020000000000000136e-04 4.879999999999999898e-04
1.370900000000000000e+09 1.485660299999999978e+01 1.222617000000000065e+00 8.328940000000000232e-01 3.390999999999999917e-03 4.650000000000000270e-04 5.429999999999999714e-04
1.384300000000000000e+09 1.478949000000000069e+01 1.211789000000000005e+00 8.423070000000000279e-01 2.899000000000000101e-03 4.510000000000000120e-04 5.289999999999999564e-04
1.397700000000000000e+09 1.471821899999999950e+01 1.200992999999999977e+00 8.487209999999999477e-01 3.203999999999999817e-03 4.310000000000000137e-04 5.100000000000000366e-04
1.411000000000000000e+09 1.464220100000000002e+01 1.189399000000000095e+00 8.575409999999999977e-01 2.882000000000000013e-03 4.499999999999999877e-04 5.199999999999999544e-04
1.424400000000000000e+09 1.457201899999999917e+01 1.178045000000000009e+00 8.625019999999999909e-01 2.853000000000000067e-03 4.739999999999999747e-04 5.029999999999999749e-04
1.437800000000000000e+09 1.449082800000000049e+01 1.169302000000000064e+00 8.662680000000000380e-01 2.675999999999999993e-03 4.369999999999999970e-04 4.920000000000000328e-04
1.451200000000000000e+09 1.441322500000000062e+01 1.162385999999999919e+00 8.668559999999999599e-01 3.085000000000000069e-03 4.569999999999999952e-04 4.780000000000000178e-04
1.464500000000000000e+09 1.433361499999999999e+01 1.156361999999999890e+00 8.667049999999999477e-01 2.965999999999999887e-03 4.679999999999999915e-04 4.780000000000000178e-04
1.477900000000000000e+09 1.424871399999999966e+01 1.147142000000000106e+00 8.680670000000000330e-01 3.150000000000000022e-03 4.400000000000000157e-04 5.010000000000000347e-04
1.491300000000000000e+09 1.417159900000000050e+01 1.136738000000000026e+00 8.693990000000000329e-01 2.922999999999999817e-03 4.739999999999999747e-04 5.109999999999999525e-04
1.504700000000000000e+09 1.408369300000000024e+01 1.126184999999999992e+00 8.708350000000000257e-01 3.402000000000000076e-03 4.440000000000000045e-04 5.209999999999999788e-04
1.518000000000000000e+09 1.400583199999999984e+01 1.120420999999999889e+00 8.720430000000000126e-01 3.608000000000000096e-03 4.360000000000000269e-04 4.960000000000000216e-04
1.531400000000000000e+09 1.391887200000000036e+01 1.113099999999999978e+00 8.731670000000000265e-01 5.290000000000000431e-03 6.109999999999999980e-04 6.199999999999999999e-04
1.544800000000000000e+09 1.383097199999999916e+01 1.101896999999999904e+00 8.747319999999999540e-01 4.697999999999999919e-03 6.329999999999999906e-04 5.980000000000000072e-04
1.558200000000000000e+09 1.374615000000000009e+01 1.086991000000000041e+00 8.760689999999999866e-01 3.007999999999999823e-03 4.609999999999999840e-04 5.490000000000000088e-04
1.571500000000000000e+09 1.364394799999999996e+01 1.082743000000000011e+00 8.775990000000000180e-01 3.209000000000000047e-03 5.490000000000000088e-04 6.589999999999999721e-04
1.584900000000000000e+09 1.357253700000000052e+01 1.073545999999999889e+00 8.777639999999999887e-01 3.854999999999999920e-03 5.770000000000000389e-04 5.150000000000000498e-04
1.598300000000000000e+09 1.345295100000000055e+01 1.064322999999999908e+00 8.762720000000000509e-01 3.128000000000000138e-03 4.780000000000000178e-04 5.119999999999999768e-04
1.611700000000000000e+09 1.335997500000000038e+01 1.057425999999999977e+00 8.769160000000000288e-01 3.550999999999999903e-03 5.150000000000000498e-04 5.199999999999999544e-04
1.625000000000000000e+09 1.326587499999999942e+01 1.049455999999999944e+00 8.736450000000000049e-01 3.138999999999999863e-03 6.409999999999999682e-04 5.150000000000000498e-04
1.638400000000000000e+09 1.314984699999999940e+01 1.042918000000000012e+00 8.737810000000000299e-01 3.389000000000000085e-03 4.809999999999999823e-04 4.760000000000000234e-04
1.651800000000000000e+09 1.305388400000000004e+01 1.029730000000000034e+00 8.736059999999999937e-01 3.240999999999999957e-03 5.410000000000000312e-04 4.899999999999999842e-04
