# Source: J1331+3030_scan01
# Position: RA=-157.215457 deg, Dec=30.509167 deg
# MS: 1693837274_sdp_l0_1024ch_J1331+3030_scan01.ms
# Scan: 01
# Start MJD: 60191.5994572341
# End MJD: 60191.6063987422
# Middle MJD: 60191.6029279881
# Duration: 0.1666 hours
# Columns: Channel Freq[GHz] I[mJy] Q[mJy] U[mJy] V[mJy] Plin[mJy] rms_I rms_Q rms_U rms_V rms_Plin
#
   0     0.9028 18178.5278  1514.1764    95.3223    -0.1914  1517.1801    11.0584     0.7057     0.9863     0.5017     1.2127
   1     0.9162 18065.1321  1515.4401   127.6524     0.4144  1520.8133     9.8513     0.4312     0.8306     0.3757     0.9359
   2     0.9295 17936.0638  1523.3350   157.0053     0.1478  1531.4157     9.1420     0.5633     0.8119     0.3569     0.9881
   3     0.9429 17821.0125  1533.3756   211.3934     0.2502  1547.8866    17.4058     0.9067     1.4176     0.7964     1.6828
   4     0.9563 17642.1547  1517.2846   241.6421     0.6820  1536.4119     8.2647     0.3770     0.7026     0.3216     0.7973
   5     0.9697 17512.7201  1505.6626   279.6062     0.6529  1531.4097     6.1265     0.3805     0.6840     0.2264     0.7827
   6     0.9830 17408.9069  1497.7378   316.9257     0.2104  1530.9107     6.8115     0.4032     0.7044     0.2245     0.8116
   7     0.9964 17283.1669  1482.8761   349.2475    -0.1495  1523.4569     5.5435     0.3269     0.6370     0.2220     0.7160
   8     1.0098 17168.9835  1473.5829   383.5118     0.0877  1522.6812     6.2891     0.3512     0.6396     0.2097     0.7297
   9     1.0232 17068.5120  1481.5990   403.2808    -0.2144  1535.5119     4.7352     0.4418     0.7255     0.2140     0.8495
  10     1.0365 16947.7291  1486.5030   419.4971    -0.2608  1544.5685     4.0729     0.4224     0.6859     0.2130     0.8055
  11     1.0499 16834.6710  1490.4245   434.8749    -0.3307  1552.5798     3.9393     0.3476     0.6018     0.1872     0.6949
  12     1.0633 16744.4782  1490.5093   450.4897    -0.2007  1557.1061     3.9951     0.3516     0.6293     0.1985     0.7209
  13     1.0767 16642.4580  1481.5712   475.1069    -0.3776  1555.8918     4.0941     0.4050     0.6661     0.2045     0.7795
  14     1.0900 16551.0597  1461.8698   509.3907     0.0920  1548.0857     3.9887     0.4350     0.6693     0.1904     0.7983
  15     1.1034 16449.7547  1451.6096   532.7401    -0.3673  1546.2879     3.9695     0.3296     0.5801     0.1766     0.6672
  16     1.1168 16347.1508  1439.0415   555.5241    -0.0499  1542.5541     3.8964     0.3533     0.5625     0.2010     0.6643
  17     1.1302 16270.5173  1423.4084   580.8890     0.0509  1537.3838     4.4528     0.3492     0.6032     0.1917     0.6970
  18     1.1435 16183.3248  1407.9120   607.5566     0.0210  1533.4175     3.7301     0.3931     0.5891     0.2026     0.7082
  19     1.1569 16087.0228  1392.2564   628.1549    -0.1931  1527.4129     4.1703     0.4070     0.5503     0.2186     0.6844
  20     1.1703 16011.9572  1376.9326   646.8918    -0.4264  1521.3302     4.6750     0.4357     0.6299     0.3725     0.7660
  21     1.1837 15930.6765  1358.2726   678.1565     0.3168  1518.1701     3.8320     0.4782     0.6276     0.3256     0.7890
  22     1.1970 15844.1486  1350.7845   691.5554    -0.0483  1517.5329     3.7496     0.4478     0.6150     0.2879     0.7608
  23     1.2104 15760.2644  1338.4722   710.9065     0.6503  1515.5723     4.2159     0.5640     0.7024     0.4216     0.9009
  24     1.2238 15675.3540  1334.9780   721.6061    -0.0158  1517.5499     5.1118     0.5539     0.6917     0.3443     0.8862
  25     1.2372 15598.2475  1328.5556   730.9598    -0.3227  1516.3794     4.4834     0.4403     0.5999     0.2248     0.7441
  26     1.2505 15527.6976  1324.7224   738.8040    -0.0167  1516.8256     3.6955     0.4531     0.5454     0.2004     0.7091
  27     1.2639 15462.6417  1319.9441   743.7690    -0.3069  1515.0826     3.9434     0.5095     0.5677     0.3009     0.7628
  28     1.2773 15380.1355  1312.6949   756.4070     0.0151  1515.0537     4.4354     0.6356     0.7258     0.4387     0.9648
  29     1.2907 15308.3067  1296.8694   768.5514     0.6611  1507.5110     3.3789     0.4380     0.5787     0.2737     0.7258
  30     1.3040 15228.3220  1282.2614   784.2333    -0.0364  1503.0842     3.8237     0.4051     0.5589     0.1520     0.6903
  31     1.3174 15162.4718  1264.2205   799.8986     0.3398  1496.0426     3.4322     0.4141     0.5036     0.1615     0.6520
  32     1.3308 15080.6561  1248.2606   815.0179    -0.0106  1490.7901     4.0178     0.4884     0.5321     0.1560     0.7223
  33     1.3442 14998.8165  1240.8016   819.6124     0.1306  1487.0803     3.8870     0.4044     0.5229     0.1527     0.6611
  34     1.3575 14934.0210  1232.3595   825.2710     0.0774  1483.1831     3.0032     0.4023     0.4884     0.1636     0.6328
  35     1.3709 14856.6027  1222.6167   832.8937    -0.3643  1479.3786     3.3914     0.4652     0.5429     0.1452     0.7149
  36     1.3843 14789.4897  1211.7893   842.3069    -0.2872  1475.7935     2.8987     0.4507     0.5294     0.1732     0.6952
  37     1.3977 14718.2188  1200.9934   848.7208    -0.1529  1470.6364     3.2045     0.4309     0.5102     0.1635     0.6678
  38     1.4110 14642.2014  1189.3995   857.5408    -0.0187  1466.3236     2.8823     0.4496     0.5197     0.1657     0.6871
  39     1.4244 14572.0186  1178.0453   862.5019     0.1956  1460.0554     2.8532     0.4738     0.5027     0.2328     0.6908
  40     1.4378 14490.8285  1169.3025   866.2676     0.1963  1455.2470     2.6757     0.4366     0.4919     0.1862     0.6577
  41     1.4512 14413.2252  1162.3865   866.8562    -0.2653  1450.0482     3.0845     0.4568     0.4776     0.1676     0.6609
  42     1.4645 14333.6153  1156.3621   866.7052     0.3508  1445.1330     2.9656     0.4675     0.4785     0.1707     0.6690
  43     1.4779 14248.7144  1147.1418   868.0665     0.2961  1438.5889     3.1503     0.4396     0.5011     0.1949     0.6666
  44     1.4913 14171.5994  1136.7384   869.3995    -0.1695  1431.1175     2.9229     0.4740     0.5111     0.1580     0.6971
  45     1.5047 14083.6935  1126.1848   870.8349     0.2710  1423.6236     3.4019     0.4440     0.5210     0.1710     0.6845
  46     1.5180 14005.8317  1120.4209   872.0434     0.0381  1419.8123     3.6084     0.4359     0.4960     0.2143     0.6603
  47     1.5314 13918.8719  1113.0997   873.1673     0.0700  1414.7547     5.2904     0.6112     0.6201     0.4857     0.8707
  48     1.5448 13830.9717  1101.8971   874.7318     0.0779  1406.9204     4.6980     0.6331     0.5983     0.3398     0.8711
  49     1.5582 13746.1500  1086.9906   876.0687    -0.0837  1396.1083     3.0080     0.4614     0.5486     0.2709     0.7168
  50     1.5715 13643.9476  1082.7426   877.5988     0.1628  1393.7724     3.2092     0.5490     0.6595     0.3869     0.8580
  51     1.5849 13572.5365  1073.5461   877.7642    -0.5747  1386.7429     3.8547     0.5770     0.5153     0.2813     0.7736
  52     1.5983 13452.9505  1064.3234   876.2724    -0.0148  1378.6647     3.1279     0.4785     0.5121     0.1970     0.7008
  53     1.6117 13359.9749  1057.4263   876.9162    -0.2873  1373.7584     3.5512     0.5153     0.5204     0.2000     0.7323
  54     1.6250 13265.8749  1049.4558   873.6453    -0.4125  1365.5328     3.1393     0.6410     0.5152     0.3300     0.8224
  55     1.6384 13149.8470  1042.9183   873.7808     0.5766  1360.6036     3.3894     0.4806     0.4763     0.2204     0.6766
  56     1.6518 13053.8836  1029.7301   873.6057     0.0561  1350.3988     3.2407     0.5413     0.4897     0.3003     0.7299
