# Source: J1331+3030_scan01
# Position: RA=-157.215457 deg, Dec=30.509166 deg
# MS: 1696597476_sdp_l0_1k_1024ch_J1331+3030_scan01.ms
# Scan: 01
# Start MJD: 60223.5462877564
# End MJD: 60223.5532292644
# Middle MJD: 60223.5497585104
# Duration: 0.1666 hours
# Columns: Channel Freq[GHz] I[mJy] Q[mJy] U[mJy] V[mJy] Plin[mJy] rms_I rms_Q rms_U rms_V rms_Plin
#
   0     0.9028 18475.2216  1184.9688  -626.1707     1.7000  1340.2520    27.8139     1.2087     2.7926     0.8569     3.0430
   1     0.9162 18322.8207  1226.3960  -612.6100    -0.6182  1370.8973    20.7612     1.3952     1.4442     0.9119     2.0080
   2     0.9295 18194.1586  1278.8881  -601.7950    -0.2260  1413.4103    16.4160     1.0280     1.3365     1.0268     1.6861
   3     0.9429 18052.0897  1359.2747  -572.4763     0.0670  1474.9271    17.9278     1.4315     1.8339     0.8463     2.3265
   4     0.9563 17890.1577  1361.4925  -513.6436    -0.0436  1455.1666     9.3652     0.6080     0.9298     0.5332     1.1110
   5     0.9697 17722.4636  1387.9154  -466.3723    -0.1513  1464.1802     6.2709     0.4424     0.6641     0.3919     0.7980
   6     0.9830 17563.1161  1409.2525  -415.1937     0.7767  1469.1482     6.1355     0.3815     0.6648     0.2934     0.7665
   7     0.9964 17404.7852  1425.0890  -362.8270    -0.3094  1470.5554     6.3606     0.3338     0.6171     0.2905     0.7016
   8     1.0098 17280.0045  1441.3012  -321.6164    -0.4003  1476.7545     6.3423     0.3320     0.6579     0.3059     0.7369
   9     1.0232 17157.9075  1445.1813  -275.9383     0.3119  1471.2938     4.6755     0.3189     0.6095     0.2534     0.6879
  10     1.0365 17025.4326  1448.2492  -224.2680     0.2119  1465.5149     5.5327     0.3143     0.6213     0.2399     0.6963
  11     1.0499 16903.6293  1447.8108  -175.7797     0.1459  1458.4466     5.1719     0.2487     0.5844     0.2320     0.6352
  12     1.0633 16792.7589  1443.6877  -127.3339    -0.6868  1449.2967     5.0849     0.2656     0.6036     0.2321     0.6595
  13     1.0767 16692.8730  1444.4548   -84.9001    -0.1180  1446.9513     4.1480     0.2776     0.6275     0.2018     0.6862
  14     1.0900 16558.8512  1449.6715   -42.9416     0.1118  1450.3127     4.8585     0.3178     0.5661     0.2663     0.6493
  15     1.1034 16443.6646  1460.2022   -13.6034    -0.0600  1460.2704     4.8534     0.2754     0.5519     0.2302     0.6168
  16     1.1168 16336.2427  1462.2099    17.0408     0.0163  1462.3139     3.6073     0.2467     0.5837     0.2143     0.6337
  17     1.1302 16239.4867  1459.9625    49.4948     0.1892  1460.8059     3.1364     0.2998     0.5807     0.2478     0.6535
  18     1.1435 16131.9008  1454.3345    91.3092     0.1761  1457.2039     4.1554     0.3245     0.6111     0.3194     0.6919
  19     1.1569 16015.9912  1446.2907   128.2406    -0.2124  1451.9722     3.7002     0.3427     0.5905     0.2502     0.6827
  20     1.1703 15929.6589  1430.4495   150.5120    -0.4838  1438.3513     3.6964     0.3781     0.5885     0.4006     0.6995
  21     1.1837 15818.6998  1438.2608   212.6366    -0.5049  1453.9002     3.8696     0.4009     0.6028     0.3485     0.7239
  22     1.1970 15720.7546  1437.0753   217.6945    -0.3161  1453.4777     3.5686     0.3870     0.6125     0.3306     0.7245
  23     1.2104 15650.7893  1434.9502   261.3275    -0.2437  1458.5620     3.1043     0.4016     0.6588     0.3970     0.7715
  24     1.2238 15540.0085  1420.0268   327.5409    -0.1937  1457.3196     2.9824     0.3837     0.5552     0.3650     0.6749
  25     1.2372 15458.5028  1408.0591   341.7522    -0.2302  1448.9487     3.1851     0.3322     0.6182     0.2622     0.7018
  26     1.2505 15371.7413  1411.7504   313.2507    -0.0761  1446.0959     3.0421     0.3704     0.5308     0.3124     0.6473
  27     1.2639 15285.8849  1403.8388   329.9868     0.8735  1442.1062     3.0339     0.4146     0.5601     0.4168     0.6968
  28     1.2773 15194.6650  1395.0031   356.9294    -0.8700  1439.9477     4.2031     0.6603     0.8906     0.5205     1.1087
  29     1.2907 15096.0703  1388.5882   376.9419     0.2226  1438.8481     3.9711     0.4023     0.5871     0.2760     0.7117
  30     1.3040 15023.7207  1382.3116   397.1861    -0.4563  1438.2499     3.4174     0.3337     0.5218     0.2265     0.6194
  31     1.3174 14942.1873  1366.4790   428.6476     0.1276  1432.1400     2.6591     0.3442     0.5194     0.1918     0.6231
  32     1.3308 14859.0708  1355.1313   447.6518    -0.1751  1427.1631     3.1810     0.3710     0.5132     0.2032     0.6333
  33     1.3442 14782.3219  1345.2194   460.0321     0.1524  1421.7125     3.3124     0.3803     0.5230     0.1729     0.6467
  34     1.3575 14695.6558  1332.2431   480.2213    -0.4382  1416.1589     3.0735     0.3428     0.5155     0.1889     0.6190
  35     1.3709 14638.2771  1322.4953   495.1947     0.0363  1412.1741     3.0165     0.3432     0.4947     0.2038     0.6021
  36     1.3843 14561.7285  1316.4797   513.7637     0.2514  1413.1867     3.0138     0.3537     0.5277     0.1894     0.6353
  37     1.3977 14482.9998  1309.6582   530.4606    -0.2374  1413.0177     2.9209     0.3743     0.5260     0.1949     0.6456
  38     1.4110 14415.7677  1301.8866   551.2108     0.2370  1413.7771     3.0808     0.3762     0.4816     0.1916     0.6111
  39     1.4244 14339.8781  1294.8306   565.9105     0.1221  1413.1060     2.4825     0.4007     0.5614     0.2356     0.6897
  40     1.4378 14276.4988  1286.9422   575.8598     0.0706  1409.9139     2.2216     0.3856     0.5193     0.1948     0.6468
  41     1.4512 14206.8748  1275.3395   586.2566     0.1168  1403.6418     2.2325     0.3948     0.5197     0.2007     0.6527
  42     1.4645 14135.2177  1262.6669   598.9511     0.2916  1397.5332     2.8511     0.3484     0.4778     0.1837     0.5913
  43     1.4779 14069.7985  1249.7618   612.8728     0.2675  1391.9578     2.5857     0.4135     0.4494     0.2428     0.6107
  44     1.4913 14005.6601  1236.8023   625.2526    -0.6425  1385.8751     2.3809     0.4000     0.4837     0.1944     0.6277
  45     1.5047 13939.8470  1226.0233   636.8289    -0.2474  1381.5614     2.6629     0.4152     0.4806     0.1922     0.6351
  46     1.5180 13878.6831  1214.5970   647.5739    -0.1066  1376.4536     2.3311     0.4349     0.4771     0.2312     0.6456
  47     1.5314 13817.2646  1208.5507   649.1013     0.6378  1371.8469     3.4488     0.5349     0.5744     0.3563     0.7849
  48     1.5448 13750.8335  1201.5042   658.9566    -0.8412  1370.3563     3.1438     0.5968     0.6475     0.4113     0.8805
  49     1.5582 13693.1400  1182.1502   669.3109    -0.0090  1358.4888     2.3879     0.5047     0.5142     0.2970     0.7205
  50     1.5715 13627.9497  1184.2325   670.6846    -0.4218  1360.9796     2.5850     0.5225     0.5168     0.3258     0.7350
  51     1.5849 13564.2891  1175.3988   692.6041    -0.6856  1364.2942     2.6879     0.4987     0.5318     0.2551     0.7290
  52     1.5983 13503.5114  1163.8744   691.1281    -0.1377  1353.6248     2.7109     0.4725     0.5284     0.3075     0.7089
  53     1.6117 13435.9827  1156.1439   698.6017    -0.4328  1350.8310     2.4898     0.4834     0.5016     0.2179     0.6966
  54     1.6250 13382.5712  1140.9422   708.4991    -0.6325  1343.0340     3.3676     0.5294     0.5340     0.3762     0.7519
  55     1.6384 13320.6615  1137.5808   711.2266     0.2329  1341.6241     2.8919     0.5092     0.5438     0.2164     0.7450
  56     1.6518 13267.4875  1129.1627   718.2615     0.1055  1338.2550     3.4679     0.5761     0.4997     0.3521     0.7626
