# Source: J1331+3030_scan01
# Position: RA=-157.215457 deg, Dec=30.509167 deg
# MS: 1698492680_sdp_l0_1k_1024ch_J1331+3030_scan01.ms
# Scan: 01
# Start MJD: 60245.4815245722
# End MJD: 60245.4884660803
# Middle MJD: 60245.4849953262
# Duration: 0.1666 hours
# Columns: Channel Freq[GHz] I[mJy] Q[mJy] U[mJy] V[mJy] Plin[mJy] rms_I rms_Q rms_U rms_V rms_Plin
#
   0     0.9028 18639.4901  1245.9077  -633.7271    -0.0063  1397.8361    28.2773     1.2438     1.9125     1.1517     2.2814
   1     0.9162 18498.4989  1289.4968  -611.6797    -1.0643  1427.2270    19.1847     1.1394     1.2253     0.9610     1.6731
   2     0.9295 18355.1846  1341.7057  -600.3174    -0.2888  1469.8873    14.5213     0.7831     1.0920     0.6491     1.3438
   3     0.9429 18179.8687  1385.2814  -521.0085     1.2453  1480.0229    10.7128     1.0574     1.3581     1.1483     1.7212
   4     0.9563 18026.2527  1404.5917  -490.8748     0.2394  1487.9032     6.6890     0.4343     0.7581     0.4116     0.8737
   5     0.9697 17862.4611  1422.7757  -435.9439     0.7055  1488.0757     5.2988     0.3495     0.6541     0.2374     0.7416
   6     0.9830 17713.6154  1436.3344  -385.6403     0.5133  1487.2173     5.2374     0.2979     0.6199     0.2728     0.6877
   7     0.9964 17577.1942  1452.9505  -337.8109     0.1466  1491.7217     4.6271     0.3164     0.6429     0.2564     0.7166
   8     1.0098 17459.1255  1460.8901  -286.6861    -0.0712  1488.7736     5.0054     0.2695     0.6030     0.2452     0.6605
   9     1.0232 17338.1367  1474.8424  -250.7896    -0.4918  1496.0371     4.1661     0.3234     0.6280     0.2558     0.7063
  10     1.0365 17199.1119  1487.9366  -211.3485     0.4022  1502.9000     3.5406     0.2695     0.6233     0.2101     0.6790
  11     1.0499 17060.9341  1495.4022  -179.9438     0.3584  1506.2159     4.0709     0.2162     0.5980     0.1770     0.6359
  12     1.0633 16946.5389  1497.8396  -145.2638    -0.3718  1504.9076     3.8301     0.2323     0.5798     0.2007     0.6246
  13     1.0767 16850.3113  1500.2112  -103.5943    -0.1932  1503.8391     3.8579     0.2195     0.5745     0.2067     0.6150
  14     1.0900 16723.5069  1500.3874   -62.7837     0.0401  1501.8296     3.4183     0.2571     0.5918     0.2143     0.6452
  15     1.1034 16603.7750  1505.1236   -33.1631     0.3478  1505.8204     3.1938     0.2240     0.5641     0.1795     0.6070
  16     1.1168 16494.1483  1499.3247    46.1639    -0.0478  1500.2308     2.8675     0.2454     0.6034     0.2065     0.6513
  17     1.1302 16394.2623  1496.6967    74.2848     0.0767  1498.6407     2.8777     0.2845     0.5650     0.2301     0.6326
  18     1.1435 16290.2641  1484.6851   120.8923    -0.0319  1489.6804     3.0980     0.3046     0.6055     0.2694     0.6778
  19     1.1569 16175.3559  1476.3055   160.7951    -0.0164  1485.1035     2.7646     0.3258     0.6016     0.2276     0.6841
  20     1.1703 16082.5348  1477.2390   168.4614    -0.0733  1486.8747     3.1063     0.4252     0.6757     0.3277     0.7984
  21     1.1837 15974.3805  1459.6915   214.0781     0.1644  1475.3383     3.0440     0.3210     0.6795     0.2954     0.7515
  22     1.1970 15874.9590  1447.4100   245.0136     0.1975  1468.0215     2.6526     0.3790     0.6811     0.3522     0.7795
  23     1.2104 15792.3460  1450.6735   268.7883     0.7276  1475.3792     3.1202     0.5682     0.8460     0.4857     1.0191
  24     1.2238 15687.9177  1449.2179   297.2297    -0.4111  1479.3994     3.1478     0.3528     0.5861     0.2826     0.6841
  25     1.2372 15603.7436  1441.1559   319.7890    -0.0973  1476.2259     3.2066     0.3385     0.5902     0.2113     0.6803
  26     1.2505 15510.4351  1444.7440   327.4626    -0.2710  1481.4081     4.4132     0.5653     0.6112     0.3058     0.8326
  27     1.2639 15430.1281  1450.3860   326.1225    -0.6548  1486.6149     3.0116     0.6019     0.7534     0.3835     0.9643
  28     1.2773 15332.3860  1463.8777   312.9943    -0.0785  1496.9807     3.5517     0.3920     0.6479     0.4513     0.7573
  29     1.2907 15249.1646  1434.3377   357.2369     0.0122  1478.1687     2.3587     0.3936     0.5645     0.2745     0.6882
  30     1.3040 15163.9919  1409.1425   406.1039    -0.6477  1466.5077     2.4572     0.3043     0.5255     0.1744     0.6072
  31     1.3174 15086.7071  1395.5256   433.2429     0.5760  1461.2437     2.5128     0.2640     0.4858     0.1856     0.5529
  32     1.3308 15004.6682  1384.5891   455.3426    -0.1436  1457.5566     2.5326     0.2568     0.4802     0.1542     0.5445
  33     1.3442 14923.2817  1372.2656   473.1341     0.0166  1451.5584     3.0106     0.3053     0.5035     0.1552     0.5889
  34     1.3575 14845.1834  1362.5231   492.4659    -0.0451  1448.8047     2.3182     0.3029     0.4893     0.1609     0.5755
  35     1.3709 14775.3716  1351.2514   508.6744     0.3916  1443.8428     2.5566     0.2870     0.4931     0.1715     0.5705
  36     1.3843 14695.3382  1341.2868   525.6820    -0.2383  1440.6384     2.3352     0.2939     0.5068     0.1713     0.5858
  37     1.3977 14617.0359  1331.0730   542.9863     0.2292  1437.5814     2.0968     0.3044     0.5120     0.1570     0.5957
  38     1.4110 14546.0014  1317.1848   559.3144    -0.0360  1431.0343     2.2185     0.3168     0.4606     0.1462     0.5590
  39     1.4244 14472.6105  1305.2156   572.5358     0.2805  1425.2865     2.3704     0.3362     0.5075     0.2023     0.6087
  40     1.4378 14404.2616  1296.3800   582.3541    -0.1321  1421.1938     2.4274     0.3016     0.4964     0.1683     0.5808
  41     1.4512 14327.2905  1285.6631   591.2700     0.1985  1415.1281     2.3732     0.3373     0.4424     0.1801     0.5563
  42     1.4645 14259.4385  1277.7056   600.9874     0.5911  1412.0113     2.8014     0.3298     0.4526     0.1668     0.5600
  43     1.4779 14194.1395  1266.9996   611.8707     0.1953  1407.0300     2.4097     0.2988     0.4458     0.1541     0.5366
  44     1.4913 14124.0940  1255.6065   622.7412    -0.5707  1401.5765     2.2684     0.3418     0.4630     0.1955     0.5755
  45     1.5047 14056.6568  1242.7139   636.4215    -0.2003  1396.2220     2.5335     0.3654     0.4799     0.2028     0.6031
  46     1.5180 13993.7744  1233.5368   646.9998    -0.6753  1392.9437     2.5260     0.3240     0.4716     0.2342     0.5721
  47     1.5314 13936.9478  1221.0268   654.5844    -0.1445  1385.4495     3.9400     0.5521     0.6815     0.3449     0.8770
  48     1.5448 13871.0575  1205.0606   676.1398     0.1963  1381.8284     3.4465     0.4793     0.6292     0.3937     0.7909
  49     1.5582 13798.0080  1185.7011   691.0081    -0.2490  1372.3965     2.5661     0.4002     0.4723     0.2960     0.6190
  50     1.5715 13729.3434  1182.6237   704.3000    -0.1524  1376.4969     3.4356     0.5005     0.5805     0.3665     0.7665
  51     1.5849 13660.7409  1173.3062   714.9593    -0.1413  1374.0097     2.9945     0.4703     0.5404     0.3358     0.7164
  52     1.5983 13593.3256  1163.3111   714.2958     0.2610  1365.1438     4.9706     0.4852     0.7107     0.3631     0.8606
  53     1.6117 13532.2418  1167.0831   706.3028     0.4144  1364.1933     3.8885     0.4451     0.4947     0.2220     0.6654
  54     1.6250 13473.3763  1152.4433   714.8042    -0.1567  1356.1376     3.0682     0.4690     0.5329     0.4126     0.7098
  55     1.6384 13410.0523  1148.3454   718.0403    -0.1135  1354.3785     3.0449     0.3904     0.4687     0.2308     0.6100
  56     1.6518 13344.0294  1143.1115   718.9925     0.0117  1350.4416     3.6394     0.4883     0.4595     0.3996     0.6705
