# Source: J1331+3030_scan01
# Position: RA=-157.215457 deg, Dec=30.509167 deg
# MS: 1697283077_sdp_l0_1024ch_J1331+3030_scan01.ms
# Scan: 01
# Start MJD: 60231.4814109337
# End MJD: 60231.4883524417
# Middle MJD: 60231.4848816877
# Duration: 0.1666 hours
# Columns: Channel Freq[GHz] I[mJy] Q[mJy] U[mJy] V[mJy] Plin[mJy] rms_I rms_Q rms_U rms_V rms_Plin
#
   0     0.9028 18992.2791  1421.9875  -724.2188    -0.7975  1595.8316    70.5675     1.9042     3.2606     1.0913     3.7760
   1     0.9162 18729.8183  1333.6973  -627.7261     0.4440  1474.0543    31.4301     1.7715     2.4749     0.8064     3.0435
   2     0.9295 18566.5207  1360.2613  -580.1526     0.0943  1478.8302    41.2937     1.4362     2.7580     1.2552     3.1095
   3     0.9429 18450.7942  1432.0524  -511.2445    -0.0543  1520.5978    70.1599     0.9899     3.0008     0.3593     3.1598
   4     0.9563 18313.8027  1419.2898  -443.2205    -0.0565  1486.8910    18.7990     1.1341     1.2660     0.9341     1.6997
   5     0.9697 18150.5718  1451.2659  -390.2843     0.1841  1502.8328    13.1678     0.8375     0.8368     0.5949     1.1839
   6     0.9830 18026.8650  1466.4547  -350.8588     0.7655  1507.8483     9.3927     0.5147     0.6349     0.4904     0.8173
   7     0.9964 17914.6843  1478.9217  -302.9674    -0.2226  1509.6412     5.6289     0.4349     0.6340     0.3590     0.7688
   8     1.0098 17776.2642  1484.8045  -255.0526    -0.3403  1506.5596     6.1800     0.3831     0.6147     0.2815     0.7243
   9     1.0232 17672.3137  1506.3078  -220.7075    -0.0145  1522.3972     4.5731     0.3727     0.6190     0.3470     0.7225
  10     1.0365 17537.7655  1518.9503  -178.8060     0.7088  1529.4479     4.5536     0.2887     0.6030     0.2380     0.6686
  11     1.0499 17405.8552  1542.1779  -142.9941    -0.0082  1548.8000     4.3926     0.3045     0.5630     0.2279     0.6400
  12     1.0633 17286.2301  1548.1633  -106.0111    -0.0979  1551.7975     4.1380     0.2653     0.6145     0.2190     0.6693
  13     1.0767 17181.9344  1541.6512   -63.8510     0.0027  1542.9817     4.4447     0.2862     0.5896     0.1964     0.6554
  14     1.0900 17073.5893  1535.6264   -13.1142    -0.2395  1535.6941     4.2635     0.2621     0.5908     0.1992     0.6464
  15     1.1034 16960.2661  1543.5787    20.9637    -0.1450  1543.7311     2.9667     0.2437     0.5754     0.1993     0.6249
  16     1.1168 16850.2502  1531.4641    61.9433    -0.0798  1532.7277     3.5603     0.2629     0.5717     0.2036     0.6293
  17     1.1302 16742.0883  1527.8651    98.0923    -0.0875  1531.0193     4.3327     0.2907     0.5490     0.2125     0.6212
  18     1.1435 16636.0378  1518.7242   134.2059    -0.1390  1524.6527     3.4373     0.2648     0.5401     0.2611     0.6015
  19     1.1569 16537.6415  1506.3199   172.1261     0.2160  1516.1357     3.2259     0.2791     0.5613     0.2294     0.6269
  20     1.1703 16437.7823  1499.3478   200.7477     0.0919  1512.7358     4.7428     0.4304     0.6007     0.3801     0.7390
  21     1.1837 16346.8513  1491.6134   243.0253    -0.2795  1511.2923     3.5737     0.3660     0.5453     0.3174     0.6568
  22     1.1970 16250.1507  1486.5555   264.0779    -0.1456  1509.8418     2.8637     0.3702     0.5534     0.2998     0.6658
  23     1.2104 16172.8954  1475.4039   300.1168     0.3722  1505.6298     3.9689     0.4970     0.6375     0.5494     0.8083
  24     1.2238 16077.2228  1466.6010   321.2622     0.2054  1501.3940     3.7357     0.3932     0.5619     0.2967     0.6858
  25     1.2372 15988.5292  1459.0065   348.9031     0.7908  1500.1621     2.6031     0.3633     0.5769     0.2755     0.6817
  26     1.2505 15902.5440  1457.6069   368.4539     0.1053  1503.4722     3.5032     0.3242     0.5534     0.2130     0.6414
  27     1.2639 15823.3795  1450.4859   385.4440     0.4535  1500.8410     2.9409     0.5336     0.6090     0.3641     0.8097
  28     1.2773 15728.0254  1436.4007   414.9527    -0.4711  1495.1581     3.8286     0.5068     0.6515     0.4354     0.8254
  29     1.2907 15634.2430  1428.2379   434.6965    -0.2610  1492.9388     3.8441     0.3686     0.5261     0.2505     0.6424
  30     1.3040 15558.2142  1418.3662   455.2180    -0.3802  1489.6425     3.2388     0.3220     0.4918     0.1930     0.5879
  31     1.3174 15486.4216  1406.6575   478.4929     0.0505  1485.8295     2.4392     0.3090     0.4952     0.1740     0.5837
  32     1.3308 15404.7623  1398.6397   497.0646     0.1665  1484.3577     2.6573     0.3535     0.5297     0.1680     0.6368
  33     1.3442 15320.6720  1397.8493   511.5323     0.0015  1488.5240     2.6935     0.3449     0.5007     0.1692     0.6080
  34     1.3575 15242.4154  1390.2124   528.5881     0.2385  1487.3303     3.2257     0.3590     0.5089     0.1402     0.6228
  35     1.3709 15172.3299  1380.9687   544.1825     0.1791  1484.3395     2.9676     0.3091     0.5131     0.1546     0.5990
  36     1.3843 15098.4936  1367.6894   558.9561    -0.1767  1477.5189     2.5024     0.3464     0.5109     0.1875     0.6173
  37     1.3977 15018.5032  1351.4398   572.5704    -0.2500  1467.7469     2.9162     0.3448     0.4776     0.1881     0.5890
  38     1.4110 14936.5854  1336.0605   588.6201     0.1340  1459.9956     3.2236     0.3674     0.4743     0.1772     0.6000
  39     1.4244 14862.4344  1325.6125   600.7537     0.1063  1455.4068     3.1783     0.3587     0.4955     0.2331     0.6117
  40     1.4378 14798.4047  1316.0172   612.0424     0.2287  1451.3988     2.5369     0.3967     0.4817     0.1853     0.6241
  41     1.4512 14735.1351  1307.9344   624.3387     0.0512  1449.3272     2.3810     0.3945     0.4715     0.1658     0.6148
  42     1.4645 14657.1884  1296.9581   637.4050     0.5989  1445.1433     2.7002     0.3954     0.4354     0.2076     0.5882
  43     1.4779 14580.8945  1286.5986   649.5686     0.2411  1441.2965     2.8705     0.3955     0.4898     0.1796     0.6295
  44     1.4913 14509.3670  1276.8205   661.8990    -0.2548  1438.2085     2.5416     0.4059     0.4882     0.1576     0.6349
  45     1.5047 14435.8492  1267.5755   670.9581    -0.1765  1434.2250     3.0976     0.4117     0.4913     0.1912     0.6410
  46     1.5180 14360.8084  1257.9393   682.3443    -0.1586  1431.1066     2.6740     0.4317     0.4976     0.1935     0.6587
  47     1.5314 14289.7749  1254.7767   684.5812    -0.3588  1429.4050     5.1192     0.6217     0.6190     0.3638     0.8773
  48     1.5448 14219.9125  1233.3946   701.3196     0.3819  1418.8629     3.3480     0.4864     0.4974     0.3202     0.6957
  49     1.5582 14156.1832  1225.1987   714.5576     0.5142  1418.3692     2.7701     0.4580     0.4478     0.3528     0.6405
  50     1.5715 14081.1224  1214.3732   724.7581    -0.9853  1414.2364     2.8332     0.5107     0.4935     0.3796     0.7101
  51     1.5849 14005.4274  1206.5228   726.9295    -0.0942  1408.6145     2.7545     0.5121     0.4675     0.3488     0.6934
  52     1.5983 13929.3594  1197.7755   729.4995     0.7136  1402.4668     4.6924     0.5430     0.4999     0.2697     0.7380
  53     1.6117 13849.7477  1188.9350   736.0137     0.3639  1398.3412     2.6128     0.4620     0.4631     0.1825     0.6541
  54     1.6250 13780.6482  1175.2565   740.6685     0.3706  1389.2062     2.3322     0.5096     0.4815     0.2397     0.7012
  55     1.6384 13699.9111  1164.7990   745.6117    -0.1573  1383.0235     2.7702     0.4895     0.5011     0.2019     0.7006
  56     1.6518 13628.8710  1145.6081   754.9572     0.0305  1372.0132     2.8688     0.4668     0.4906     0.3027     0.6772
