# Source: J1331+3030_scan01
# Position: RA=-157.215434 deg, Dec=30.509127 deg
# MS: 1695478381_sdp_l0_1024ch_J1331+3030_scan01.ms
# Scan: 01
# Start MJD: 60210.5938625131
# End MJD: 60210.6008040207
# Middle MJD: 60210.5973332669
# Duration: 0.1666 hours
# Columns: Channel Freq[GHz] I[mJy] Q[mJy] U[mJy] V[mJy] Plin[mJy] rms_I rms_Q rms_U rms_V rms_Plin
#
   0     0.9028 18667.1371  1373.3879  -358.7463     0.0730  1419.5225    12.3955     0.9342     1.1079     0.8818     1.4492
   1     0.9162 18497.3145  1398.0041  -338.1105    -0.1077  1438.4692     9.5448     0.7174     1.0169     0.6257     1.2445
   2     0.9295 18340.0497  1427.6335  -312.3546    -0.6063  1461.5772     7.3074     0.6511     0.9213     0.5644     1.1282
   3     0.9429 17983.3965  1459.9141  -262.7639     0.5516  1483.6414     9.4511     0.7718     1.2875     0.9642     1.5011
   4     0.9563 18025.7835  1467.8046  -230.6972     0.8206  1486.0884     5.3191     0.4269     0.7380     0.3425     0.8525
   5     0.9697 17873.6935  1479.5855  -186.3174     0.4853  1491.6309     5.1062     0.2940     0.7235     0.2700     0.7809
   6     0.9830 17730.7472  1486.9882  -144.4294     0.0860  1494.4482     4.7107     0.3281     0.7071     0.2630     0.7795
   7     0.9964 17604.4483  1493.5691  -106.3352    -0.0320  1498.0097     4.4019     0.2558     0.6963     0.2476     0.7418
   8     1.0098 17467.2012  1498.9545   -73.7990    -0.6880  1501.8011     4.1513     0.2915     0.6554     0.2228     0.7173
   9     1.0232 17346.6949  1501.1804    -1.2000     0.3807  1503.5744     4.1214     0.2755     0.6490     0.2478     0.7051
  10     1.0365 17215.9462  1499.6971    71.8508    -0.0236  1502.3677     4.0700     0.3218     0.6561     0.2202     0.7308
  11     1.0499 17085.3119  1495.9743    95.1084     0.3150  1499.5569     3.7137     0.2697     0.6141     0.2187     0.6707
  12     1.0633 16980.3448  1488.0619   123.2492    -0.5848  1493.4835     3.7941     0.2472     0.5782     0.2066     0.6288
  13     1.0767 16869.3905  1483.2337   155.5445    -0.1370  1491.5683     3.1516     0.2907     0.6355     0.1919     0.6988
  14     1.0900 16752.3880  1479.0144   193.2972    -0.1520  1491.7063     3.3776     0.3072     0.6110     0.2264     0.6839
  15     1.1034 16621.9597  1479.2823   217.4161    -0.3508  1495.2520     3.5177     0.2773     0.6018     0.2117     0.6626
  16     1.1168 16514.4482  1472.5209   245.6362     0.3073  1492.9228     2.7789     0.2833     0.6011     0.1878     0.6645
  17     1.1302 16406.7822  1465.5280   277.9153     0.1797  1491.6842     2.9857     0.2834     0.6428     0.2173     0.7025
  18     1.1435 16297.9794  1455.5992   309.1212    -0.0456  1488.0884     2.9116     0.2584     0.6074     0.2364     0.6600
  19     1.1569 16188.7112  1440.7804   340.2374    -0.3691  1480.4298     2.5919     0.2891     0.6243     0.2226     0.6880
  20     1.1703 16087.7724  1423.6922   353.9625    -0.0611  1467.0545     3.4505     0.3963     0.6527     0.3108     0.7636
  21     1.1837 15982.2998  1430.8436   404.9278    -0.2215  1487.0527     3.2140     0.3306     0.5983     0.3897     0.6835
  22     1.1970 15873.7507  1424.5189   412.7255     0.0814  1483.1260     3.2087     0.3608     0.6047     0.2690     0.7041
  23     1.2104 15786.5324  1421.5051   441.8257    -0.1853  1488.6051     3.4287     0.4036     0.5889     0.4114     0.7139
  24     1.2238 15670.7153  1414.7141   499.4082    -0.2636  1500.2871     3.3646     0.3288     0.5785     0.2572     0.6654
  25     1.2372 15576.0193  1395.4282   509.6236     0.6331  1485.5896     2.6285     0.2950     0.5721     0.2354     0.6437
  26     1.2505 15489.2464  1384.5727   484.9063     0.6196  1467.0420     2.4063     0.3474     0.5626     0.2781     0.6612
  27     1.2639 15403.7800  1374.8422   493.3670    -0.5515  1460.6953     3.5983     0.3798     0.6088     0.4119     0.7175
  28     1.2773 15307.8642  1360.1316   513.8795     0.2941  1453.9976     4.2470     0.4464     0.6478     0.4079     0.7867
  29     1.2907 15213.7737  1350.0051   532.2044    -0.6224  1451.1341     2.9873     0.3020     0.5562     0.2227     0.6329
  30     1.3040 15128.3827  1343.7204   548.2591    -0.1259  1451.2794     2.7139     0.2761     0.5144     0.1723     0.5838
  31     1.3174 15044.0550  1335.9997   570.3312     0.2346  1452.6585     2.4752     0.2905     0.5225     0.1957     0.5979
  32     1.3308 14959.1322  1323.2082   588.7108    -0.2322  1448.2776     2.4480     0.2796     0.4927     0.1949     0.5664
  33     1.3442 14872.5328  1314.0336   600.8029     0.1726  1444.8854     2.5895     0.2765     0.4913     0.1647     0.5637
  34     1.3575 14793.8919  1301.3573   617.5132    -0.3467  1440.4533     2.6149     0.2751     0.4640     0.1915     0.5394
  35     1.3709 14707.9029  1291.5189   626.5186    -0.0917  1435.4781     2.4009     0.3302     0.4875     0.1533     0.5888
  36     1.3843 14630.1022  1282.4351   638.6451     0.3933  1432.6771     2.3236     0.3039     0.4697     0.1936     0.5594
  37     1.3977 14556.4146  1270.2694   657.0993     0.0282  1430.1828     2.2216     0.3150     0.4542     0.1935     0.5528
  38     1.4110 14479.6257  1260.0095   671.8075     0.3785  1427.9412     2.3988     0.2874     0.4503     0.1688     0.5342
  39     1.4244 14408.0372  1247.7726   683.7018     0.9106  1422.8318     2.5678     0.3670     0.5014     0.2202     0.6214
  40     1.4378 14336.3123  1239.0267   693.6781     0.6117  1420.0182     2.2325     0.3332     0.4746     0.1897     0.5799
  41     1.4512 14265.5478  1230.0062   701.9572     0.0366  1416.2409     2.0962     0.3433     0.4748     0.1748     0.5859
  42     1.4645 14195.7140  1218.6052   710.1654     0.8626  1410.4683     2.1635     0.3194     0.4703     0.1519     0.5686
  43     1.4779 14124.5251  1207.4956   719.0980    -0.3269  1405.4302     2.5765     0.3004     0.4570     0.1727     0.5469
  44     1.4913 14061.1343  1196.3670   726.6499    -0.7795  1399.7869     2.3272     0.3323     0.4320     0.1870     0.5450
  45     1.5047 13997.8428  1187.0847   733.1837     0.4149  1395.2855     2.1972     0.3260     0.4429     0.2004     0.5499
  46     1.5180 13939.0745  1177.6145   739.7389     0.0997  1390.7171     2.1024     0.3666     0.4536     0.1829     0.5833
  47     1.5314 13882.6113  1171.3268   740.8226    -0.4729  1385.9820     2.4592     0.3884     0.5374     0.3593     0.6630
  48     1.5448 13819.7050  1161.3278   746.2367     0.0380  1380.4699     3.5912     0.4691     0.5654     0.3557     0.7347
  49     1.5582 13758.0185  1150.5526   761.0651     1.0026  1379.5309     2.3705     0.3560     0.4633     0.2484     0.5843
  50     1.5715 13697.0720  1144.5596   771.5839     0.0581  1380.3982     2.3311     0.4515     0.4774     0.2794     0.6571
  51     1.5849 13645.3915  1137.5401   781.7612     0.1739  1380.3210     2.2309     0.4025     0.4489     0.2486     0.6029
  52     1.5983 13592.2947  1126.8206   776.1906     0.0546  1368.3289     2.2666     0.3364     0.4913     0.2547     0.5954
  53     1.6117 13542.6188  1115.9176   781.7308    -0.3048  1362.5268     2.2174     0.3985     0.4301     0.2043     0.5863
  54     1.6250 13493.3205  1106.1161   780.2476    -0.5567  1353.6491     2.8907     0.3991     0.5712     0.3525     0.6968
  55     1.6384 13445.3297  1101.7163   784.5618     0.2105  1352.5623     2.3405     0.3513     0.4432     0.1901     0.5655
  56     1.6518 13402.2923  1093.0269   785.9563    -0.1137  1346.2958     2.5802     0.4486     0.5300     0.3006     0.6944
