# ======================================================================
# FLAGGED DATA - KEPT CHANNELS ONLY
# ======================================================================
# 
# FLAGGING SUMMARY:
#   Total channels: 219
#   Flagged: 45 (20.5%)
#   Kept: 174 (79.5%)
# 
# FLAGGING CRITERIA APPLIED:
#   - Gross outliers: 6 channels
#   - Error outliers: 15 channels
#       Threshold: 4.0σ above median in log-space
#       Iterations: 3
#   - Spectral baseline clipping: 19 channels
#   - Stokes V clipping: 5 channels
#       Threshold: 2.77σ
#       Reference: median
#       Iterations: 2
# 
# COLUMN FORMAT: freq(Hz) I Q U V dI dQ dU dV
# ======================================================================
9.0447131348e+08 2.1471000000e-02 2.6000000000e-05 -2.8300000000e-04 3.1100000000e-04 2.7500000000e-04 2.2800000000e-04 2.5900000000e-04 2.2400000000e-04
9.0781506348e+08 2.1829000000e-02 8.7000000000e-05 -1.9000000000e-05 -1.0200000000e-04 2.8300000000e-04 2.3900000000e-04 2.3600000000e-04 2.4600000000e-04
9.1115881348e+08 2.1550000000e-02 3.0300000000e-04 -2.6000000000e-05 4.0300000000e-04 2.6300000000e-04 2.2200000000e-04 2.7300000000e-04 2.1400000000e-04
9.1450256348e+08 2.1672000000e-02 3.1700000000e-04 -5.6500000000e-04 -3.5300000000e-04 2.5800000000e-04 2.2300000000e-04 2.4800000000e-04 2.3200000000e-04
9.1784631348e+08 2.1286000000e-02 -9.0000000000e-05 -2.6900000000e-04 1.2300000000e-04 2.8600000000e-04 2.2700000000e-04 2.3200000000e-04 2.2100000000e-04
9.2119006348e+08 2.1769000000e-02 -2.6400000000e-04 -1.7500000000e-04 2.6800000000e-04 2.7200000000e-04 2.3800000000e-04 2.2800000000e-04 2.4000000000e-04
9.2453381348e+08 2.2058000000e-02 -1.6800000000e-04 -2.9100000000e-04 2.0200000000e-04 2.8300000000e-04 2.3000000000e-04 2.3900000000e-04 2.2800000000e-04
9.2787756348e+08 2.1208000000e-02 1.1600000000e-04 -7.5200000000e-04 -3.4000000000e-04 2.7600000000e-04 2.5300000000e-04 2.6000000000e-04 2.3400000000e-04
9.3122131348e+08 2.1798000000e-02 -2.8700000000e-04 -2.4100000000e-04 -2.4700000000e-04 2.6000000000e-04 2.3100000000e-04 2.2100000000e-04 2.3500000000e-04
9.5128381348e+08 2.1671000000e-02 5.1000000000e-04 -4.2900000000e-04 -3.2000000000e-05 2.7900000000e-04 2.2800000000e-04 2.2200000000e-04 2.3400000000e-04
9.5462756348e+08 2.1197000000e-02 6.0600000000e-04 -6.4500000000e-04 -5.6500000000e-04 2.9300000000e-04 2.5300000000e-04 2.5600000000e-04 2.6400000000e-04
9.5797131348e+08 2.1111000000e-02 1.0700000000e-04 -4.7500000000e-04 -3.9400000000e-04 3.0000000000e-04 2.6100000000e-04 2.7700000000e-04 2.5500000000e-04
9.6465881348e+08 2.1058000000e-02 7.5000000000e-05 -2.9000000000e-05 3.1000000000e-05 2.3900000000e-04 2.2900000000e-04 2.1700000000e-04 2.1800000000e-04
9.6800256348e+08 2.0894000000e-02 5.5200000000e-04 -3.2300000000e-04 -1.0600000000e-04 2.3400000000e-04 2.0400000000e-04 2.2000000000e-04 2.0600000000e-04
9.7134631348e+08 2.0881000000e-02 2.3400000000e-04 -4.4400000000e-04 1.3700000000e-04 2.2100000000e-04 2.1500000000e-04 2.2300000000e-04 1.9400000000e-04
9.7469006348e+08 2.1112000000e-02 3.9300000000e-04 -1.2600000000e-04 -2.1500000000e-04 2.5800000000e-04 1.8600000000e-04 2.1600000000e-04 2.0400000000e-04
9.7803381348e+08 2.1162000000e-02 5.9200000000e-04 -3.4500000000e-04 -1.5400000000e-04 2.1700000000e-04 2.0000000000e-04 2.2000000000e-04 2.0800000000e-04
9.8137756348e+08 2.1104000000e-02 -1.8200000000e-04 -1.3500000000e-04 -2.7900000000e-04 2.2000000000e-04 2.0000000000e-04 2.2800000000e-04 2.1800000000e-04
9.8472131348e+08 2.1377000000e-02 2.8400000000e-04 5.6000000000e-05 1.8700000000e-04 2.3500000000e-04 2.0500000000e-04 2.1800000000e-04 2.1000000000e-04
9.8806506348e+08 2.1097000000e-02 1.6000000000e-05 -2.7600000000e-04 -1.4000000000e-04 2.2800000000e-04 2.2500000000e-04 2.0500000000e-04 2.2100000000e-04
9.9140881348e+08 2.0519000000e-02 -1.8000000000e-05 -5.9600000000e-04 1.5500000000e-04 2.1900000000e-04 2.1400000000e-04 2.2000000000e-04 1.9700000000e-04
9.9475256348e+08 2.0979000000e-02 2.6100000000e-04 -3.2100000000e-04 -4.9000000000e-05 2.2600000000e-04 2.2200000000e-04 2.0300000000e-04 1.9800000000e-04
9.9809631348e+08 2.0586000000e-02 4.6000000000e-05 -5.1500000000e-04 -6.5000000000e-05 2.2900000000e-04 2.0100000000e-04 2.1100000000e-04 1.8700000000e-04
1.0014400635e+09 2.0562000000e-02 -1.6800000000e-04 -2.5000000000e-04 -4.0000000000e-06 1.9500000000e-04 1.9900000000e-04 2.2700000000e-04 2.0600000000e-04
1.0047838135e+09 2.0735000000e-02 -1.3800000000e-04 -2.6900000000e-04 5.4600000000e-04 2.2300000000e-04 1.9600000000e-04 2.0100000000e-04 2.1300000000e-04
1.0081275635e+09 2.0470000000e-02 1.4400000000e-04 -1.5500000000e-04 2.5300000000e-04 2.3300000000e-04 2.2900000000e-04 2.1600000000e-04 2.1500000000e-04
1.0114713135e+09 2.0463000000e-02 1.3100000000e-04 -5.0900000000e-04 -2.3500000000e-04 2.2900000000e-04 2.1400000000e-04 2.1100000000e-04 2.0800000000e-04
1.0148150635e+09 2.0322000000e-02 -3.7400000000e-04 1.8800000000e-04 9.9000000000e-05 2.3400000000e-04 1.9300000000e-04 2.1800000000e-04 2.1600000000e-04
1.0181588135e+09 2.0367000000e-02 4.6000000000e-05 -9.9000000000e-05 1.9400000000e-04 2.1800000000e-04 2.0700000000e-04 2.0100000000e-04 2.1200000000e-04
1.0248463135e+09 2.0654000000e-02 2.0000000000e-04 -3.6000000000e-04 2.5000000000e-04 2.2300000000e-04 1.9700000000e-04 2.2500000000e-04 2.0100000000e-04
1.0281900635e+09 2.0514000000e-02 -4.5000000000e-05 -3.1400000000e-04 3.0000000000e-06 2.7200000000e-04 2.2700000000e-04 2.1700000000e-04 2.1000000000e-04
1.0315338135e+09 2.0265000000e-02 2.6800000000e-04 -4.6300000000e-04 -5.3000000000e-05 2.7600000000e-04 2.4000000000e-04 2.4800000000e-04 2.4500000000e-04
1.0348775635e+09 2.0202000000e-02 2.9800000000e-04 -1.4700000000e-04 2.7400000000e-04 2.1200000000e-04 2.0800000000e-04 1.8300000000e-04 2.1500000000e-04
1.0382213135e+09 2.0305000000e-02 4.0700000000e-04 -5.0600000000e-04 3.2700000000e-04 2.1800000000e-04 2.0500000000e-04 2.0600000000e-04 1.9600000000e-04
1.0415650635e+09 1.9971000000e-02 5.7000000000e-05 -3.7000000000e-04 1.8000000000e-05 2.5000000000e-04 2.3300000000e-04 2.0500000000e-04 2.0400000000e-04
1.0449088135e+09 2.0096000000e-02 -4.9000000000e-05 -2.1400000000e-04 -3.8500000000e-04 2.2300000000e-04 2.0400000000e-04 2.0700000000e-04 2.1700000000e-04
1.0482525635e+09 2.0129000000e-02 -3.9000000000e-05 -6.9100000000e-04 5.0000000000e-06 2.3600000000e-04 2.3400000000e-04 2.0500000000e-04 2.0900000000e-04
1.0515963135e+09 2.0333000000e-02 1.8600000000e-04 -2.4600000000e-04 -1.1600000000e-04 2.2200000000e-04 1.9700000000e-04 2.0800000000e-04 1.9500000000e-04
1.0549400635e+09 2.0049000000e-02 -7.4000000000e-05 -3.5900000000e-04 -3.7700000000e-04 2.2500000000e-04 2.0000000000e-04 1.9800000000e-04 1.7900000000e-04
1.0616275635e+09 2.0109000000e-02 1.1400000000e-04 -1.3100000000e-04 -2.6000000000e-05 2.0100000000e-04 2.0800000000e-04 2.2300000000e-04 2.0900000000e-04
1.0649713135e+09 1.9767000000e-02 -2.4000000000e-05 -5.6500000000e-04 -3.7400000000e-04 2.3100000000e-04 2.1600000000e-04 2.1800000000e-04 2.2900000000e-04
1.0683150635e+09 1.9915000000e-02 3.0100000000e-04 -5.6000000000e-05 -4.8200000000e-04 2.1400000000e-04 1.9600000000e-04 2.1800000000e-04 2.0300000000e-04
1.0716588135e+09 1.9701000000e-02 6.0000000000e-06 -2.2500000000e-04 3.4500000000e-04 2.1900000000e-04 2.0000000000e-04 2.0600000000e-04 1.9800000000e-04
1.0750025635e+09 1.9483000000e-02 -8.8000000000e-05 5.5000000000e-05 8.7000000000e-05 2.0300000000e-04 2.1300000000e-04 2.2100000000e-04 1.7800000000e-04
1.0783463135e+09 1.9631000000e-02 2.2600000000e-04 -2.0200000000e-04 -2.9000000000e-04 2.0700000000e-04 1.9200000000e-04 1.9900000000e-04 2.0300000000e-04
1.0816900635e+09 1.9823000000e-02 -2.4800000000e-04 -4.4000000000e-05 3.8300000000e-04 2.0400000000e-04 2.0500000000e-04 2.0600000000e-04 1.8500000000e-04
1.0850338135e+09 1.9459000000e-02 4.0100000000e-04 -5.6100000000e-04 1.6200000000e-04 2.2500000000e-04 2.1800000000e-04 2.0400000000e-04 2.1000000000e-04
1.0950650635e+09 1.9498000000e-02 6.4000000000e-05 -1.9500000000e-04 -4.6500000000e-04 2.1500000000e-04 2.0400000000e-04 1.8900000000e-04 2.0700000000e-04
1.0984088135e+09 1.9406000000e-02 3.4000000000e-05 -4.2900000000e-04 2.7600000000e-04 2.1700000000e-04 1.9900000000e-04 2.1000000000e-04 1.9500000000e-04
1.1017525635e+09 1.9290000000e-02 3.4700000000e-04 -2.2400000000e-04 -7.2000000000e-05 2.3700000000e-04 2.2100000000e-04 2.1500000000e-04 2.4400000000e-04
1.1050963135e+09 1.9518000000e-02 -9.0000000000e-06 5.9000000000e-05 2.0600000000e-04 2.1900000000e-04 1.9300000000e-04 1.7200000000e-04 2.0600000000e-04
1.1084400635e+09 1.9495000000e-02 -9.9000000000e-05 1.7100000000e-04 -3.5100000000e-04 2.3200000000e-04 2.1400000000e-04 2.3000000000e-04 2.0400000000e-04
1.1117838135e+09 1.8909000000e-02 5.8000000000e-05 -2.8300000000e-04 1.7400000000e-04 2.2300000000e-04 2.1000000000e-04 1.9300000000e-04 2.0100000000e-04
1.1151275635e+09 1.9392000000e-02 4.2900000000e-04 -5.9200000000e-04 -2.0500000000e-04 2.1300000000e-04 1.8300000000e-04 1.8800000000e-04 1.9300000000e-04
1.1184713135e+09 1.9322000000e-02 3.0300000000e-04 -1.1400000000e-04 2.3000000000e-05 1.8500000000e-04 2.0300000000e-04 1.9900000000e-04 1.8800000000e-04
1.1218150635e+09 1.9721000000e-02 -1.2500000000e-04 -2.3000000000e-04 -9.0000000000e-06 2.0200000000e-04 1.9300000000e-04 1.8500000000e-04 1.8700000000e-04
1.1251588135e+09 1.9312000000e-02 1.6700000000e-04 -2.0000000000e-04 -2.6700000000e-04 1.8600000000e-04 1.8100000000e-04 1.9300000000e-04 2.0500000000e-04
1.1285025635e+09 1.8723000000e-02 3.1200000000e-04 -2.5000000000e-04 1.4500000000e-04 2.0100000000e-04 2.0100000000e-04 1.8800000000e-04 2.1000000000e-04
1.1318463135e+09 1.8870000000e-02 1.1100000000e-04 -2.6300000000e-04 -1.6800000000e-04 2.0900000000e-04 1.9100000000e-04 1.8200000000e-04 1.9500000000e-04
1.1351900635e+09 1.8449000000e-02 3.4200000000e-04 -4.3200000000e-04 -3.8100000000e-04 2.9700000000e-04 2.6700000000e-04 2.6000000000e-04 2.4600000000e-04
1.1385338135e+09 1.8964000000e-02 3.8000000000e-05 -4.2200000000e-04 -3.4000000000e-05 2.1700000000e-04 2.3000000000e-04 2.0300000000e-04 2.0100000000e-04
1.1418775635e+09 1.8866000000e-02 -1.2000000000e-05 -3.6900000000e-04 2.0000000000e-05 2.2400000000e-04 2.1000000000e-04 2.0800000000e-04 1.9100000000e-04
1.1452213135e+09 1.8860000000e-02 3.1100000000e-04 -2.6400000000e-04 -1.4900000000e-04 2.4300000000e-04 1.9700000000e-04 2.0400000000e-04 2.0600000000e-04
1.1552525635e+09 1.8993000000e-02 1.7000000000e-05 -3.2100000000e-04 6.6000000000e-05 2.0300000000e-04 1.8900000000e-04 1.8800000000e-04 1.8500000000e-04
1.1585963135e+09 1.9115000000e-02 -3.0900000000e-04 -2.8600000000e-04 9.2000000000e-05 2.0100000000e-04 1.9400000000e-04 1.8500000000e-04 1.9600000000e-04
1.1619400635e+09 1.8419000000e-02 3.8100000000e-04 -1.7600000000e-04 -3.8800000000e-04 2.2100000000e-04 2.0200000000e-04 1.9300000000e-04 2.0000000000e-04
1.1652838135e+09 1.8478000000e-02 -8.5000000000e-05 -4.1300000000e-04 -3.2000000000e-04 1.9300000000e-04 1.9400000000e-04 2.0000000000e-04 2.0900000000e-04
1.1686275635e+09 1.8782000000e-02 5.3600000000e-04 -6.1400000000e-04 3.0000000000e-05 2.9000000000e-04 2.6200000000e-04 2.6900000000e-04 2.6700000000e-04
1.1853463135e+09 1.8807000000e-02 -2.4100000000e-04 -5.7600000000e-04 2.6500000000e-04 2.3300000000e-04 2.0900000000e-04 1.9900000000e-04 2.0500000000e-04
1.1886900635e+09 1.8628000000e-02 4.3000000000e-04 -2.0100000000e-04 -1.1700000000e-04 1.9300000000e-04 2.1600000000e-04 1.9700000000e-04 1.7800000000e-04
1.1953775635e+09 1.8619000000e-02 -5.0000000000e-06 -4.2500000000e-04 -5.6000000000e-05 2.0700000000e-04 1.8700000000e-04 1.9700000000e-04 1.9000000000e-04
1.1987213135e+09 1.8655000000e-02 1.2300000000e-04 -4.2400000000e-04 -1.5900000000e-04 2.0600000000e-04 1.9300000000e-04 2.1200000000e-04 2.1900000000e-04
1.2120963135e+09 1.7720000000e-02 -3.9000000000e-05 -1.7300000000e-04 -2.7000000000e-04 3.1100000000e-04 2.9700000000e-04 2.5800000000e-04 2.8600000000e-04
1.2154400635e+09 1.8640000000e-02 2.4600000000e-04 -1.7600000000e-04 2.4300000000e-04 1.9200000000e-04 1.9700000000e-04 1.8900000000e-04 2.1900000000e-04
1.2187838135e+09 1.8676000000e-02 7.1100000000e-04 2.3000000000e-05 -9.4000000000e-05 1.9500000000e-04 2.1200000000e-04 1.9500000000e-04 2.0500000000e-04
1.2355025635e+09 1.7628000000e-02 9.0000000000e-05 -4.2900000000e-04 -3.1500000000e-04 2.1900000000e-04 1.8600000000e-04 2.0400000000e-04 2.0200000000e-04
1.2388463135e+09 1.8445000000e-02 5.9000000000e-05 -5.0800000000e-04 2.0500000000e-04 1.9300000000e-04 1.8800000000e-04 1.9000000000e-04 1.8300000000e-04
1.2421900635e+09 1.8302000000e-02 1.6300000000e-04 -3.6600000000e-04 -3.2000000000e-05 2.1300000000e-04 2.0500000000e-04 2.0100000000e-04 1.7500000000e-04
1.2555650635e+09 1.7583000000e-02 3.2000000000e-04 -4.0100000000e-04 -1.3900000000e-04 2.0300000000e-04 1.9900000000e-04 1.8200000000e-04 1.8500000000e-04
1.2589088135e+09 1.7991000000e-02 4.1700000000e-04 5.9000000000e-05 -7.1000000000e-05 1.9100000000e-04 1.9100000000e-04 1.9900000000e-04 1.8600000000e-04
1.2823150635e+09 1.7114000000e-02 5.2000000000e-05 -1.8100000000e-04 -3.9400000000e-04 2.4400000000e-04 2.1600000000e-04 2.3600000000e-04 2.3400000000e-04
1.2856588135e+09 1.7967000000e-02 6.4000000000e-05 1.7500000000e-04 -3.8200000000e-04 2.4600000000e-04 2.1300000000e-04 2.3500000000e-04 2.3200000000e-04
1.2923463135e+09 1.7439000000e-02 -6.0000000000e-06 -3.1500000000e-04 -4.2900000000e-04 2.4000000000e-04 2.1700000000e-04 2.3000000000e-04 2.2600000000e-04
1.2956900635e+09 1.7321000000e-02 1.6900000000e-04 -3.6400000000e-04 -1.2200000000e-04 1.8400000000e-04 1.6600000000e-04 1.8000000000e-04 1.7600000000e-04
1.2990338135e+09 1.7653000000e-02 3.5100000000e-04 -2.1800000000e-04 6.9000000000e-05 1.8500000000e-04 1.7200000000e-04 1.9600000000e-04 1.6600000000e-04
1.3023775635e+09 1.7374000000e-02 -8.1000000000e-05 -8.3000000000e-05 3.1500000000e-04 1.7000000000e-04 1.7000000000e-04 1.6000000000e-04 1.6700000000e-04
1.3057213135e+09 1.7689000000e-02 5.0000000000e-05 -6.1100000000e-04 1.6800000000e-04 1.6500000000e-04 1.5900000000e-04 1.6400000000e-04 1.7500000000e-04
1.3090650635e+09 1.7665000000e-02 3.5800000000e-04 -3.7300000000e-04 -4.8000000000e-05 1.5300000000e-04 1.7600000000e-04 1.6700000000e-04 1.7400000000e-04
1.3124088135e+09 1.7365000000e-02 1.7200000000e-04 -4.5000000000e-04 -1.5300000000e-04 1.8000000000e-04 1.7200000000e-04 1.7500000000e-04 1.6700000000e-04
1.3190963135e+09 1.7236000000e-02 5.9000000000e-05 -7.3000000000e-05 -1.8800000000e-04 1.6900000000e-04 1.6000000000e-04 1.6400000000e-04 1.6200000000e-04
1.3224400635e+09 1.7287000000e-02 2.5200000000e-04 -3.0100000000e-04 2.0200000000e-04 1.7100000000e-04 1.6400000000e-04 1.6300000000e-04 1.6400000000e-04
1.3257838135e+09 1.7308000000e-02 4.1600000000e-04 -3.0000000000e-05 -2.0000000000e-05 1.7600000000e-04 1.7200000000e-04 1.7300000000e-04 1.6500000000e-04
1.3291275635e+09 1.7464000000e-02 1.5000000000e-05 -7.7400000000e-04 2.4000000000e-05 1.7700000000e-04 1.6900000000e-04 1.7600000000e-04 1.6700000000e-04
1.3324713135e+09 1.7183000000e-02 3.8600000000e-04 -1.5700000000e-04 -9.2000000000e-05 1.7900000000e-04 1.6800000000e-04 1.5900000000e-04 1.7400000000e-04
1.3358150635e+09 1.6844000000e-02 3.5300000000e-04 -2.7200000000e-04 1.7500000000e-04 1.6600000000e-04 1.8200000000e-04 1.6300000000e-04 1.6000000000e-04
1.3391588135e+09 1.7069000000e-02 1.2000000000e-05 -1.6000000000e-05 -7.2000000000e-05 1.7900000000e-04 1.7600000000e-04 1.6600000000e-04 1.6200000000e-04
1.3425025635e+09 1.7227000000e-02 3.5000000000e-05 -1.5500000000e-04 -1.5200000000e-04 1.6100000000e-04 1.6900000000e-04 1.5500000000e-04 1.7000000000e-04
1.3458463135e+09 1.7173000000e-02 8.8000000000e-05 -5.5000000000e-05 -4.7000000000e-05 1.6600000000e-04 1.6000000000e-04 1.5700000000e-04 1.6200000000e-04
1.3491900635e+09 1.7246000000e-02 1.9500000000e-04 -2.7500000000e-04 5.1000000000e-05 1.7300000000e-04 1.7200000000e-04 1.7300000000e-04 1.6100000000e-04
1.3525338135e+09 1.7167000000e-02 2.3200000000e-04 -2.4800000000e-04 -6.4000000000e-05 1.5900000000e-04 1.7000000000e-04 1.7000000000e-04 1.5800000000e-04
1.3558775635e+09 1.6892000000e-02 4.2300000000e-04 1.3000000000e-04 2.4000000000e-05 1.8500000000e-04 1.8300000000e-04 1.6200000000e-04 1.6100000000e-04
1.3592213135e+09 1.7291000000e-02 3.0700000000e-04 -1.2600000000e-04 -1.8000000000e-05 1.7500000000e-04 1.7200000000e-04 1.6800000000e-04 1.5800000000e-04
1.3625650635e+09 1.7098000000e-02 2.2100000000e-04 -2.7000000000e-05 -2.2400000000e-04 1.6400000000e-04 1.6400000000e-04 1.8100000000e-04 1.5400000000e-04
1.3659088135e+09 1.7197000000e-02 3.9000000000e-05 -3.7000000000e-04 -1.6500000000e-04 1.6700000000e-04 1.5900000000e-04 1.5400000000e-04 1.6200000000e-04
1.3692525635e+09 1.6899000000e-02 6.3000000000e-05 -1.5500000000e-04 -2.8300000000e-04 1.6900000000e-04 1.6300000000e-04 1.5300000000e-04 1.5800000000e-04
1.3725963135e+09 1.6900000000e-02 2.9200000000e-04 -2.7500000000e-04 -3.8400000000e-04 1.7200000000e-04 1.6900000000e-04 1.5600000000e-04 1.5800000000e-04
1.3759400635e+09 1.6793000000e-02 1.0000000000e-05 -2.9000000000e-04 -2.1100000000e-04 1.7200000000e-04 1.7700000000e-04 1.7600000000e-04 1.5200000000e-04
1.3792838135e+09 1.6889000000e-02 2.5200000000e-04 1.2600000000e-04 -2.9400000000e-04 1.7500000000e-04 1.6800000000e-04 1.5700000000e-04 1.7500000000e-04
1.3826275635e+09 1.6835000000e-02 5.3000000000e-05 -1.5400000000e-04 1.3800000000e-04 1.6900000000e-04 1.5800000000e-04 1.6900000000e-04 1.5600000000e-04
1.3859713135e+09 1.6802000000e-02 1.5000000000e-04 -3.3200000000e-04 -5.7000000000e-05 1.6700000000e-04 1.6500000000e-04 1.6600000000e-04 1.7700000000e-04
1.3893150635e+09 1.6770000000e-02 7.8000000000e-05 -2.5900000000e-04 -3.0000000000e-06 1.7000000000e-04 1.5100000000e-04 1.6000000000e-04 1.5900000000e-04
1.3926588135e+09 1.6917000000e-02 2.3800000000e-04 4.0000000000e-05 5.6000000000e-05 1.7200000000e-04 1.7700000000e-04 1.5900000000e-04 1.6800000000e-04
1.3960025635e+09 1.6839000000e-02 7.1000000000e-05 -1.3800000000e-04 -1.8000000000e-05 1.6300000000e-04 1.5800000000e-04 1.6000000000e-04 1.5800000000e-04
1.3993463135e+09 1.6965000000e-02 3.2600000000e-04 -1.8400000000e-04 -1.2500000000e-04 1.7300000000e-04 1.6000000000e-04 1.6500000000e-04 1.5700000000e-04
1.4026900635e+09 1.6550000000e-02 2.2700000000e-04 -1.0200000000e-04 1.3200000000e-04 1.8000000000e-04 1.8200000000e-04 1.5600000000e-04 1.6800000000e-04
1.4060338135e+09 1.6603000000e-02 2.4500000000e-04 -2.6200000000e-04 5.7000000000e-05 1.7600000000e-04 1.5900000000e-04 1.6700000000e-04 1.5700000000e-04
1.4093775635e+09 1.6653000000e-02 2.7000000000e-04 -2.0600000000e-04 1.2300000000e-04 1.7200000000e-04 1.6800000000e-04 1.6700000000e-04 1.7200000000e-04
1.4127213135e+09 1.6623000000e-02 -1.2000000000e-05 -2.7100000000e-04 -1.1000000000e-05 1.6500000000e-04 1.6900000000e-04 1.6900000000e-04 1.6500000000e-04
1.4160650635e+09 1.6369000000e-02 2.6500000000e-04 -2.1300000000e-04 2.2100000000e-04 1.5600000000e-04 1.6000000000e-04 1.6200000000e-04 1.6500000000e-04
1.4227525635e+09 1.6755000000e-02 2.8200000000e-04 -8.7000000000e-05 2.1400000000e-04 2.4000000000e-04 2.5500000000e-04 2.4300000000e-04 2.3400000000e-04
1.4260963135e+09 1.6523000000e-02 5.5000000000e-05 -3.0900000000e-04 3.6600000000e-04 1.6000000000e-04 1.6600000000e-04 1.6000000000e-04 1.6400000000e-04
1.4294400635e+09 1.6777000000e-02 1.9800000000e-04 -2.3200000000e-04 -1.1000000000e-04 1.6600000000e-04 1.6300000000e-04 1.7500000000e-04 1.5600000000e-04
1.4327838135e+09 1.6772000000e-02 4.5000000000e-04 -1.0100000000e-04 -7.4000000000e-05 1.6800000000e-04 1.6500000000e-04 1.6700000000e-04 1.5600000000e-04
1.4361275635e+09 1.6499000000e-02 5.0100000000e-04 -3.3000000000e-05 -2.1000000000e-05 1.6300000000e-04 1.5500000000e-04 1.6700000000e-04 1.5400000000e-04
1.4394713135e+09 1.6307000000e-02 3.4900000000e-04 -5.4900000000e-04 4.9000000000e-05 1.8900000000e-04 1.7500000000e-04 1.6500000000e-04 1.7000000000e-04
1.4428150635e+09 1.6552000000e-02 9.2000000000e-05 -3.7500000000e-04 -7.0000000000e-06 1.6800000000e-04 1.5800000000e-04 1.7200000000e-04 1.7300000000e-04
1.4461588135e+09 1.6281000000e-02 3.0000000000e-04 -4.6300000000e-04 -2.8000000000e-04 1.7500000000e-04 1.7000000000e-04 1.5900000000e-04 1.6600000000e-04
1.4495025635e+09 1.6584000000e-02 9.5000000000e-05 -3.2800000000e-04 1.3400000000e-04 1.7300000000e-04 1.7500000000e-04 1.7800000000e-04 1.6600000000e-04
1.4528463135e+09 1.6574000000e-02 3.9600000000e-04 -3.1800000000e-04 6.4000000000e-05 1.7900000000e-04 1.6900000000e-04 1.6900000000e-04 1.5600000000e-04
1.4561900635e+09 1.6403000000e-02 1.7200000000e-04 -7.2000000000e-05 -1.3700000000e-04 1.6900000000e-04 1.7200000000e-04 1.6400000000e-04 1.5800000000e-04
1.4595338135e+09 1.6203000000e-02 4.0600000000e-04 -2.5800000000e-04 7.4000000000e-05 1.6500000000e-04 1.6400000000e-04 1.7400000000e-04 1.6500000000e-04
1.4628775635e+09 1.6554000000e-02 4.0200000000e-04 -2.0200000000e-04 5.2000000000e-05 1.6300000000e-04 1.6200000000e-04 1.6400000000e-04 1.6700000000e-04
1.4662213135e+09 1.6422000000e-02 3.1400000000e-04 -3.3700000000e-04 2.5700000000e-04 1.8300000000e-04 1.6100000000e-04 1.5100000000e-04 1.6500000000e-04
1.4695650635e+09 1.6408000000e-02 -5.0000000000e-05 -4.3800000000e-04 1.0500000000e-04 1.7100000000e-04 1.6500000000e-04 1.7400000000e-04 1.6300000000e-04
1.4729088135e+09 1.6091000000e-02 9.7000000000e-05 -3.5900000000e-04 1.7000000000e-04 1.6700000000e-04 1.6900000000e-04 1.7000000000e-04 1.6900000000e-04
1.4762525635e+09 1.6283000000e-02 -5.9000000000e-05 -1.5600000000e-04 -5.4000000000e-05 1.8000000000e-04 1.5200000000e-04 1.5600000000e-04 1.8300000000e-04
1.4795963135e+09 1.6380000000e-02 1.7700000000e-04 -2.6700000000e-04 -2.1400000000e-04 1.7200000000e-04 1.6200000000e-04 1.7100000000e-04 1.6200000000e-04
1.4829400635e+09 1.6244000000e-02 8.1000000000e-05 -3.9100000000e-04 -1.8600000000e-04 1.8000000000e-04 1.7500000000e-04 1.7500000000e-04 1.5300000000e-04
1.4862838135e+09 1.6144000000e-02 1.2600000000e-04 -3.5600000000e-04 5.6000000000e-05 1.8100000000e-04 1.6300000000e-04 1.6300000000e-04 1.6100000000e-04
1.4896275635e+09 1.5897000000e-02 4.1800000000e-04 -2.5700000000e-04 3.0300000000e-04 1.7000000000e-04 1.7000000000e-04 1.7400000000e-04 1.6400000000e-04
1.4929713135e+09 1.5845000000e-02 2.5000000000e-05 5.2000000000e-05 2.8600000000e-04 1.5900000000e-04 1.7000000000e-04 1.6700000000e-04 1.5900000000e-04
1.4963150635e+09 1.6017000000e-02 2.7300000000e-04 -7.4000000000e-05 -2.6500000000e-04 1.6500000000e-04 1.5900000000e-04 1.7700000000e-04 1.7400000000e-04
1.4996588135e+09 1.6107000000e-02 2.0100000000e-04 6.6000000000e-05 3.5700000000e-04 1.8600000000e-04 1.9200000000e-04 1.9200000000e-04 1.8600000000e-04
1.5030025635e+09 1.6122000000e-02 2.3400000000e-04 -2.6400000000e-04 -1.2200000000e-04 1.8300000000e-04 2.0000000000e-04 1.7700000000e-04 1.9100000000e-04
1.5063463135e+09 1.6173000000e-02 1.6300000000e-04 -1.6800000000e-04 2.0100000000e-04 1.8200000000e-04 1.7300000000e-04 1.8200000000e-04 1.7600000000e-04
1.5096900635e+09 1.6107000000e-02 4.0600000000e-04 -3.4900000000e-04 4.7000000000e-05 1.8100000000e-04 1.7300000000e-04 1.8800000000e-04 1.7600000000e-04
1.5130338135e+09 1.6068000000e-02 6.1000000000e-05 9.9000000000e-05 1.2300000000e-04 1.9200000000e-04 1.8400000000e-04 1.8200000000e-04 1.7800000000e-04
1.5163775635e+09 1.6090000000e-02 -2.7000000000e-05 -2.8800000000e-04 -3.3000000000e-05 2.4000000000e-04 2.2700000000e-04 2.3200000000e-04 2.4300000000e-04
1.5230650635e+09 1.5933000000e-02 5.2200000000e-04 2.5900000000e-04 4.5100000000e-04 3.5100000000e-04 3.8100000000e-04 3.3500000000e-04 3.7100000000e-04
1.5330963135e+09 1.5376000000e-02 2.0000000000e-04 -3.3400000000e-04 -2.1000000000e-05 3.5100000000e-04 3.1400000000e-04 3.1000000000e-04 3.4300000000e-04
1.5364400635e+09 1.5991000000e-02 6.6400000000e-04 -4.3800000000e-04 6.6000000000e-04 3.5300000000e-04 3.5600000000e-04 3.2200000000e-04 3.3200000000e-04
1.5498150635e+09 1.6149000000e-02 7.2000000000e-05 -1.9300000000e-04 -1.1300000000e-04 3.5700000000e-04 3.1500000000e-04 3.1300000000e-04 3.1500000000e-04
1.5531588135e+09 1.6118000000e-02 -9.7000000000e-05 -1.6400000000e-04 -2.0000000000e-04 2.0000000000e-04 1.9700000000e-04 1.8900000000e-04 1.9200000000e-04
1.5565025635e+09 1.6074000000e-02 2.0000000000e-05 -2.0500000000e-04 -1.6200000000e-04 2.1300000000e-04 2.2400000000e-04 2.1800000000e-04 2.0500000000e-04
1.5631900635e+09 1.6302000000e-02 3.8600000000e-04 3.2000000000e-05 4.8500000000e-04 3.1300000000e-04 2.7600000000e-04 2.9800000000e-04 2.7200000000e-04
1.5665338135e+09 1.5669000000e-02 3.1800000000e-04 -1.6800000000e-04 -3.1100000000e-04 1.8600000000e-04 1.8900000000e-04 1.9100000000e-04 1.9700000000e-04
1.5698775635e+09 1.5312000000e-02 8.3000000000e-05 -5.0000000000e-04 -1.7000000000e-04 2.2700000000e-04 2.2100000000e-04 2.1400000000e-04 1.9900000000e-04
1.5799088135e+09 1.5329000000e-02 9.1000000000e-05 -2.6200000000e-04 -2.6000000000e-05 2.6000000000e-04 2.3600000000e-04 2.2200000000e-04 2.3200000000e-04
1.5832525635e+09 1.5774000000e-02 5.6900000000e-04 -2.3100000000e-04 -1.8000000000e-05 1.9800000000e-04 2.0500000000e-04 2.0300000000e-04 1.9000000000e-04
1.5865963135e+09 1.5799000000e-02 1.5600000000e-04 6.5000000000e-05 1.7100000000e-04 2.1200000000e-04 1.9900000000e-04 1.9400000000e-04 2.0100000000e-04
1.5932838135e+09 1.5730000000e-02 3.9600000000e-04 -1.6500000000e-04 -1.2400000000e-04 2.2900000000e-04 2.1500000000e-04 2.2900000000e-04 2.3300000000e-04
1.5966275635e+09 1.5677000000e-02 -4.1000000000e-05 1.8700000000e-04 -1.4000000000e-05 2.1700000000e-04 2.1000000000e-04 2.1100000000e-04 2.2000000000e-04
1.5999713135e+09 1.5266000000e-02 -1.7700000000e-04 -3.1400000000e-04 -5.6000000000e-04 2.9400000000e-04 2.6900000000e-04 2.6200000000e-04 2.8500000000e-04
1.6033150635e+09 1.4857000000e-02 4.6900000000e-04 -3.8900000000e-04 -4.9500000000e-04 2.8200000000e-04 2.5700000000e-04 2.5500000000e-04 2.6500000000e-04
1.6066588135e+09 1.5476000000e-02 -2.8400000000e-04 -5.6100000000e-04 9.8000000000e-05 2.3700000000e-04 2.3200000000e-04 2.1000000000e-04 2.2500000000e-04
1.6100025635e+09 1.5834000000e-02 3.4900000000e-04 -1.4000000000e-05 2.0000000000e-04 1.9200000000e-04 1.8500000000e-04 1.7900000000e-04 1.8500000000e-04
1.6133463135e+09 1.5623000000e-02 1.5300000000e-04 -8.9000000000e-05 -7.3000000000e-05 1.8700000000e-04 1.7600000000e-04 1.6900000000e-04 1.8000000000e-04
1.6166900635e+09 1.5415000000e-02 3.7000000000e-04 -4.0100000000e-04 -2.4600000000e-04 2.2700000000e-04 2.4600000000e-04 2.3800000000e-04 2.3000000000e-04
1.6300650635e+09 1.5564000000e-02 8.3000000000e-05 -5.7400000000e-04 -2.8200000000e-04 1.7500000000e-04 1.7400000000e-04 1.7400000000e-04 1.7200000000e-04
1.6334088135e+09 1.5293000000e-02 1.4200000000e-04 -6.0000000000e-05 -3.0400000000e-04 1.7000000000e-04 1.7300000000e-04 1.7200000000e-04 1.9200000000e-04
1.6367525635e+09 1.4875000000e-02 -4.6000000000e-05 -5.3500000000e-04 2.3200000000e-04 1.8200000000e-04 1.8300000000e-04 1.8200000000e-04 1.6900000000e-04
1.6400963135e+09 1.4890000000e-02 -1.5000000000e-05 1.2100000000e-04 -4.6600000000e-04 1.8300000000e-04 1.9100000000e-04 1.7300000000e-04 1.8400000000e-04
1.6434400635e+09 1.4751000000e-02 3.0700000000e-04 2.3800000000e-04 -6.3000000000e-05 1.7600000000e-04 1.7100000000e-04 1.7500000000e-04 1.7200000000e-04
1.6467838135e+09 1.5057000000e-02 4.6800000000e-04 -1.5000000000e-04 4.5600000000e-04 1.6300000000e-04 1.7300000000e-04 1.7600000000e-04 1.7900000000e-04
