9.035000000000000000e+08 1.242960000000000037e-01 3.312999999999999973e-03 -1.141000000000000087e-03 5.140000000000000254e-04 3.159999999999999832e-04 3.400000000000000244e-04
9.052000000000000000e+08 1.248829999999999940e-01 3.330000000000000061e-03 -7.039999999999999817e-04 4.580000000000000195e-04 3.429999999999999889e-04 4.310000000000000137e-04
9.069000000000000000e+08 1.247989999999999933e-01 3.580999999999999982e-03 -1.204999999999999908e-03 4.400000000000000157e-04 3.159999999999999832e-04 3.789999999999999966e-04
9.102000000000000000e+08 1.228899999999999992e-01 3.017000000000000150e-03 -1.216999999999999983e-03 4.299999999999999894e-04 3.899999999999999929e-04 3.469999999999999777e-04
9.119000000000000000e+08 1.242800000000000016e-01 2.965999999999999887e-03 -1.257000000000000088e-03 4.130000000000000099e-04 3.350000000000000113e-04 2.970000000000000092e-04
9.136000000000000000e+08 1.231980000000000020e-01 3.242000000000000090e-03 -8.949999999999999623e-04 4.609999999999999840e-04 3.080000000000000055e-04 3.890000000000000228e-04
9.152000000000000000e+08 1.234460000000000002e-01 3.387999999999999953e-03 -1.092000000000000089e-03 4.339999999999999782e-04 3.550000000000000096e-04 3.579999999999999741e-04
9.169000000000000000e+08 1.239569999999999977e-01 3.180000000000000101e-03 -1.116999999999999937e-03 3.980000000000000248e-04 3.269999999999999795e-04 3.379999999999999758e-04
9.203000000000000000e+08 1.237479999999999969e-01 3.367999999999999900e-03 -8.419999999999999750e-04 4.510000000000000120e-04 3.220000000000000206e-04 3.269999999999999795e-04
9.219000000000000000e+08 1.227670000000000011e-01 3.197999999999999888e-03 -1.085000000000000027e-03 4.560000000000000251e-04 3.249999999999999851e-04 3.420000000000000188e-04
9.236000000000000000e+08 1.219390000000000057e-01 2.791000000000000078e-03 -5.320000000000000293e-04 4.319999999999999838e-04 3.099999999999999999e-04 3.209999999999999963e-04
9.253000000000000000e+08 1.225409999999999971e-01 2.926000000000000215e-03 -3.669999999999999760e-04 4.260000000000000006e-04 3.559999999999999797e-04 3.139999999999999888e-04
9.270000000000000000e+08 1.225860000000000005e-01 3.426999999999999925e-03 -4.400000000000000157e-04 4.369999999999999970e-04 3.440000000000000132e-04 3.139999999999999888e-04
9.286000000000000000e+08 1.234429999999999972e-01 3.204999999999999950e-03 -4.719999999999999803e-04 4.220000000000000118e-04 3.220000000000000206e-04 3.110000000000000243e-04
9.303000000000000000e+08 1.222629999999999967e-01 2.893000000000000172e-03 1.900000000000000105e-05 3.939999999999999817e-04 3.359999999999999814e-04 3.089999999999999756e-04
9.320000000000000000e+08 1.220679999999999960e-01 2.980000000000000010e-03 -8.700000000000000051e-04 3.970000000000000005e-04 3.490000000000000263e-04 3.209999999999999963e-04
9.537000000000000000e+08 1.214179999999999982e-01 2.544999999999999953e-03 -7.829999999999999504e-04 4.139999999999999800e-04 3.570000000000000040e-04 3.460000000000000076e-04
9.637000000000000000e+08 1.208219999999999988e-01 3.070999999999999945e-03 -1.600000000000000131e-04 3.820000000000000153e-04 3.359999999999999814e-04 3.400000000000000244e-04
9.654000000000000000e+08 1.206239999999999951e-01 3.079000000000000140e-03 -5.100000000000000366e-04 3.849999999999999798e-04 3.280000000000000038e-04 2.910000000000000260e-04
9.671000000000000000e+08 1.199930000000000024e-01 2.834999999999999847e-03 -4.220000000000000118e-04 3.860000000000000041e-04 3.429999999999999889e-04 3.229999999999999907e-04
9.687000000000000000e+08 1.200370000000000048e-01 2.869000000000000022e-03 1.800000000000000046e-05 3.359999999999999814e-04 3.089999999999999756e-04 3.150000000000000131e-04
9.704000000000000000e+08 1.190419999999999950e-01 2.559000000000000077e-03 3.000000000000000076e-05 3.820000000000000153e-04 3.139999999999999888e-04 2.889999999999999774e-04
9.721000000000000000e+08 1.195119999999999932e-01 2.076000000000000154e-03 -3.069999999999999812e-04 3.699999999999999947e-04 3.110000000000000243e-04 3.269999999999999795e-04
9.738000000000000000e+08 1.188680000000000014e-01 2.315999999999999916e-03 2.110000000000000059e-04 3.730000000000000134e-04 2.959999999999999849e-04 3.089999999999999756e-04
9.754000000000000000e+08 1.199299999999999949e-01 2.321000000000000146e-03 3.499999999999999693e-05 3.609999999999999928e-04 3.040000000000000167e-04 3.069999999999999812e-04
9.771000000000000000e+08 1.192600000000000049e-01 2.243000000000000202e-03 4.009999999999999893e-04 3.759999999999999779e-04 2.860000000000000129e-04 2.730000000000000222e-04
9.788000000000000000e+08 1.197259999999999991e-01 2.588000000000000023e-03 5.099999999999999960e-05 3.609999999999999928e-04 3.220000000000000206e-04 3.060000000000000111e-04
9.805000000000000000e+08 1.190129999999999938e-01 3.135000000000000200e-03 9.299999999999999727e-05 3.899999999999999929e-04 3.330000000000000169e-04 2.959999999999999849e-04
9.838000000000000000e+08 1.189660000000000023e-01 3.067999999999999981e-03 -4.699999999999999724e-05 3.849999999999999798e-04 3.009999999999999980e-04 3.209999999999999963e-04
9.871000000000000000e+08 1.187949999999999978e-01 2.530000000000000131e-03 2.730000000000000222e-04 3.379999999999999758e-04 2.579999999999999828e-04 3.069999999999999812e-04
9.888000000000000000e+08 1.189150000000000068e-01 2.573999999999999899e-03 -4.699999999999999724e-05 4.299999999999999894e-04 3.080000000000000055e-04 2.900000000000000017e-04
9.905000000000000000e+08 1.189240000000000019e-01 2.119999999999999923e-03 3.310000000000000225e-04 3.589999999999999984e-04 3.179999999999999776e-04 3.499999999999999964e-04
9.922000000000000000e+08 1.189840000000000064e-01 2.405000000000000020e-03 -4.800000000000000122e-05 3.609999999999999928e-04 2.660000000000000146e-04 2.900000000000000017e-04
9.938000000000000000e+08 1.181590000000000001e-01 2.487000000000000061e-03 8.500000000000000611e-05 3.559999999999999797e-04 3.179999999999999776e-04 3.249999999999999851e-04
9.972000000000000000e+08 1.187789999999999957e-01 2.797000000000000007e-03 2.550000000000000183e-04 3.690000000000000246e-04 2.959999999999999849e-04 2.900000000000000017e-04
9.988000000000000000e+08 1.191210000000000047e-01 2.044999999999999943e-03 8.630000000000000518e-04 3.840000000000000097e-04 3.069999999999999812e-04 3.229999999999999907e-04
1.000500000000000000e+09 1.179660000000000014e-01 2.743999999999999911e-03 7.940000000000000009e-04 3.530000000000000152e-04 2.759999999999999867e-04 2.849999999999999886e-04
1.002200000000000000e+09 1.182509999999999950e-01 2.122999999999999887e-03 6.780000000000000002e-04 3.570000000000000040e-04 3.060000000000000111e-04 2.959999999999999849e-04
1.003900000000000000e+09 1.186080000000000051e-01 2.482999999999999964e-03 4.800000000000000122e-05 3.699999999999999947e-04 2.930000000000000204e-04 2.930000000000000204e-04
1.005500000000000000e+09 1.180640000000000023e-01 1.830999999999999945e-03 3.449999999999999833e-04 3.710000000000000190e-04 3.280000000000000038e-04 2.999999999999999737e-04
1.007200000000000000e+09 1.179169999999999940e-01 2.465000000000000177e-03 7.029999999999999574e-04 3.759999999999999779e-04 2.719999999999999979e-04 3.179999999999999776e-04
1.008900000000000000e+09 1.175969999999999932e-01 2.503000000000000017e-03 5.569999999999999864e-04 3.739999999999999835e-04 2.570000000000000127e-04 3.350000000000000113e-04
1.010500000000000000e+09 1.175950000000000051e-01 2.586999999999999890e-03 1.000000000000000082e-05 3.249999999999999851e-04 2.910000000000000260e-04 2.900000000000000017e-04
1.012200000000000000e+09 1.181780000000000053e-01 2.252999999999999794e-03 1.699999999999999987e-05 3.499999999999999964e-04 3.209999999999999963e-04 2.939999999999999905e-04
1.013900000000000000e+09 1.179840000000000055e-01 2.338999999999999933e-03 5.760000000000000146e-04 3.449999999999999833e-04 3.060000000000000111e-04 2.640000000000000202e-04
1.015600000000000000e+09 1.184090000000000004e-01 2.128999999999999816e-03 3.570000000000000040e-04 3.159999999999999832e-04 3.159999999999999832e-04 3.289999999999999739e-04
1.017200000000000000e+09 1.179690000000000044e-01 2.063999999999999863e-03 4.580000000000000195e-04 3.589999999999999984e-04 2.930000000000000204e-04 3.009999999999999980e-04
1.018900000000000000e+09 1.183079999999999965e-01 2.347999999999999827e-03 4.029999999999999837e-04 3.249999999999999851e-04 2.900000000000000017e-04 3.139999999999999888e-04
1.020600000000000000e+09 1.174690000000000040e-01 1.832999999999999994e-03 1.969999999999999909e-04 3.319999999999999926e-04 2.970000000000000092e-04 3.420000000000000188e-04
1.022200000000000000e+09 1.173349999999999949e-01 2.560999999999999908e-03 3.609999999999999928e-04 3.060000000000000111e-04 2.689999999999999791e-04 3.040000000000000167e-04
1.023900000000000000e+09 1.168779999999999958e-01 2.403999999999999887e-03 7.940000000000000009e-04 3.690000000000000246e-04 3.009999999999999980e-04 3.029999999999999924e-04
1.025600000000000000e+09 1.169400000000000023e-01 2.145999999999999904e-03 9.259999999999999568e-04 3.530000000000000152e-04 3.110000000000000243e-04 3.069999999999999812e-04
1.028900000000000000e+09 1.171579999999999983e-01 2.846000000000000005e-03 3.020000000000000223e-04 5.879999999999999810e-04 5.349999999999999938e-04 4.760000000000000234e-04
1.032300000000000000e+09 1.175709999999999950e-01 1.693000000000000060e-03 9.039999999999999642e-04 4.290000000000000193e-04 3.800000000000000209e-04 3.719999999999999891e-04
1.034000000000000000e+09 1.175029999999999963e-01 1.897000000000000032e-03 8.000000000000000383e-04 3.330000000000000169e-04 3.080000000000000055e-04 2.919999999999999961e-04
1.037300000000000000e+09 1.173160000000000036e-01 1.665000000000000030e-03 9.049999999999999885e-04 3.220000000000000206e-04 3.020000000000000223e-04 3.159999999999999832e-04
1.039000000000000000e+09 1.164800000000000002e-01 2.001000000000000174e-03 5.879999999999999810e-04 3.280000000000000038e-04 2.889999999999999774e-04 2.970000000000000092e-04
1.042300000000000000e+09 1.171299999999999980e-01 1.593000000000000015e-03 4.360000000000000269e-04 3.200000000000000262e-04 3.049999999999999868e-04 3.069999999999999812e-04
1.044000000000000000e+09 1.163789999999999963e-01 1.923000000000000013e-03 4.620000000000000083e-04 3.400000000000000244e-04 2.709999999999999735e-04 2.930000000000000204e-04
1.045700000000000000e+09 1.163619999999999932e-01 1.596999999999999895e-03 9.879999999999999460e-04 3.130000000000000187e-04 3.020000000000000223e-04 3.220000000000000206e-04
1.049000000000000000e+09 1.158689999999999998e-01 1.675999999999999972e-03 9.560000000000000355e-04 2.970000000000000092e-04 2.939999999999999905e-04 3.179999999999999776e-04
1.050700000000000000e+09 1.161930000000000046e-01 1.846999999999999901e-03 1.095000000000000053e-03 3.449999999999999833e-04 3.130000000000000187e-04 3.680000000000000003e-04
1.052300000000000000e+09 1.153909999999999936e-01 2.242000000000000069e-03 1.245999999999999929e-03 4.260000000000000006e-04 3.530000000000000152e-04 3.260000000000000094e-04
1.054000000000000000e+09 1.164229999999999987e-01 1.719999999999999958e-03 5.370000000000000424e-04 3.130000000000000187e-04 2.689999999999999791e-04 2.950000000000000148e-04
1.057400000000000000e+09 1.158109999999999973e-01 2.001000000000000174e-03 1.423000000000000003e-03 2.860000000000000129e-04 2.880000000000000073e-04 3.080000000000000055e-04
1.059000000000000000e+09 1.162949999999999956e-01 1.889000000000000054e-03 1.147000000000000016e-03 2.979999999999999793e-04 2.979999999999999793e-04 2.770000000000000110e-04
1.060700000000000000e+09 1.158399999999999985e-01 1.701000000000000038e-03 1.237999999999999951e-03 3.009999999999999980e-04 2.959999999999999849e-04 3.060000000000000111e-04
1.064000000000000000e+09 1.149440000000000045e-01 2.128000000000000117e-03 1.561000000000000104e-03 3.229999999999999907e-04 3.240000000000000150e-04 2.950000000000000148e-04
1.065700000000000000e+09 1.154779999999999973e-01 1.758999999999999930e-03 1.413999999999999892e-03 3.040000000000000167e-04 2.930000000000000204e-04 2.970000000000000092e-04
1.067400000000000000e+09 1.153590000000000032e-01 2.210000000000000159e-03 1.425999999999999967e-03 3.089999999999999756e-04 2.709999999999999735e-04 3.209999999999999963e-04
1.069100000000000000e+09 1.153489999999999932e-01 1.590999999999999966e-03 1.431999999999999896e-03 3.190000000000000019e-04 3.080000000000000055e-04 2.950000000000000148e-04
1.070700000000000000e+09 1.152379999999999932e-01 1.182000000000000108e-03 7.550000000000000287e-04 3.139999999999999888e-04 3.280000000000000038e-04 2.840000000000000185e-04
1.072400000000000000e+09 1.153349999999999931e-01 1.472999999999999917e-03 1.083999999999999894e-03 2.999999999999999737e-04 3.069999999999999812e-04 3.110000000000000243e-04
1.074100000000000000e+09 1.151609999999999995e-01 1.570999999999999914e-03 1.464000000000000024e-03 3.049999999999999868e-04 3.080000000000000055e-04 2.900000000000000017e-04
1.075700000000000000e+09 1.153529999999999972e-01 1.868000000000000086e-03 1.056999999999999997e-03 3.359999999999999814e-04 2.880000000000000073e-04 2.869999999999999830e-04
1.077400000000000000e+09 1.152930000000000066e-01 1.510000000000000057e-03 1.137999999999999906e-03 3.200000000000000262e-04 2.950000000000000148e-04 2.950000000000000148e-04
1.079100000000000000e+09 1.149740000000000067e-01 1.427000000000000100e-03 1.198999999999999979e-03 3.029999999999999924e-04 3.040000000000000167e-04 3.060000000000000111e-04
1.080800000000000000e+09 1.151110000000000050e-01 1.132999999999999893e-03 1.871000000000000050e-03 3.130000000000000187e-04 3.370000000000000057e-04 2.790000000000000054e-04
1.097500000000000000e+09 1.149420000000000025e-01 1.425000000000000051e-03 1.423000000000000003e-03 3.040000000000000167e-04 2.680000000000000090e-04 2.880000000000000073e-04
1.099200000000000000e+09 1.142930000000000057e-01 1.325999999999999922e-03 1.600000000000000077e-03 3.150000000000000131e-04 2.950000000000000148e-04 2.970000000000000092e-04
1.100800000000000000e+09 1.146609999999999990e-01 9.449999999999999850e-04 1.569000000000000082e-03 3.249999999999999851e-04 3.229999999999999907e-04 2.999999999999999737e-04
1.105800000000000000e+09 1.147660000000000069e-01 1.199999999999999895e-03 1.427000000000000100e-03 3.310000000000000225e-04 3.179999999999999776e-04 3.519999999999999908e-04
1.109200000000000000e+09 1.151960000000000067e-01 1.541000000000000052e-03 1.069000000000000072e-03 3.179999999999999776e-04 2.730000000000000222e-04 2.750000000000000166e-04
1.110900000000000000e+09 1.143949999999999967e-01 1.095000000000000053e-03 1.440000000000000091e-03 3.390000000000000001e-04 3.190000000000000019e-04 2.930000000000000204e-04
1.114200000000000000e+09 1.142689999999999956e-01 1.350999999999999987e-03 1.224999999999999960e-03 2.840000000000000185e-04 3.029999999999999924e-04 2.550000000000000183e-04
1.115900000000000000e+09 1.132620000000000016e-01 1.378000000000000102e-03 9.979999999999999722e-04 2.829999999999999942e-04 2.939999999999999905e-04 2.869999999999999830e-04
1.117500000000000000e+09 1.137679999999999941e-01 9.290000000000000297e-04 1.283000000000000069e-03 3.069999999999999812e-04 3.020000000000000223e-04 2.750000000000000166e-04
1.119200000000000000e+09 1.141910000000000008e-01 1.003999999999999901e-03 1.129999999999999928e-03 3.029999999999999924e-04 2.750000000000000166e-04 2.970000000000000092e-04
1.120900000000000000e+09 1.136640000000000011e-01 1.144999999999999967e-03 1.386000000000000079e-03 2.869999999999999830e-04 2.860000000000000129e-04 2.990000000000000036e-04
1.122600000000000000e+09 1.129860000000000031e-01 8.390000000000000105e-04 1.636000000000000084e-03 2.829999999999999942e-04 3.260000000000000094e-04 3.249999999999999851e-04
1.125900000000000000e+09 1.135609999999999953e-01 3.379999999999999758e-04 2.203000000000000097e-03 3.869999999999999742e-04 2.829999999999999942e-04 3.110000000000000243e-04
1.127600000000000000e+09 1.127829999999999944e-01 1.307999999999999918e-03 1.781000000000000031e-03 3.460000000000000076e-04 3.339999999999999870e-04 3.739999999999999835e-04
1.130900000000000000e+09 1.142220000000000041e-01 1.093999999999999920e-03 1.214000000000000018e-03 3.060000000000000111e-04 2.950000000000000148e-04 2.599999999999999772e-04
1.141000000000000000e+09 1.129710000000000020e-01 8.880000000000000089e-04 1.809000000000000061e-03 4.440000000000000045e-04 3.589999999999999984e-04 3.240000000000000150e-04
1.142600000000000000e+09 1.137050000000000005e-01 4.960000000000000216e-04 1.320999999999999909e-03 3.589999999999999984e-04 3.220000000000000206e-04 3.319999999999999926e-04
1.146000000000000000e+09 1.132599999999999996e-01 1.458000000000000095e-03 1.539999999999999919e-03 4.739999999999999747e-04 4.249999999999999763e-04 4.180000000000000230e-04
1.152700000000000000e+09 1.137419999999999959e-01 1.116999999999999937e-03 1.497999999999999983e-03 3.690000000000000246e-04 3.460000000000000076e-04 2.939999999999999905e-04
1.154300000000000000e+09 1.136609999999999981e-01 7.829999999999999504e-04 1.400999999999999902e-03 3.080000000000000055e-04 3.579999999999999741e-04 3.229999999999999907e-04
1.159300000000000000e+09 1.133289999999999992e-01 5.339999999999999695e-04 1.423999999999999919e-03 3.989999999999999949e-04 4.209999999999999875e-04 3.330000000000000169e-04
1.162700000000000000e+09 1.130700000000000038e-01 7.410000000000000137e-04 8.829999999999999958e-04 4.470000000000000232e-04 3.629999999999999872e-04 3.620000000000000171e-04
1.164400000000000000e+09 1.127250000000000058e-01 7.680000000000000195e-04 1.645999999999999894e-03 3.680000000000000003e-04 3.449999999999999833e-04 3.190000000000000019e-04
1.166000000000000000e+09 1.133959999999999968e-01 5.829999999999999679e-04 1.041000000000000042e-03 3.449999999999999833e-04 3.359999999999999814e-04 3.089999999999999756e-04
1.167700000000000000e+09 1.133220000000000061e-01 1.474000000000000050e-03 1.961000000000000069e-03 4.220000000000000118e-04 3.980000000000000248e-04 4.189999999999999931e-04
1.189400000000000000e+09 1.121830000000000049e-01 5.900000000000000296e-04 9.640000000000000131e-04 3.820000000000000153e-04 4.249999999999999763e-04 3.980000000000000248e-04
1.222900000000000000e+09 1.112439999999999957e-01 -1.200000000000000030e-04 2.520999999999999804e-03 5.649999999999999641e-04 5.019999999999999506e-04 5.159999999999999656e-04
1.232900000000000000e+09 1.114509999999999945e-01 1.459999999999999981e-04 2.419000000000000143e-03 5.349999999999999938e-04 4.490000000000000176e-04 4.479999999999999933e-04
1.236200000000000000e+09 1.117179999999999979e-01 -4.920000000000000328e-04 1.936999999999999920e-03 4.679999999999999915e-04 4.040000000000000080e-04 4.020000000000000136e-04
1.241300000000000000e+09 1.110580000000000039e-01 4.490000000000000176e-04 1.856000000000000011e-03 3.390000000000000001e-04 3.229999999999999907e-04 2.680000000000000090e-04
1.242900000000000000e+09 1.115840000000000026e-01 5.890000000000000053e-04 1.296000000000000060e-03 3.919999999999999873e-04 3.390000000000000001e-04 3.400000000000000244e-04
1.253000000000000000e+09 1.103940000000000060e-01 -6.279999999999999775e-04 1.938999999999999968e-03 3.890000000000000228e-04 3.429999999999999889e-04 3.200000000000000262e-04
1.261300000000000000e+09 1.098080000000000028e-01 -7.280000000000000230e-04 2.331000000000000173e-03 6.849999999999999535e-04 5.940000000000000184e-04 5.550000000000000462e-04
1.293100000000000000e+09 1.098179999999999990e-01 -8.239999999999999712e-04 1.991999999999999847e-03 6.049999999999999606e-04 5.330000000000000536e-04 5.140000000000000254e-04
1.296400000000000000e+09 1.095290000000000014e-01 -1.859999999999999945e-04 2.455999999999999850e-03 3.289999999999999739e-04 3.089999999999999756e-04 3.029999999999999924e-04
1.298100000000000000e+09 1.099529999999999952e-01 -3.559999999999999797e-04 1.611999999999999935e-03 3.190000000000000019e-04 2.689999999999999791e-04 2.730000000000000222e-04
1.299800000000000000e+09 1.102690000000000059e-01 1.190000000000000058e-04 1.771000000000000005e-03 2.759999999999999867e-04 2.869999999999999830e-04 2.400000000000000061e-04
1.301500000000000000e+09 1.086229999999999973e-01 -3.170000000000000075e-04 1.863999999999999988e-03 2.880000000000000073e-04 2.579999999999999828e-04 2.689999999999999791e-04
1.303100000000000000e+09 1.094569999999999987e-01 -4.479999999999999933e-04 1.445000000000000104e-03 2.620000000000000258e-04 2.570000000000000127e-04 2.559999999999999884e-04
1.304800000000000000e+09 1.094770000000000049e-01 5.800000000000000034e-05 1.900999999999999912e-03 2.629999999999999959e-04 2.359999999999999902e-04 2.719999999999999979e-04
1.306500000000000000e+09 1.093819999999999931e-01 -1.259999999999999998e-04 2.085000000000000048e-03 2.559999999999999884e-04 2.339999999999999958e-04 2.550000000000000183e-04
1.308100000000000000e+09 1.088400000000000062e-01 -1.659999999999999963e-04 2.044999999999999943e-03 2.469999999999999865e-04 2.500000000000000052e-04 2.669999999999999847e-04
1.309800000000000000e+09 1.089849999999999985e-01 -5.609999999999999752e-04 2.086000000000000180e-03 2.689999999999999791e-04 2.290000000000000098e-04 2.590000000000000071e-04
1.311500000000000000e+09 1.093879999999999991e-01 -5.100000000000000366e-04 2.302999999999999926e-03 2.530000000000000239e-04 2.509999999999999753e-04 2.420000000000000005e-04
1.313200000000000000e+09 1.089409999999999962e-01 -5.389999999999999826e-04 2.177999999999999815e-03 2.640000000000000202e-04 2.530000000000000239e-04 2.449999999999999921e-04
1.314800000000000000e+09 1.091059999999999947e-01 -3.370000000000000057e-04 1.753999999999999917e-03 2.559999999999999884e-04 2.300000000000000070e-04 2.530000000000000239e-04
1.316500000000000000e+09 1.088689999999999936e-01 -1.219999999999999974e-04 1.877999999999999895e-03 2.489999999999999809e-04 2.889999999999999774e-04 2.530000000000000239e-04
1.318200000000000000e+09 1.084660000000000069e-01 -3.469999999999999777e-04 2.060000000000000199e-03 2.449999999999999921e-04 2.599999999999999772e-04 2.259999999999999910e-04
1.319800000000000000e+09 1.087719999999999937e-01 -5.259999999999999919e-04 1.974000000000000060e-03 2.739999999999999923e-04 2.480000000000000108e-04 2.349999999999999930e-04
1.321500000000000000e+09 1.089299999999999990e-01 -7.609999999999999577e-04 2.141999999999999807e-03 2.200000000000000078e-04 2.400000000000000061e-04 2.229999999999999994e-04
1.323200000000000000e+09 1.088159999999999961e-01 -9.370000000000000074e-04 2.334000000000000137e-03 2.500000000000000052e-04 2.439999999999999949e-04 2.530000000000000239e-04
1.324900000000000000e+09 1.089519999999999933e-01 -6.700000000000000226e-05 2.187000000000000142e-03 2.349999999999999930e-04 2.570000000000000127e-04 2.320000000000000014e-04
1.326500000000000000e+09 1.089650000000000063e-01 -7.179999999999999967e-04 1.905999999999999925e-03 2.550000000000000183e-04 2.660000000000000146e-04 2.669999999999999847e-04
1.328200000000000000e+09 1.085949999999999971e-01 -4.090000000000000211e-04 1.832999999999999994e-03 2.310000000000000042e-04 2.429999999999999977e-04 2.579999999999999828e-04
1.329900000000000000e+09 1.084090000000000054e-01 -4.609999999999999840e-04 2.292999999999999899e-03 2.320000000000000014e-04 2.300000000000000070e-04 2.610000000000000015e-04
1.331500000000000000e+09 1.085219999999999935e-01 -6.899999999999999667e-04 2.454000000000000018e-03 2.469999999999999865e-04 2.820000000000000241e-04 2.709999999999999735e-04
1.333200000000000000e+09 1.084790000000000060e-01 -6.909999999999999910e-04 1.959999999999999937e-03 2.259999999999999910e-04 2.310000000000000042e-04 2.249999999999999938e-04
1.334900000000000000e+09 1.085030000000000022e-01 -4.640000000000000027e-04 2.118000000000000091e-03 2.550000000000000183e-04 2.269999999999999882e-04 2.519999999999999996e-04
1.336600000000000000e+09 1.078459999999999974e-01 -4.339999999999999782e-04 2.135000000000000179e-03 2.809999999999999998e-04 2.410000000000000033e-04 2.290000000000000098e-04
1.338200000000000000e+09 1.080710000000000004e-01 -2.110000000000000059e-04 2.570999999999999935e-03 2.469999999999999865e-04 2.369999999999999874e-04 2.469999999999999865e-04
1.339900000000000000e+09 1.084169999999999995e-01 -7.500000000000000156e-04 2.053000000000000137e-03 2.530000000000000239e-04 2.310000000000000042e-04 2.429999999999999977e-04
1.341600000000000000e+09 1.088129999999999931e-01 -1.134999999999999941e-03 1.753999999999999917e-03 2.660000000000000146e-04 2.290000000000000098e-04 2.410000000000000033e-04
1.343200000000000000e+09 1.082759999999999972e-01 -3.150000000000000131e-04 1.608999999999999970e-03 2.559999999999999884e-04 2.900000000000000017e-04 2.339999999999999958e-04
1.344900000000000000e+09 1.086680000000000007e-01 -6.539999999999999590e-04 2.247999999999999998e-03 2.669999999999999847e-04 2.550000000000000183e-04 2.320000000000000014e-04
1.346600000000000000e+09 1.086089999999999972e-01 -9.060000000000000128e-04 2.162999999999999992e-03 2.439999999999999949e-04 2.530000000000000239e-04 2.369999999999999874e-04
1.348300000000000000e+09 1.081180000000000058e-01 -8.670000000000000406e-04 2.083999999999999915e-03 2.489999999999999809e-04 2.500000000000000052e-04 2.559999999999999884e-04
1.349900000000000000e+09 1.079869999999999997e-01 -3.750000000000000078e-04 2.037999999999999881e-03 2.620000000000000258e-04 2.579999999999999828e-04 2.649999999999999903e-04
1.351600000000000000e+09 1.078859999999999958e-01 -4.260000000000000006e-04 1.981999999999999821e-03 2.320000000000000014e-04 2.469999999999999865e-04 2.599999999999999772e-04
1.353300000000000000e+09 1.079969999999999958e-01 -8.909999999999999734e-04 1.753999999999999917e-03 2.649999999999999903e-04 2.429999999999999977e-04 2.259999999999999910e-04
1.355000000000000000e+09 1.081730000000000053e-01 -9.009999999999999997e-04 2.073000000000000190e-03 2.550000000000000183e-04 2.559999999999999884e-04 2.500000000000000052e-04
1.356600000000000000e+09 1.080659999999999954e-01 -3.660000000000000059e-04 2.168999999999999921e-03 2.579999999999999828e-04 2.280000000000000126e-04 2.500000000000000052e-04
1.358300000000000000e+09 1.078619999999999995e-01 -6.689999999999999983e-04 2.235000000000000007e-03 2.420000000000000005e-04 2.469999999999999865e-04 2.310000000000000042e-04
1.360000000000000000e+09 1.078790000000000027e-01 -6.499999999999999702e-04 2.275999999999999811e-03 2.359999999999999902e-04 2.649999999999999903e-04 2.380000000000000117e-04
1.361600000000000000e+09 1.080499999999999933e-01 -6.229999999999999644e-04 2.586999999999999890e-03 2.269999999999999882e-04 2.410000000000000033e-04 2.539999999999999940e-04
1.363300000000000000e+09 1.083490000000000009e-01 -9.070000000000000371e-04 2.331999999999999872e-03 2.439999999999999949e-04 2.469999999999999865e-04 2.410000000000000033e-04
1.365000000000000000e+09 1.077789999999999998e-01 -8.300000000000000086e-04 2.105999999999999799e-03 2.469999999999999865e-04 2.500000000000000052e-04 2.429999999999999977e-04
1.366700000000000000e+09 1.077509999999999996e-01 -4.870000000000000197e-04 2.769999999999999893e-03 2.579999999999999828e-04 2.329999999999999986e-04 2.489999999999999809e-04
1.368300000000000000e+09 1.081140000000000018e-01 -2.990000000000000036e-04 2.066999999999999827e-03 2.400000000000000061e-04 2.410000000000000033e-04 2.550000000000000183e-04
1.370000000000000000e+09 1.073349999999999999e-01 -9.300000000000000541e-04 2.341000000000000199e-03 2.369999999999999874e-04 2.599999999999999772e-04 2.449999999999999921e-04
1.371700000000000000e+09 1.076779999999999959e-01 -5.060000000000000478e-04 1.925999999999999978e-03 2.530000000000000239e-04 2.530000000000000239e-04 2.329999999999999986e-04
1.373300000000000000e+09 1.073049999999999976e-01 -5.450000000000000200e-04 1.905000000000000009e-03 2.519999999999999996e-04 2.420000000000000005e-04 2.489999999999999809e-04
1.375000000000000000e+09 1.073009999999999936e-01 -7.910000000000000364e-04 2.070999999999999924e-03 2.469999999999999865e-04 2.400000000000000061e-04 2.530000000000000239e-04
1.376700000000000000e+09 1.074539999999999940e-01 -4.910000000000000085e-04 1.851999999999999914e-03 2.460000000000000164e-04 2.410000000000000033e-04 2.269999999999999882e-04
1.378400000000000000e+09 1.077369999999999994e-01 -3.579999999999999741e-04 2.570999999999999935e-03 2.460000000000000164e-04 2.550000000000000183e-04 2.480000000000000108e-04
1.380000000000000000e+09 1.072250000000000009e-01 -1.016999999999999892e-03 2.279000000000000210e-03 3.029999999999999924e-04 2.449999999999999921e-04 2.519999999999999996e-04
1.381700000000000000e+09 1.068940000000000029e-01 -3.119999999999999944e-04 2.174000000000000151e-03 2.700000000000000035e-04 2.739999999999999923e-04 2.420000000000000005e-04
1.383400000000000000e+09 1.074750000000000011e-01 -6.489999999999999459e-04 2.677000000000000126e-03 2.429999999999999977e-04 2.329999999999999986e-04 2.489999999999999809e-04
1.385000000000000000e+09 1.072520000000000001e-01 -7.119999999999999593e-04 1.616000000000000032e-03 2.460000000000000164e-04 2.320000000000000014e-04 2.210000000000000050e-04
1.386700000000000000e+09 1.065399999999999958e-01 -8.649999999999999920e-04 2.513000000000000043e-03 2.420000000000000005e-04 2.449999999999999921e-04 2.239999999999999966e-04
1.388400000000000000e+09 1.075340000000000046e-01 -9.730000000000000151e-04 2.033999999999999784e-03 2.259999999999999910e-04 2.509999999999999753e-04 2.469999999999999865e-04
1.390100000000000000e+09 1.069819999999999938e-01 -1.026000000000000002e-03 1.824000000000000100e-03 2.359999999999999902e-04 2.269999999999999882e-04 2.640000000000000202e-04
1.391700000000000000e+09 1.067540000000000017e-01 -8.080000000000000160e-04 2.023000000000000059e-03 2.590000000000000071e-04 2.329999999999999986e-04 2.220000000000000022e-04
1.393400000000000000e+09 1.069780000000000036e-01 -4.870000000000000197e-04 2.220000000000000185e-03 2.220000000000000022e-04 2.519999999999999996e-04 2.259999999999999910e-04
1.395100000000000000e+09 1.072089999999999987e-01 -5.339999999999999695e-04 1.843000000000000020e-03 2.339999999999999958e-04 2.310000000000000042e-04 2.660000000000000146e-04
1.396700000000000000e+09 1.068709999999999938e-01 -7.789999999999999616e-04 2.040999999999999846e-03 2.200000000000000078e-04 2.269999999999999882e-04 2.420000000000000005e-04
1.398400000000000000e+09 1.070149999999999990e-01 -6.729999999999999871e-04 2.111000000000000029e-03 2.449999999999999921e-04 2.380000000000000117e-04 2.339999999999999958e-04
1.400100000000000000e+09 1.066919999999999952e-01 -7.929999999999999766e-04 1.990000000000000015e-03 2.280000000000000126e-04 2.139999999999999975e-04 2.719999999999999979e-04
1.401800000000000000e+09 1.066359999999999947e-01 -6.819999999999999890e-04 2.422000000000000108e-03 2.429999999999999977e-04 2.280000000000000126e-04 2.339999999999999958e-04
1.403400000000000000e+09 1.069119999999999931e-01 -7.669999999999999951e-04 2.092000000000000109e-03 2.380000000000000117e-04 2.480000000000000108e-04 2.410000000000000033e-04
1.405100000000000000e+09 1.067290000000000044e-01 -9.990000000000001049e-04 2.162999999999999992e-03 2.680000000000000090e-04 2.339999999999999958e-04 2.519999999999999996e-04
1.406800000000000000e+09 1.067759999999999959e-01 -5.829999999999999679e-04 2.271000000000000015e-03 2.680000000000000090e-04 2.320000000000000014e-04 2.610000000000000015e-04
1.408500000000000000e+09 1.070129999999999970e-01 -9.510000000000000224e-04 2.236999999999999839e-03 2.380000000000000117e-04 2.229999999999999994e-04 2.249999999999999938e-04
1.410100000000000000e+09 1.067410000000000025e-01 -1.245000000000000013e-03 2.220000000000000185e-03 2.439999999999999949e-04 2.509999999999999753e-04 2.669999999999999847e-04
1.411800000000000000e+09 1.061389999999999972e-01 -7.690000000000000438e-04 2.279999999999999909e-03 2.469999999999999865e-04 2.259999999999999910e-04 2.300000000000000070e-04
1.413500000000000000e+09 1.064289999999999958e-01 -4.240000000000000062e-04 2.148000000000000170e-03 2.579999999999999828e-04 2.449999999999999921e-04 2.280000000000000126e-04
1.415100000000000000e+09 1.063410000000000050e-01 -6.660000000000000338e-04 2.667999999999999799e-03 2.530000000000000239e-04 2.159999999999999919e-04 2.329999999999999986e-04
1.416800000000000000e+09 1.066600000000000048e-01 -8.739999999999999939e-04 2.282999999999999873e-03 2.689999999999999791e-04 2.369999999999999874e-04 2.649999999999999903e-04
1.418500000000000000e+09 1.063569999999999932e-01 -1.224000000000000045e-03 2.308000000000000156e-03 3.240000000000000150e-04 3.200000000000000262e-04 3.249999999999999851e-04
1.423500000000000000e+09 1.065490000000000048e-01 -6.149999999999999868e-04 2.255000000000000060e-03 2.410000000000000033e-04 2.400000000000000061e-04 2.590000000000000071e-04
1.425200000000000000e+09 1.057430000000000037e-01 -1.159000000000000091e-03 2.425000000000000072e-03 2.380000000000000117e-04 2.380000000000000117e-04 2.369999999999999874e-04
1.426800000000000000e+09 1.062960000000000016e-01 -1.013000000000000012e-03 2.328999999999999907e-03 2.500000000000000052e-04 2.429999999999999977e-04 2.449999999999999921e-04
1.428500000000000000e+09 1.063049999999999967e-01 -9.870000000000000301e-04 2.602999999999999845e-03 2.519999999999999996e-04 2.259999999999999910e-04 2.799999999999999755e-04
1.430200000000000000e+09 1.061409999999999992e-01 -1.072999999999999952e-03 2.563999999999999873e-03 2.349999999999999930e-04 2.570000000000000127e-04 2.320000000000000014e-04
1.431900000000000000e+09 1.062599999999999933e-01 -7.820000000000000345e-04 2.429999999999999868e-03 2.310000000000000042e-04 2.500000000000000052e-04 2.159999999999999919e-04
1.433500000000000000e+09 1.060439999999999994e-01 -6.430000000000000169e-04 2.347000000000000128e-03 2.649999999999999903e-04 2.590000000000000071e-04 2.519999999999999996e-04
1.435200000000000000e+09 1.061150000000000010e-01 -6.419999999999999925e-04 2.472999999999999938e-03 2.449999999999999921e-04 2.280000000000000126e-04 2.489999999999999809e-04
1.436900000000000000e+09 1.058859999999999940e-01 -7.810000000000000102e-04 2.253999999999999927e-03 2.640000000000000202e-04 2.559999999999999884e-04 2.329999999999999986e-04
1.438500000000000000e+09 1.064969999999999944e-01 -9.550000000000000112e-04 2.350000000000000092e-03 2.759999999999999867e-04 2.460000000000000164e-04 2.380000000000000117e-04
1.440200000000000000e+09 1.060519999999999935e-01 -9.650000000000000374e-04 2.315999999999999916e-03 2.400000000000000061e-04 2.320000000000000014e-04 2.539999999999999940e-04
1.441900000000000000e+09 1.059520000000000045e-01 -1.384000000000000031e-03 2.308000000000000156e-03 2.380000000000000117e-04 2.420000000000000005e-04 2.359999999999999902e-04
1.443600000000000000e+09 1.053540000000000032e-01 -1.342000000000000094e-03 1.941999999999999933e-03 2.509999999999999753e-04 2.429999999999999977e-04 2.269999999999999882e-04
1.445200000000000000e+09 1.058420000000000055e-01 -7.290000000000000473e-04 2.276999999999999944e-03 2.420000000000000005e-04 2.290000000000000098e-04 2.339999999999999958e-04
1.446900000000000000e+09 1.057489999999999958e-01 -6.419999999999999925e-04 2.318999999999999881e-03 2.460000000000000164e-04 2.390000000000000089e-04 2.359999999999999902e-04
1.448600000000000000e+09 1.058999999999999941e-01 -1.332000000000000068e-03 2.247999999999999998e-03 2.400000000000000061e-04 2.599999999999999772e-04 2.610000000000000015e-04
1.450200000000000000e+09 1.057619999999999949e-01 -9.430000000000000448e-04 2.337999999999999801e-03 2.550000000000000183e-04 2.559999999999999884e-04 2.400000000000000061e-04
1.451900000000000000e+09 1.057280000000000025e-01 -7.439999999999999782e-04 2.530000000000000131e-03 2.359999999999999902e-04 2.439999999999999949e-04 2.200000000000000078e-04
1.453600000000000000e+09 1.055389999999999939e-01 -1.257000000000000088e-03 2.338999999999999933e-03 2.660000000000000146e-04 2.400000000000000061e-04 2.300000000000000070e-04
1.456900000000000000e+09 1.054520000000000041e-01 -8.390000000000000105e-04 2.442999999999999859e-03 2.380000000000000117e-04 2.369999999999999874e-04 2.410000000000000033e-04
1.458600000000000000e+09 1.054640000000000022e-01 -1.095999999999999969e-03 2.334999999999999836e-03 2.519999999999999996e-04 2.449999999999999921e-04 2.220000000000000022e-04
1.460300000000000000e+09 1.058579999999999938e-01 -1.139999999999999954e-03 2.419999999999999842e-03 2.500000000000000052e-04 2.519999999999999996e-04 2.380000000000000117e-04
1.462000000000000000e+09 1.056840000000000002e-01 -1.595000000000000064e-03 2.216000000000000088e-03 2.550000000000000183e-04 2.739999999999999923e-04 2.420000000000000005e-04
1.463600000000000000e+09 1.053100000000000008e-01 -1.435000000000000078e-03 2.413000000000000214e-03 2.359999999999999902e-04 2.410000000000000033e-04 2.410000000000000033e-04
1.465300000000000000e+09 1.052889999999999937e-01 -8.549999999999999658e-04 2.363000000000000083e-03 2.469999999999999865e-04 2.380000000000000117e-04 2.280000000000000126e-04
1.467000000000000000e+09 1.052609999999999935e-01 -9.499999999999999981e-04 2.344999999999999862e-03 2.570000000000000127e-04 2.700000000000000035e-04 2.469999999999999865e-04
1.468600000000000000e+09 1.055210000000000037e-01 -8.980000000000000352e-04 2.075000000000000022e-03 2.349999999999999930e-04 2.210000000000000050e-04 2.369999999999999874e-04
1.470300000000000000e+09 1.050589999999999996e-01 -1.286000000000000034e-03 2.389000000000000064e-03 2.400000000000000061e-04 2.429999999999999977e-04 2.380000000000000117e-04
1.472000000000000000e+09 1.052929999999999977e-01 -7.709999999999999840e-04 2.615999999999999836e-03 2.539999999999999940e-04 2.579999999999999828e-04 2.400000000000000061e-04
1.473700000000000000e+09 1.052219999999999961e-01 -1.484000000000000076e-03 2.263999999999999953e-03 2.439999999999999949e-04 2.320000000000000014e-04 2.269999999999999882e-04
1.475300000000000000e+09 1.058240000000000014e-01 -1.180000000000000059e-03 2.083999999999999915e-03 2.509999999999999753e-04 2.559999999999999884e-04 2.489999999999999809e-04
1.477000000000000000e+09 1.049640000000000017e-01 -7.010000000000000172e-04 2.167999999999999788e-03 2.500000000000000052e-04 2.420000000000000005e-04 2.310000000000000042e-04
1.478700000000000000e+09 1.051890000000000047e-01 -1.085999999999999943e-03 2.405000000000000020e-03 2.429999999999999977e-04 2.329999999999999986e-04 2.339999999999999958e-04
1.480300000000000000e+09 1.050689999999999957e-01 -1.193000000000000050e-03 2.422999999999999807e-03 2.640000000000000202e-04 2.530000000000000239e-04 2.429999999999999977e-04
1.482000000000000000e+09 1.050689999999999957e-01 -1.286000000000000034e-03 2.157000000000000063e-03 2.439999999999999949e-04 2.290000000000000098e-04 2.349999999999999930e-04
1.483700000000000000e+09 1.047420000000000018e-01 -1.492000000000000054e-03 2.250999999999999963e-03 2.480000000000000108e-04 2.369999999999999874e-04 2.280000000000000126e-04
1.485400000000000000e+09 1.050389999999999935e-01 -6.689999999999999983e-04 2.318999999999999881e-03 2.410000000000000033e-04 2.539999999999999940e-04 2.229999999999999994e-04
1.487000000000000000e+09 1.053609999999999963e-01 -1.121999999999999950e-03 1.940000000000000101e-03 2.380000000000000117e-04 2.799999999999999755e-04 2.429999999999999977e-04
1.488700000000000000e+09 1.045829999999999954e-01 -9.229999999999999923e-04 2.541999999999999989e-03 2.649999999999999903e-04 2.239999999999999966e-04 2.200000000000000078e-04
1.490400000000000000e+09 1.050859999999999989e-01 -8.170000000000000179e-04 2.030000000000000120e-03 2.390000000000000089e-04 2.400000000000000061e-04 2.380000000000000117e-04
1.492000000000000000e+09 1.044370000000000021e-01 -1.226000000000000093e-03 2.152999999999999966e-03 2.530000000000000239e-04 2.550000000000000183e-04 2.660000000000000146e-04
1.493700000000000000e+09 1.046210000000000057e-01 -1.384000000000000031e-03 1.998000000000000210e-03 2.400000000000000061e-04 2.460000000000000164e-04 2.590000000000000071e-04
1.495400000000000000e+09 1.053520000000000012e-01 -1.335000000000000032e-03 2.393000000000000162e-03 2.390000000000000089e-04 2.410000000000000033e-04 2.390000000000000089e-04
1.497100000000000000e+09 1.045520000000000060e-01 -1.371000000000000040e-03 2.383999999999999835e-03 2.410000000000000033e-04 2.229999999999999994e-04 2.449999999999999921e-04
1.498700000000000000e+09 1.046740000000000032e-01 -1.546000000000000065e-03 2.540999999999999856e-03 2.480000000000000108e-04 2.410000000000000033e-04 2.590000000000000071e-04
1.500400000000000000e+09 1.043800000000000006e-01 -8.260000000000000198e-04 2.410999999999999949e-03 2.339999999999999958e-04 2.339999999999999958e-04 2.149999999999999947e-04
1.502100000000000000e+09 1.045589999999999992e-01 -1.701000000000000038e-03 2.253999999999999927e-03 2.390000000000000089e-04 2.390000000000000089e-04 2.380000000000000117e-04
1.503700000000000000e+09 1.047000000000000014e-01 -1.216999999999999983e-03 2.720999999999999894e-03 2.590000000000000071e-04 2.550000000000000183e-04 2.449999999999999921e-04
1.505400000000000000e+09 1.047479999999999939e-01 -1.000000000000000021e-03 2.256999999999999892e-03 2.339999999999999958e-04 2.269999999999999882e-04 2.429999999999999977e-04
1.507100000000000000e+09 1.045809999999999934e-01 -9.160000000000000390e-04 2.338999999999999933e-03 2.640000000000000202e-04 2.400000000000000061e-04 2.429999999999999977e-04
1.508800000000000000e+09 1.047529999999999989e-01 -1.229000000000000058e-03 1.962999999999999901e-03 2.559999999999999884e-04 2.400000000000000061e-04 2.290000000000000098e-04
1.510400000000000000e+09 1.042939999999999978e-01 -1.204999999999999908e-03 2.305999999999999890e-03 2.259999999999999910e-04 2.460000000000000164e-04 2.249999999999999938e-04
1.512100000000000000e+09 1.042249999999999982e-01 -9.829999999999999329e-04 2.086000000000000180e-03 2.410000000000000033e-04 2.489999999999999809e-04 2.590000000000000071e-04
1.513800000000000000e+09 1.042339999999999933e-01 -1.033000000000000064e-03 2.187999999999999841e-03 2.599999999999999772e-04 2.480000000000000108e-04 2.329999999999999986e-04
1.515500000000000000e+09 1.043789999999999996e-01 -9.859999999999998974e-04 1.982999999999999954e-03 2.489999999999999809e-04 2.759999999999999867e-04 2.629999999999999959e-04
1.517100000000000000e+09 1.039449999999999957e-01 -1.015999999999999976e-03 1.678000000000000021e-03 3.229999999999999907e-04 3.240000000000000150e-04 2.999999999999999737e-04
1.522100000000000000e+09 1.046450000000000019e-01 -1.121000000000000035e-03 1.966999999999999998e-03 2.629999999999999959e-04 2.290000000000000098e-04 2.300000000000000070e-04
1.548900000000000000e+09 1.039589999999999959e-01 -1.948999999999999995e-03 2.393000000000000162e-03 3.869999999999999742e-04 3.029999999999999924e-04 3.550000000000000096e-04
1.555600000000000000e+09 1.044979999999999937e-01 -1.059999999999999961e-03 2.599000000000000182e-03 3.170000000000000075e-04 2.730000000000000222e-04 3.060000000000000111e-04
1.569000000000000000e+09 1.024579999999999935e-01 -7.849999999999999990e-04 1.729000000000000068e-03 4.539999999999999765e-04 3.939999999999999817e-04 4.310000000000000137e-04
1.585700000000000000e+09 1.036119999999999958e-01 -1.853000000000000046e-03 1.959999999999999937e-03 3.139999999999999888e-04 2.719999999999999979e-04 2.990000000000000036e-04
1.594000000000000000e+09 1.030380000000000046e-01 -1.034999999999999896e-03 1.913999999999999903e-03 3.249999999999999851e-04 3.029999999999999924e-04 3.469999999999999777e-04
1.595700000000000000e+09 1.033000000000000029e-01 -1.015000000000000060e-03 1.943000000000000066e-03 2.480000000000000108e-04 2.739999999999999923e-04 2.480000000000000108e-04
1.597400000000000000e+09 1.028889999999999944e-01 -1.639999999999999965e-03 1.747999999999999988e-03 2.709999999999999735e-04 2.579999999999999828e-04 2.640000000000000202e-04
1.605700000000000000e+09 1.017559999999999992e-01 -2.210999999999999858e-03 1.809999999999999977e-03 3.539999999999999853e-04 3.299999999999999982e-04 3.209999999999999963e-04
1.607400000000000000e+09 1.030589999999999978e-01 -1.221000000000000080e-03 1.926999999999999894e-03 2.770000000000000110e-04 2.559999999999999884e-04 2.829999999999999942e-04
1.609100000000000000e+09 1.032340000000000063e-01 -1.907999999999999974e-03 2.579000000000000129e-03 2.400000000000000061e-04 2.329999999999999986e-04 2.390000000000000089e-04
1.610700000000000000e+09 1.030459999999999987e-01 -1.835000000000000043e-03 2.446999999999999956e-03 2.369999999999999874e-04 2.180000000000000134e-04 2.480000000000000108e-04
1.612400000000000000e+09 1.032990000000000019e-01 -1.596999999999999895e-03 2.317000000000000049e-03 2.290000000000000098e-04 2.249999999999999938e-04 2.310000000000000042e-04
1.614100000000000000e+09 1.028349999999999959e-01 -1.286999999999999950e-03 2.067999999999999960e-03 2.320000000000000014e-04 2.329999999999999986e-04 2.509999999999999753e-04
1.615800000000000000e+09 1.029520000000000018e-01 -1.874999999999999931e-03 2.151000000000000134e-03 2.180000000000000134e-04 2.599999999999999772e-04 2.349999999999999930e-04
1.619100000000000000e+09 1.029530000000000028e-01 -1.105000000000000079e-03 1.827999999999999981e-03 3.069999999999999812e-04 2.990000000000000036e-04 3.009999999999999980e-04
1.629100000000000000e+09 1.024879999999999958e-01 -1.783000000000000080e-03 1.912999999999999987e-03 2.469999999999999865e-04 2.349999999999999930e-04 2.429999999999999977e-04
1.630800000000000000e+09 1.023049999999999932e-01 -1.722000000000000006e-03 1.690000000000000096e-03 2.229999999999999994e-04 2.460000000000000164e-04 2.169999999999999891e-04
1.632500000000000000e+09 1.024560000000000054e-01 -1.539000000000000003e-03 2.204999999999999929e-03 2.410000000000000033e-04 2.339999999999999958e-04 2.200000000000000078e-04
1.634200000000000000e+09 1.021040000000000003e-01 -1.783999999999999996e-03 1.966999999999999998e-03 2.229999999999999994e-04 2.620000000000000258e-04 2.220000000000000022e-04
1.635800000000000000e+09 1.020589999999999969e-01 -1.693999999999999976e-03 2.415000000000000046e-03 2.290000000000000098e-04 2.400000000000000061e-04 2.220000000000000022e-04
1.637500000000000000e+09 1.017190000000000039e-01 -1.709999999999999932e-03 1.915999999999999951e-03 2.290000000000000098e-04 2.439999999999999949e-04 2.220000000000000022e-04
1.639200000000000000e+09 1.018820000000000003e-01 -1.642000000000000013e-03 2.066000000000000128e-03 2.280000000000000126e-04 2.570000000000000127e-04 2.509999999999999753e-04
1.640800000000000000e+09 1.020760000000000001e-01 -1.149000000000000065e-03 2.147000000000000037e-03 2.249999999999999938e-04 2.180000000000000134e-04 2.200000000000000078e-04
1.642500000000000000e+09 1.016610000000000014e-01 -1.175999999999999962e-03 2.671999999999999896e-03 2.359999999999999902e-04 2.320000000000000014e-04 2.210000000000000050e-04
1.644200000000000000e+09 1.017710000000000004e-01 -1.680000000000000070e-03 1.954000000000000008e-03 2.410000000000000033e-04 2.249999999999999938e-04 2.519999999999999996e-04
1.645900000000000000e+09 1.022290000000000004e-01 -1.240000000000000000e-03 2.103999999999999967e-03 2.410000000000000033e-04 2.489999999999999809e-04 2.169999999999999891e-04
1.647500000000000000e+09 1.018720000000000042e-01 -1.288999999999999998e-03 1.703000000000000087e-03 2.469999999999999865e-04 2.390000000000000089e-04 2.349999999999999930e-04
