9.035000320000000000e+08 1.443436875000000000e+05
9.052000000000000000e+08 1.034326015625000000e+05
9.068999680000000000e+08 1.279724921875000000e+05
9.102000000000000000e+08 1.132771953125000000e+05
9.119000320000000000e+08 1.536832812500000000e+05
9.136000000000000000e+08 1.260638046875000000e+05
9.152000000000000000e+08 1.202104531250000000e+05
9.168999680000000000e+08 1.378783593750000000e+05
9.203000320000000000e+08 1.441188750000000000e+05
9.219000320000000000e+08 1.361652500000000000e+05
9.236000000000000000e+08 1.518175000000000000e+05
9.252999680000000000e+08 1.343706718750000000e+05
9.270000000000000000e+08 1.390229687500000000e+05
9.286000000000000000e+08 1.499265468750000000e+05
9.303000320000000000e+08 1.441023125000000000e+05
9.320000000000000000e+08 1.332770937500000000e+05
9.536999680000000000e+08 1.181754921875000000e+05
9.636999680000000000e+08 1.265293125000000000e+05
9.654000000000000000e+08 1.506571406250000000e+05
9.671000320000000000e+08 1.299320625000000000e+05
9.687000320000000000e+08 1.477874531250000000e+05
9.704000000000000000e+08 1.580083281250000000e+05
9.720999680000000000e+08 1.409250156250000000e+05
9.738000000000000000e+08 1.564733750000000000e+05
9.754000000000000000e+08 1.531922031250000000e+05
9.771000320000000000e+08 1.827386875000000000e+05
9.788000000000000000e+08 1.445693906250000000e+05
9.804999680000000000e+08 1.438939218750000000e+05
9.838000000000000000e+08 1.467288750000000000e+05
9.871000320000000000e+08 1.773271406250000000e+05
9.888000000000000000e+08 1.580695000000000000e+05
9.904999680000000000e+08 1.264974609375000000e+05
9.922000000000000000e+08 1.823371093750000000e+05
9.938000000000000000e+08 1.361550468750000000e+05
9.972000000000000000e+08 1.634811718750000000e+05
9.988000000000000000e+08 1.412629375000000000e+05
1.000499968000000000e+09 1.779100156250000000e+05
1.002200000000000000e+09 1.542962031250000000e+05
1.003900032000000000e+09 1.626223750000000000e+05
1.005500032000000000e+09 1.414235781250000000e+05
1.007200000000000000e+09 1.600199062500000000e+05
1.008899968000000000e+09 1.587364062500000000e+05
1.010499968000000000e+09 1.646064843750000000e+05
1.012200000000000000e+09 1.467236406250000000e+05
1.013900032000000000e+09 1.705911250000000000e+05
1.015600000000000000e+09 1.330598906250000000e+05
1.017200000000000000e+09 1.567075312500000000e+05
1.018899968000000000e+09 1.513763593750000000e+05
1.020600000000000000e+09 1.350838906250000000e+05
1.022200000000000000e+09 1.678047500000000000e+05
1.023900032000000000e+09 1.508416093750000000e+05
1.025600000000000000e+09 1.439142500000000000e+05
1.028899968000000000e+09 5.365268750000000000e+04
1.032300032000000000e+09 9.675128125000000000e+04
1.034000000000000000e+09 1.518080781250000000e+05
1.037299968000000000e+09 1.427808437500000000e+05
1.039000000000000000e+09 1.586234218750000000e+05
1.042300032000000000e+09 1.451206875000000000e+05
1.044000000000000000e+09 1.706866718750000000e+05
1.045699968000000000e+09 1.392892500000000000e+05
1.049000000000000000e+09 1.445037031250000000e+05
1.050700032000000000e+09 1.165805156250000000e+05
1.052300032000000000e+09 1.171518046875000000e+05
1.054000000000000000e+09 1.696190781250000000e+05
1.057400000000000000e+09 1.515785156250000000e+05
1.059000000000000000e+09 1.626948125000000000e+05
1.060700032000000000e+09 1.482763750000000000e+05
1.064000000000000000e+09 1.399680000000000000e+05
1.065699968000000000e+09 1.539110000000000000e+05
1.067400000000000000e+09 1.527200937500000000e+05
1.069100032000000000e+09 1.470528906250000000e+05
1.070700032000000000e+09 1.426269375000000000e+05
1.072400000000000000e+09 1.397335937500000000e+05
1.074099968000000000e+09 1.490909375000000000e+05
1.075699968000000000e+09 1.611093281250000000e+05
1.077400064000000000e+09 1.528736250000000000e+05
1.079100032000000000e+09 1.428760312500000000e+05
1.080800000000000000e+09 1.399723593750000000e+05
1.097500032000000000e+09 1.702477031250000000e+05
1.099200000000000000e+09 1.500351406250000000e+05
1.100800000000000000e+09 1.353601250000000000e+05
1.105799936000000000e+09 1.167270546875000000e+05
1.109200000000000000e+09 1.741760937500000000e+05
1.110899968000000000e+09 1.395286718750000000e+05
1.114200064000000000e+09 1.675551250000000000e+05
1.115900032000000000e+09 1.544167812500000000e+05
1.117500032000000000e+09 1.564369843750000000e+05
1.119200000000000000e+09 1.590459218750000000e+05
1.120899968000000000e+09 1.519243750000000000e+05
1.122599936000000000e+09 1.225753203125000000e+05
1.125900032000000000e+09 1.469837500000000000e+05
1.127600000000000000e+09 1.033725546875000000e+05
1.130899968000000000e+09 1.679460000000000000e+05
1.140999936000000000e+09 1.103436328125000000e+05
1.142599936000000000e+09 1.202522109375000000e+05
1.146000000000000000e+09 7.225589062500000000e+04
1.152700032000000000e+09 1.249567109375000000e+05
1.154300032000000000e+09 1.102784609375000000e+05
1.159299968000000000e+09 8.974300000000000000e+04
1.162700032000000000e+09 9.690864843750000000e+04
1.164400000000000000e+09 1.154385703125000000e+05
1.166000000000000000e+09 1.222468203125000000e+05
1.167699968000000000e+09 7.613119531250000000e+04
1.189400064000000000e+09 7.426496093750000000e+04
1.222899968000000000e+09 4.779471093750000000e+04
1.232899968000000000e+09 6.127812109375000000e+04
1.236199936000000000e+09 7.578206250000000000e+04
1.241299968000000000e+09 1.406215625000000000e+05
1.242899968000000000e+09 1.064561875000000000e+05
1.252999936000000000e+09 1.111444453125000000e+05
1.261299968000000000e+09 3.686693359375000000e+04
1.293100032000000000e+09 4.376460937500000000e+04
1.296400000000000000e+09 1.278983125000000000e+05
1.298099968000000000e+09 1.629427343750000000e+05
1.299800064000000000e+09 1.722178906250000000e+05
1.301500032000000000e+09 1.720855312500000000e+05
1.303100032000000000e+09 1.814748750000000000e+05
1.304800000000000000e+09 1.849225937500000000e+05
1.306499968000000000e+09 1.994186875000000000e+05
1.308099968000000000e+09 1.782741250000000000e+05
1.309799936000000000e+09 1.999383281250000000e+05
1.311500032000000000e+09 1.957528593750000000e+05
1.313200000000000000e+09 1.916945156250000000e+05
1.314800000000000000e+09 2.036386875000000000e+05
1.316499968000000000e+09 1.615930000000000000e+05
1.318200064000000000e+09 2.008237812500000000e+05
1.319800064000000000e+09 2.031794062500000000e+05
1.321500032000000000e+09 2.209422812500000000e+05
1.323200000000000000e+09 1.915996562500000000e+05
1.324899968000000000e+09 1.977682812500000000e+05
1.326499968000000000e+09 1.663437656250000000e+05
1.328199936000000000e+09 1.881276250000000000e+05
1.329900032000000000e+09 1.957185937500000000e+05
1.331500032000000000e+09 1.541812812500000000e+05
1.333200000000000000e+09 2.265789531250000000e+05
1.334899968000000000e+09 2.051850156250000000e+05
1.336600064000000000e+09 2.129553437500000000e+05
1.338200064000000000e+09 2.006691875000000000e+05
1.339900032000000000e+09 2.090655156250000000e+05
1.341600000000000000e+09 2.124766718750000000e+05
1.343200000000000000e+09 1.708173125000000000e+05
1.344899968000000000e+09 1.976080000000000000e+05
1.346599936000000000e+09 1.950466718750000000e+05
1.348300032000000000e+09 1.827670625000000000e+05
1.349900032000000000e+09 1.709557031250000000e+05
1.351600000000000000e+09 1.817772968750000000e+05
1.353299968000000000e+09 2.122650312500000000e+05
1.355000064000000000e+09 1.822183125000000000e+05
1.356600064000000000e+09 2.040448750000000000e+05
1.358300032000000000e+09 2.038895000000000000e+05
1.360000000000000000e+09 1.839856718750000000e+05
1.361600000000000000e+09 1.898447031250000000e+05
1.363299968000000000e+09 1.951815781250000000e+05
1.364999936000000000e+09 1.910972500000000000e+05
1.366700032000000000e+09 1.997671875000000000e+05
1.368300032000000000e+09 1.885143750000000000e+05
1.370000000000000000e+09 1.817169687500000000e+05
1.371699968000000000e+09 1.960542500000000000e+05
1.373299968000000000e+09 1.919445781250000000e+05
1.375000064000000000e+09 1.902461562500000000e+05
1.376700032000000000e+09 2.109546562500000000e+05
1.378400000000000000e+09 1.824804375000000000e+05
1.380000000000000000e+09 1.867799687500000000e+05
1.381699968000000000e+09 1.731472343750000000e+05
1.383399936000000000e+09 1.982863906250000000e+05
1.384999936000000000e+09 2.243273125000000000e+05
1.386700032000000000e+09 2.091246406250000000e+05
1.388400000000000000e+09 1.853382500000000000e+05
1.390099968000000000e+09 1.905170156250000000e+05
1.391699968000000000e+09 2.217003750000000000e+05
1.393400064000000000e+09 2.007275156250000000e+05
1.395100032000000000e+09 1.855341250000000000e+05
1.396700032000000000e+09 2.082016562500000000e+05
1.398400000000000000e+09 2.054093281250000000e+05
1.400099968000000000e+09 1.936004531250000000e+05
1.401799936000000000e+09 2.140769531250000000e+05
1.403399936000000000e+09 1.909547968750000000e+05
1.405100032000000000e+09 1.931751250000000000e+05
1.406800000000000000e+09 1.875883593750000000e+05
1.408499968000000000e+09 2.269968906250000000e+05
1.410099968000000000e+09 1.696727031250000000e+05
1.411800064000000000e+09 2.187855781250000000e+05
1.413500032000000000e+09 2.031904531250000000e+05
1.415100032000000000e+09 2.253354531250000000e+05
1.416800000000000000e+09 1.801327656250000000e+05
1.418499968000000000e+09 1.090332734375000000e+05
1.423500032000000000e+09 1.817747031250000000e+05
1.425200000000000000e+09 2.004597187500000000e+05
1.426800000000000000e+09 1.897901718750000000e+05
1.428499968000000000e+09 1.763977343750000000e+05
1.430200064000000000e+09 1.887371250000000000e+05
1.431900032000000000e+09 2.076752656250000000e+05
1.433500032000000000e+09 1.725899062500000000e+05
1.435200000000000000e+09 1.979260000000000000e+05
1.436899968000000000e+09 1.881935625000000000e+05
1.438499968000000000e+09 1.919701093750000000e+05
1.440199936000000000e+09 1.902547343750000000e+05
1.441900032000000000e+09 1.965334062500000000e+05
1.443600000000000000e+09 2.031333593750000000e+05
1.445200000000000000e+09 2.091792500000000000e+05
1.446899968000000000e+09 1.985999062500000000e+05
1.448600064000000000e+09 1.649593281250000000e+05
1.450200064000000000e+09 1.818838437500000000e+05
1.451900032000000000e+09 2.076867187500000000e+05
1.453600000000000000e+09 2.022724062500000000e+05
1.456899968000000000e+09 1.952863125000000000e+05
1.458599936000000000e+09 2.044481250000000000e+05
1.460300032000000000e+09 1.855729375000000000e+05
1.462000000000000000e+09 1.672237187500000000e+05
1.463600000000000000e+09 1.915192031250000000e+05
1.465299968000000000e+09 2.047510937500000000e+05
1.467000064000000000e+09 1.662299062500000000e+05
1.468600064000000000e+09 2.116752500000000000e+05
1.470300032000000000e+09 1.917804062500000000e+05
1.472000000000000000e+09 1.787844843750000000e+05
1.473699968000000000e+09 2.103088750000000000e+05
1.475299968000000000e+09 1.736254375000000000e+05
1.476999936000000000e+09 1.977742500000000000e+05
1.478700032000000000e+09 2.027471718750000000e+05
1.480300032000000000e+09 1.796140312500000000e+05
1.482000000000000000e+09 2.050998750000000000e+05
1.483699968000000000e+09 2.040769687500000000e+05
1.485400064000000000e+09 1.938037812500000000e+05
1.487000064000000000e+09 1.611065468750000000e+05
1.488700032000000000e+09 2.233835312500000000e+05
1.490400000000000000e+09 1.926028437500000000e+05
1.492000000000000000e+09 1.620177343750000000e+05
1.493699968000000000e+09 1.723287812500000000e+05
1.495399936000000000e+09 1.906170000000000000e+05
1.497100032000000000e+09 2.003810000000000000e+05
1.498700032000000000e+09 1.754407812500000000e+05
1.500400000000000000e+09 2.174120156250000000e+05
1.502099968000000000e+09 1.925067187500000000e+05
1.503699968000000000e+09 1.750922656250000000e+05
1.505400064000000000e+09 1.980246562500000000e+05
1.507100032000000000e+09 1.873827031250000000e+05
1.508800000000000000e+09 1.986038437500000000e+05
1.510400000000000000e+09 1.967972343750000000e+05
1.512099968000000000e+09 1.690614687500000000e+05
1.513799936000000000e+09 1.884490312500000000e+05
1.515500032000000000e+09 1.499751562500000000e+05
1.517100032000000000e+09 1.118300078125000000e+05
1.522099968000000000e+09 2.062837968750000000e+05
1.548899968000000000e+09 9.937780468750000000e+04
1.555600000000000000e+09 1.280370156250000000e+05
1.568999936000000000e+09 6.276802343750000000e+04
1.585699968000000000e+09 1.302938984375000000e+05
1.594000000000000000e+09 1.002757109375000000e+05
1.595699968000000000e+09 1.553977968750000000e+05
1.597400064000000000e+09 1.553135468750000000e+05
1.605699968000000000e+09 9.959968750000000000e+04
1.607399936000000000e+09 1.452161250000000000e+05
1.609100032000000000e+09 1.892701562500000000e+05
1.610700032000000000e+09 1.940807812500000000e+05
1.612400000000000000e+09 2.025821718750000000e+05
1.614099968000000000e+09 1.797288593750000000e+05
1.615800064000000000e+09 1.717423437500000000e+05
1.619100032000000000e+09 1.167779062500000000e+05
1.629100032000000000e+09 1.834651718750000000e+05
1.630800000000000000e+09 1.954516250000000000e+05
1.632499968000000000e+09 2.031809062500000000e+05
1.634200064000000000e+09 1.786894062500000000e+05
1.635800064000000000e+09 1.960260781250000000e+05
1.637500032000000000e+09 1.925855625000000000e+05
1.639200000000000000e+09 1.619822343750000000e+05
1.640800000000000000e+09 2.178005781250000000e+05
1.642499968000000000e+09 2.035228437500000000e+05
1.644199936000000000e+09 1.834748593750000000e+05
1.645900032000000000e+09 1.921529062500000000e+05
1.647500032000000000e+09 1.856437343750000000e+05
