# ======================================================================
# FLAGGED DATA - KEPT CHANNELS ONLY
# ======================================================================
# 
# FLAGGING SUMMARY:
#   Total channels: 57
#   Flagged: 11 (19.3%)
#   Kept: 46 (80.7%)
# 
# FLAGGING CRITERIA APPLIED:
#   - Error outliers: 5 channels
#       Threshold: 4.0σ above median in log-space
#       Iterations: 4
#   - Spectral baseline clipping: 5 channels
#   - Stokes V clipping: 1 channels
#       Threshold: 2.30σ
#       Reference: median
#       Iterations: 2
# 
# COLUMN FORMAT: freq(Hz) I Q U V dI dQ dU dV
# ======================================================================
9.0279943848e+08 1.7000000000e-03 -2.5900000000e-04 1.1000000000e-04 -2.4100000000e-04 2.0600000000e-04 1.5800000000e-04 1.7400000000e-04 1.5100000000e-04
9.1617443848e+08 1.7660000000e-03 -3.0000000000e-05 1.3600000000e-04 6.0000000000e-05 1.4000000000e-04 1.1000000000e-04 1.2600000000e-04 1.2200000000e-04
9.6967443848e+08 1.6000000000e-03 1.2400000000e-04 -6.2000000000e-05 -1.8500000000e-04 1.2600000000e-04 1.1800000000e-04 1.2600000000e-04 1.1600000000e-04
9.8304943848e+08 1.4740000000e-03 5.5000000000e-05 -1.6000000000e-05 -9.0000000000e-06 1.2700000000e-04 1.0600000000e-04 1.1600000000e-04 1.0200000000e-04
9.9642443848e+08 1.8300000000e-03 2.4200000000e-04 -1.9700000000e-04 9.0000000000e-06 1.2200000000e-04 1.0200000000e-04 1.2100000000e-04 1.0000000000e-04
1.0097994385e+09 1.5450000000e-03 -5.9000000000e-05 1.8000000000e-05 7.5000000000e-05 1.2300000000e-04 1.0700000000e-04 1.0200000000e-04 1.1000000000e-04
1.0231744385e+09 1.7580000000e-03 2.8000000000e-05 1.9700000000e-04 -6.3000000000e-05 1.1400000000e-04 1.0400000000e-04 1.0700000000e-04 1.0600000000e-04
1.0365494385e+09 1.6890000000e-03 -4.2000000000e-05 -2.3100000000e-04 2.8000000000e-05 1.2600000000e-04 1.1000000000e-04 1.0000000000e-04 1.1300000000e-04
1.0499244385e+09 1.5240000000e-03 -5.3000000000e-05 7.9000000000e-05 -2.3000000000e-05 1.3000000000e-04 1.2100000000e-04 1.0600000000e-04 1.1600000000e-04
1.0632994385e+09 1.5520000000e-03 8.0000000000e-05 6.4000000000e-05 2.5000000000e-05 1.1300000000e-04 9.7000000000e-05 1.0600000000e-04 1.0600000000e-04
1.0766744385e+09 1.5800000000e-03 -1.4000000000e-05 4.4000000000e-05 -7.5000000000e-05 1.1600000000e-04 1.0200000000e-04 1.1600000000e-04 1.0600000000e-04
1.0900494385e+09 1.7910000000e-03 1.7000000000e-05 6.0000000000e-06 7.6000000000e-05 1.0700000000e-04 9.6000000000e-05 9.4000000000e-05 9.6000000000e-05
1.1034244385e+09 1.5940000000e-03 2.0400000000e-04 -1.4000000000e-04 -1.6700000000e-04 9.8000000000e-05 1.0800000000e-04 9.5000000000e-05 9.9000000000e-05
1.1167994385e+09 1.5950000000e-03 -3.2000000000e-05 -3.4000000000e-05 -8.6000000000e-05 1.0600000000e-04 9.1000000000e-05 1.0400000000e-04 1.0700000000e-04
1.1301744385e+09 1.5890000000e-03 7.8000000000e-05 1.0000000000e-06 -9.7000000000e-05 1.0800000000e-04 9.3000000000e-05 9.8000000000e-05 9.3000000000e-05
1.1435494385e+09 1.5990000000e-03 1.3700000000e-04 -2.2800000000e-04 1.9100000000e-04 1.1200000000e-04 1.0500000000e-04 1.1600000000e-04 1.0600000000e-04
1.1569244385e+09 1.5920000000e-03 1.0300000000e-04 -2.8000000000e-04 1.4800000000e-04 1.2500000000e-04 1.1200000000e-04 1.0400000000e-04 1.1100000000e-04
1.1702994385e+09 1.4110000000e-03 8.3000000000e-05 1.0400000000e-04 1.5000000000e-05 2.0000000000e-04 1.8900000000e-04 1.6900000000e-04 1.7600000000e-04
1.1836744385e+09 1.4500000000e-03 1.3500000000e-04 2.1700000000e-04 3.0500000000e-04 1.9400000000e-04 1.5500000000e-04 1.8000000000e-04 2.1400000000e-04
1.1970494385e+09 1.8430000000e-03 2.0100000000e-04 -1.9500000000e-04 1.9800000000e-04 1.5400000000e-04 1.4300000000e-04 1.4100000000e-04 1.4800000000e-04
1.2371744385e+09 1.1450000000e-03 -2.1000000000e-05 -3.1000000000e-05 -2.3500000000e-04 1.6800000000e-04 1.3500000000e-04 1.4400000000e-04 1.6800000000e-04
1.2505494385e+09 1.0860000000e-03 1.0600000000e-04 -6.3000000000e-05 -1.0300000000e-04 1.1300000000e-04 1.0700000000e-04 1.1500000000e-04 1.1400000000e-04
1.2772994385e+09 1.5820000000e-03 -1.6000000000e-05 2.2600000000e-04 -2.0900000000e-04 2.3600000000e-04 2.5400000000e-04 2.3000000000e-04 2.5700000000e-04
1.2906744385e+09 1.3100000000e-03 -1.3400000000e-04 -8.9000000000e-05 2.6000000000e-05 1.5700000000e-04 1.4500000000e-04 1.6100000000e-04 1.4800000000e-04
1.3040494385e+09 1.2530000000e-03 -3.6000000000e-05 -2.2800000000e-04 4.0000000000e-06 1.1100000000e-04 9.5000000000e-05 1.0000000000e-04 1.0300000000e-04
1.3174244385e+09 1.2300000000e-03 -2.8000000000e-05 2.9000000000e-05 -2.9000000000e-05 9.2000000000e-05 9.3000000000e-05 9.4000000000e-05 8.6000000000e-05
1.3307994385e+09 1.5580000000e-03 1.1000000000e-04 6.1000000000e-05 -1.0000000000e-05 9.6000000000e-05 8.5000000000e-05 9.4000000000e-05 8.9000000000e-05
1.3441744385e+09 1.3770000000e-03 1.0000000000e-06 1.1700000000e-04 -1.4200000000e-04 9.5000000000e-05 8.6000000000e-05 8.4000000000e-05 8.3000000000e-05
1.3575494385e+09 1.4970000000e-03 -1.8000000000e-05 7.2000000000e-05 1.3800000000e-04 9.2000000000e-05 9.0000000000e-05 8.1000000000e-05 8.6000000000e-05
1.3709244385e+09 1.4330000000e-03 -1.3600000000e-04 1.1600000000e-04 3.0000000000e-06 8.4000000000e-05 7.7000000000e-05 9.0000000000e-05 8.7000000000e-05
1.3842994385e+09 1.4180000000e-03 2.3000000000e-05 -2.0000000000e-05 -1.4000000000e-05 9.1000000000e-05 9.2000000000e-05 9.6000000000e-05 8.5000000000e-05
1.3976744385e+09 1.4030000000e-03 -6.4000000000e-05 -9.0000000000e-05 -8.0000000000e-05 8.8000000000e-05 8.3000000000e-05 9.4000000000e-05 8.5000000000e-05
1.4110494385e+09 1.4350000000e-03 -9.3000000000e-05 8.9000000000e-05 7.6000000000e-05 8.8000000000e-05 8.2000000000e-05 9.2000000000e-05 9.3000000000e-05
1.4244244385e+09 1.6380000000e-03 5.1000000000e-05 3.8000000000e-05 2.2400000000e-04 1.2000000000e-04 1.1400000000e-04 1.1800000000e-04 1.1100000000e-04
1.4377994385e+09 1.5260000000e-03 -8.0000000000e-06 9.3000000000e-05 -2.4000000000e-05 9.8000000000e-05 8.7000000000e-05 8.5000000000e-05 9.7000000000e-05
1.4511744385e+09 1.2140000000e-03 6.4000000000e-05 8.2000000000e-05 7.1000000000e-05 8.7000000000e-05 9.2000000000e-05 9.4000000000e-05 8.6000000000e-05
1.4645494385e+09 1.1710000000e-03 3.9000000000e-05 -4.7000000000e-05 7.4000000000e-05 8.7000000000e-05 8.9000000000e-05 9.0000000000e-05 8.7000000000e-05
1.4779244385e+09 1.3020000000e-03 -1.7900000000e-04 -1.4000000000e-05 1.7400000000e-04 9.2000000000e-05 8.4000000000e-05 9.1000000000e-05 9.7000000000e-05
1.4912994385e+09 1.2050000000e-03 8.6000000000e-05 -8.3000000000e-05 -1.7000000000e-05 8.0000000000e-05 9.3000000000e-05 9.6000000000e-05 8.9000000000e-05
1.5046744385e+09 1.4440000000e-03 9.7000000000e-05 0.0000000000e+00 1.9000000000e-05 9.4000000000e-05 9.3000000000e-05 9.4000000000e-05 9.9000000000e-05
1.5180494385e+09 1.2430000000e-03 -1.2900000000e-04 -2.4000000000e-04 1.1200000000e-04 1.2500000000e-04 1.3200000000e-04 1.1900000000e-04 1.1600000000e-04
1.5849244385e+09 1.5260000000e-03 1.2400000000e-04 -2.5000000000e-05 -5.2000000000e-05 2.0500000000e-04 1.6600000000e-04 1.8100000000e-04 2.0000000000e-04
1.5982994385e+09 1.2250000000e-03 3.4300000000e-04 -2.5700000000e-04 -4.5000000000e-05 1.5300000000e-04 1.4600000000e-04 1.4300000000e-04 1.4400000000e-04
1.6116744385e+09 1.3020000000e-03 6.7000000000e-05 -7.2000000000e-05 -7.0000000000e-05 1.0100000000e-04 9.5000000000e-05 1.0700000000e-04 9.9000000000e-05
1.6250494385e+09 1.1710000000e-03 -1.0000000000e-04 -2.0300000000e-04 -3.4000000000e-05 1.5600000000e-04 1.6600000000e-04 1.8500000000e-04 1.6400000000e-04
1.6384244385e+09 1.2800000000e-03 1.7700000000e-04 -1.5500000000e-04 -1.4000000000e-05 9.3000000000e-05 9.4000000000e-05 1.0100000000e-04 8.2000000000e-05
