# ======================================================================
# FLAGGED DATA - KEPT CHANNELS ONLY
# ======================================================================
# 
# FLAGGING SUMMARY:
#   Total channels: 432
#   Flagged: 156 (36.1%)
#   Kept: 276 (63.9%)
# 
# FLAGGING CRITERIA APPLIED:
#   - Gross outliers: 13 channels
#   - Error outliers: 15 channels
#       Threshold: 5.0σ above median in log-space
#       Iterations: 3
#   - Spectral baseline clipping: 127 channels
#   - Stokes V clipping: 1 channels
#       Threshold: 2.91σ
#       Reference: median
#       Iterations: 2
# 
# COLUMN FORMAT: freq(Hz) I Q U V dI dQ dU dV
# ======================================================================
9.0360000000e+08 2.2321300000e-01 3.5500000000e-04 -3.0220000000e-03 -7.7000000000e-05 4.7800000000e-04 3.4000000000e-04 3.4700000000e-04 3.5700000000e-04
9.0530000000e+08 2.2411300000e-01 -1.7000000000e-04 -1.9190000000e-03 1.9900000000e-04 4.6100000000e-04 3.3700000000e-04 3.3700000000e-04 3.0100000000e-04
9.0700000000e+08 2.2375200000e-01 1.0700000000e-04 -2.1170000000e-03 -4.7700000000e-04 4.3200000000e-04 3.5900000000e-04 3.7500000000e-04 3.3300000000e-04
9.0870000000e+08 2.2326300000e-01 -3.1100000000e-04 -1.6600000000e-03 1.3300000000e-04 3.9300000000e-04 3.8200000000e-04 3.3400000000e-04 3.6000000000e-04
9.1030000000e+08 2.2374400000e-01 1.2600000000e-04 -1.9650000000e-03 -1.3500000000e-04 4.4400000000e-04 3.7300000000e-04 3.5100000000e-04 3.6900000000e-04
9.1370000000e+08 2.2367900000e-01 -8.8000000000e-05 -2.7700000000e-03 -2.0800000000e-04 4.3800000000e-04 4.0700000000e-04 3.7600000000e-04 3.3600000000e-04
9.1530000000e+08 2.2403600000e-01 -8.3000000000e-05 -2.1540000000e-03 1.6900000000e-04 3.8400000000e-04 2.9700000000e-04 3.2500000000e-04 3.5000000000e-04
9.1700000000e+08 2.2305500000e-01 4.0400000000e-04 -2.7030000000e-03 2.4700000000e-04 3.8500000000e-04 3.4800000000e-04 3.1600000000e-04 3.5400000000e-04
9.2040000000e+08 2.2202600000e-01 5.4000000000e-05 -2.2850000000e-03 8.7000000000e-05 4.1400000000e-04 3.8200000000e-04 3.5600000000e-04 3.4300000000e-04
9.2200000000e+08 2.2208400000e-01 2.4400000000e-04 -2.0780000000e-03 -7.0000000000e-06 4.1600000000e-04 3.7100000000e-04 3.2100000000e-04 3.6000000000e-04
9.2370000000e+08 2.2206000000e-01 1.6700000000e-04 -1.8710000000e-03 -6.1700000000e-04 4.0800000000e-04 3.6500000000e-04 3.5500000000e-04 3.1000000000e-04
9.2540000000e+08 2.2179500000e-01 6.4800000000e-04 -2.3800000000e-03 2.4400000000e-04 3.9100000000e-04 3.5700000000e-04 3.4700000000e-04 3.6100000000e-04
9.2700000000e+08 2.2193800000e-01 9.5000000000e-04 -2.4060000000e-03 -4.7300000000e-04 4.3200000000e-04 3.5600000000e-04 3.6900000000e-04 3.1900000000e-04
9.2870000000e+08 2.2188500000e-01 3.4200000000e-04 -1.5500000000e-03 6.7000000000e-05 3.9600000000e-04 3.2900000000e-04 3.4200000000e-04 3.6300000000e-04
9.3040000000e+08 2.2200500000e-01 1.1350000000e-03 -1.6940000000e-03 -6.4400000000e-04 3.8700000000e-04 3.2600000000e-04 3.4800000000e-04 3.3900000000e-04
9.5040000000e+08 2.1893800000e-01 3.2100000000e-04 -1.5490000000e-03 -4.8700000000e-04 3.7800000000e-04 3.4400000000e-04 3.1600000000e-04 3.8900000000e-04
9.5210000000e+08 2.1956900000e-01 8.6000000000e-04 -1.4390000000e-03 5.8800000000e-04 4.5400000000e-04 3.3100000000e-04 3.4100000000e-04 3.3400000000e-04
9.5380000000e+08 2.1918700000e-01 8.8400000000e-04 -2.2310000000e-03 1.6400000000e-04 3.4800000000e-04 3.2500000000e-04 3.5200000000e-04 3.1500000000e-04
9.5710000000e+08 2.1759700000e-01 -1.1600000000e-04 -1.9760000000e-03 5.5000000000e-04 3.7000000000e-04 3.5300000000e-04 3.1000000000e-04 3.6700000000e-04
9.5880000000e+08 2.1838700000e-01 -1.6200000000e-04 -1.9640000000e-03 7.4700000000e-04 3.6100000000e-04 3.3900000000e-04 3.0900000000e-04 3.0600000000e-04
9.6050000000e+08 2.1811100000e-01 9.5600000000e-04 -1.4480000000e-03 6.6500000000e-04 4.1200000000e-04 3.2600000000e-04 2.9200000000e-04 3.3300000000e-04
9.6220000000e+08 2.1809300000e-01 5.8000000000e-04 -1.4080000000e-03 6.9000000000e-05 3.3100000000e-04 3.4700000000e-04 3.1300000000e-04 2.9800000000e-04
9.6380000000e+08 2.1775500000e-01 3.0200000000e-04 -1.2960000000e-03 -6.1200000000e-04 3.8500000000e-04 3.8500000000e-04 2.9400000000e-04 3.2900000000e-04
9.6550000000e+08 2.1688300000e-01 3.8600000000e-04 -1.1950000000e-03 -9.0000000000e-05 3.8300000000e-04 3.2600000000e-04 3.2800000000e-04 3.1000000000e-04
9.6720000000e+08 2.1674400000e-01 6.8600000000e-04 -1.2420000000e-03 -2.1500000000e-04 3.7000000000e-04 3.3200000000e-04 3.3400000000e-04 3.4800000000e-04
9.6880000000e+08 2.1716000000e-01 7.2500000000e-04 -1.4330000000e-03 -3.4100000000e-04 3.7700000000e-04 3.3400000000e-04 3.1900000000e-04 3.0000000000e-04
9.7050000000e+08 2.1731600000e-01 5.8900000000e-04 -1.3240000000e-03 -3.5800000000e-04 3.4200000000e-04 3.2400000000e-04 3.0400000000e-04 3.0000000000e-04
9.7220000000e+08 2.1745000000e-01 6.1700000000e-04 -7.3200000000e-04 -6.7100000000e-04 3.6000000000e-04 3.1700000000e-04 3.3400000000e-04 2.8600000000e-04
9.7390000000e+08 2.1742000000e-01 4.6000000000e-05 -1.3870000000e-03 -3.8100000000e-04 3.3500000000e-04 2.7500000000e-04 3.3900000000e-04 3.3000000000e-04
9.7550000000e+08 2.1728000000e-01 5.8400000000e-04 -1.0220000000e-03 -3.4400000000e-04 3.7900000000e-04 3.0200000000e-04 3.0800000000e-04 3.4200000000e-04
9.7720000000e+08 2.1627500000e-01 1.3130000000e-03 -1.5040000000e-03 -3.7000000000e-04 3.6700000000e-04 3.0000000000e-04 3.2700000000e-04 3.7500000000e-04
9.7890000000e+08 2.1648800000e-01 5.8500000000e-04 -1.6120000000e-03 1.4100000000e-04 3.6000000000e-04 3.4000000000e-04 2.9900000000e-04 3.0700000000e-04
9.8050000000e+08 2.1650400000e-01 4.0500000000e-04 -1.3960000000e-03 4.2500000000e-04 3.5800000000e-04 3.2600000000e-04 2.7700000000e-04 2.8100000000e-04
9.8220000000e+08 2.1637200000e-01 9.3400000000e-04 -9.7700000000e-04 -1.9000000000e-05 3.5300000000e-04 3.2100000000e-04 3.3400000000e-04 2.9800000000e-04
9.8390000000e+08 2.1480500000e-01 6.9700000000e-04 -1.2190000000e-03 -3.0800000000e-04 3.7400000000e-04 3.4200000000e-04 3.3200000000e-04 3.1700000000e-04
9.8720000000e+08 2.1466200000e-01 5.8900000000e-04 -1.0380000000e-03 -2.2700000000e-04 3.8400000000e-04 3.0900000000e-04 3.0300000000e-04 2.7400000000e-04
9.8890000000e+08 2.1380900000e-01 9.6000000000e-04 -1.8940000000e-03 -2.7700000000e-04 3.6100000000e-04 3.0500000000e-04 3.6400000000e-04 3.2700000000e-04
9.9060000000e+08 2.1438900000e-01 3.0000000000e-06 -1.3780000000e-03 -1.6100000000e-04 3.1700000000e-04 3.3300000000e-04 3.1600000000e-04 2.7600000000e-04
9.9220000000e+08 2.1418600000e-01 1.3720000000e-03 -7.0300000000e-04 -5.5400000000e-04 3.3100000000e-04 3.0800000000e-04 3.1000000000e-04 3.2500000000e-04
9.9390000000e+08 2.1395000000e-01 7.7800000000e-04 -1.4580000000e-03 2.4000000000e-04 3.4300000000e-04 3.2100000000e-04 3.2300000000e-04 2.8500000000e-04
9.9560000000e+08 2.1349100000e-01 4.9200000000e-04 -1.2190000000e-03 1.2700000000e-04 3.4000000000e-04 3.1500000000e-04 3.2100000000e-04 3.0300000000e-04
9.9730000000e+08 2.1371800000e-01 9.9100000000e-04 -1.2800000000e-03 9.7000000000e-05 3.7800000000e-04 3.1600000000e-04 3.3400000000e-04 3.0300000000e-04
9.9890000000e+08 2.1370700000e-01 5.7500000000e-04 -1.4860000000e-03 -1.2200000000e-04 3.2900000000e-04 3.0000000000e-04 3.1400000000e-04 2.9500000000e-04
1.0006000000e+09 2.1337100000e-01 1.2070000000e-03 -1.4980000000e-03 5.9500000000e-04 3.2700000000e-04 2.6700000000e-04 2.7300000000e-04 3.0700000000e-04
1.0023000000e+09 2.1296700000e-01 6.6100000000e-04 -1.5900000000e-03 2.5000000000e-04 3.6400000000e-04 3.2000000000e-04 3.2100000000e-04 3.2900000000e-04
1.0090000000e+09 2.1162600000e-01 8.8600000000e-04 -1.4970000000e-03 -4.7400000000e-04 3.9900000000e-04 3.0200000000e-04 2.7900000000e-04 2.8600000000e-04
1.0106000000e+09 2.1267300000e-01 1.5150000000e-03 -1.6880000000e-03 -2.0100000000e-04 3.3800000000e-04 2.9100000000e-04 3.2400000000e-04 2.7100000000e-04
1.0123000000e+09 2.1237300000e-01 5.1400000000e-04 -2.0550000000e-03 -2.2100000000e-04 3.2700000000e-04 3.0500000000e-04 2.8800000000e-04 3.1100000000e-04
1.0140000000e+09 2.1300700000e-01 5.3900000000e-04 -8.5700000000e-04 -1.5500000000e-04 3.5900000000e-04 2.8800000000e-04 3.0500000000e-04 2.6900000000e-04
1.0157000000e+09 2.1255200000e-01 8.0300000000e-04 -1.2840000000e-03 -3.9700000000e-04 3.1000000000e-04 3.1200000000e-04 3.0400000000e-04 2.9100000000e-04
1.0173000000e+09 2.1251500000e-01 7.3500000000e-04 -1.1210000000e-03 -1.7700000000e-04 3.4300000000e-04 2.9900000000e-04 3.4700000000e-04 2.9700000000e-04
1.0190000000e+09 2.1212400000e-01 5.0400000000e-04 -1.4750000000e-03 -1.2100000000e-04 3.2400000000e-04 2.8400000000e-04 3.0600000000e-04 2.8000000000e-04
1.0207000000e+09 2.1175700000e-01 1.1530000000e-03 -1.1890000000e-03 -5.4600000000e-04 3.1700000000e-04 3.1100000000e-04 2.8600000000e-04 2.9300000000e-04
1.0223000000e+09 2.1189100000e-01 7.5100000000e-04 -1.4510000000e-03 -3.1000000000e-05 3.6000000000e-04 3.0700000000e-04 3.0100000000e-04 2.9700000000e-04
1.0274000000e+09 2.1106900000e-01 1.0370000000e-03 -1.9150000000e-03 -3.6900000000e-04 3.9300000000e-04 3.4400000000e-04 3.3000000000e-04 3.3100000000e-04
1.0357000000e+09 2.1133200000e-01 9.5500000000e-04 -1.4310000000e-03 -3.1200000000e-04 3.2100000000e-04 2.8700000000e-04 3.2200000000e-04 3.2300000000e-04
1.0424000000e+09 2.1084400000e-01 8.8000000000e-04 -2.1740000000e-03 -1.8200000000e-04 3.3500000000e-04 3.0300000000e-04 3.3400000000e-04 3.3900000000e-04
1.0441000000e+09 2.0872700000e-01 4.8400000000e-04 -1.6460000000e-03 -3.6900000000e-04 3.4300000000e-04 3.2000000000e-04 3.1200000000e-04 2.9800000000e-04
1.0457000000e+09 2.0852600000e-01 1.5420000000e-03 -2.3650000000e-03 -9.6000000000e-05 3.1800000000e-04 3.1900000000e-04 3.3100000000e-04 2.5700000000e-04
1.0491000000e+09 2.0816300000e-01 1.1860000000e-03 -1.6980000000e-03 6.1100000000e-04 3.3000000000e-04 3.0900000000e-04 2.8500000000e-04 3.1100000000e-04
1.0508000000e+09 2.0963600000e-01 6.6500000000e-04 -2.5020000000e-03 -4.1900000000e-04 3.4800000000e-04 3.2000000000e-04 3.0100000000e-04 3.4100000000e-04
1.0541000000e+09 2.0987200000e-01 5.8400000000e-04 -2.1390000000e-03 -6.4000000000e-05 3.1800000000e-04 3.1100000000e-04 3.2100000000e-04 3.0200000000e-04
1.0558000000e+09 2.0949200000e-01 1.3740000000e-03 -1.7830000000e-03 -1.6600000000e-04 3.2600000000e-04 3.0500000000e-04 2.9900000000e-04 2.9500000000e-04
1.0574000000e+09 2.0820900000e-01 2.9100000000e-04 -2.0960000000e-03 -3.0600000000e-04 3.1300000000e-04 3.1300000000e-04 2.8900000000e-04 3.0000000000e-04
1.0591000000e+09 2.0792000000e-01 8.5200000000e-04 -2.4200000000e-03 -5.0600000000e-04 3.3500000000e-04 2.8900000000e-04 3.2500000000e-04 2.7500000000e-04
1.0608000000e+09 2.0809200000e-01 4.3500000000e-04 -1.6590000000e-03 -3.0200000000e-04 3.5500000000e-04 3.0100000000e-04 2.9200000000e-04 2.6800000000e-04
1.0625000000e+09 2.0822800000e-01 5.7300000000e-04 -1.6380000000e-03 -6.3000000000e-05 3.2300000000e-04 2.9300000000e-04 3.0500000000e-04 3.1300000000e-04
1.0658000000e+09 2.0822200000e-01 7.6200000000e-04 -2.5800000000e-03 -4.4000000000e-04 3.2400000000e-04 2.9000000000e-04 3.0600000000e-04 3.0200000000e-04
1.0708000000e+09 2.0706200000e-01 3.6800000000e-04 -2.0500000000e-03 -6.1000000000e-05 3.2700000000e-04 3.1300000000e-04 3.2600000000e-04 2.9100000000e-04
1.0725000000e+09 2.0737100000e-01 2.5000000000e-04 -2.1590000000e-03 5.5000000000e-04 3.2800000000e-04 3.0100000000e-04 3.1500000000e-04 2.7800000000e-04
1.0742000000e+09 2.0774500000e-01 1.0260000000e-03 -2.2730000000e-03 -2.8000000000e-05 3.3000000000e-04 2.9700000000e-04 3.0200000000e-04 2.8100000000e-04
1.0758000000e+09 2.0702000000e-01 7.4900000000e-04 -2.2060000000e-03 1.3300000000e-04 3.0100000000e-04 2.8400000000e-04 3.1400000000e-04 3.0500000000e-04
1.0775000000e+09 2.0831000000e-01 9.7500000000e-04 -1.6470000000e-03 8.3000000000e-05 3.0400000000e-04 2.8700000000e-04 3.0300000000e-04 2.8200000000e-04
1.0792000000e+09 2.0812100000e-01 5.6700000000e-04 -2.2960000000e-03 -2.2100000000e-04 3.1300000000e-04 2.8000000000e-04 3.0000000000e-04 3.0700000000e-04
1.0809000000e+09 2.0742600000e-01 7.8900000000e-04 -1.3140000000e-03 4.1300000000e-04 3.2800000000e-04 2.7100000000e-04 2.7700000000e-04 3.3900000000e-04
1.0842000000e+09 2.0623800000e-01 8.7300000000e-04 -2.2490000000e-03 5.1300000000e-04 3.3200000000e-04 3.0400000000e-04 3.3200000000e-04 3.1800000000e-04
1.0942000000e+09 2.0667800000e-01 4.5300000000e-04 -2.1660000000e-03 1.7000000000e-05 3.8000000000e-04 3.6000000000e-04 3.0500000000e-04 3.0900000000e-04
1.0976000000e+09 2.0618800000e-01 1.3540000000e-03 -1.5080000000e-03 -4.4500000000e-04 3.0800000000e-04 2.8400000000e-04 3.0000000000e-04 2.7500000000e-04
1.0992000000e+09 2.0532300000e-01 6.1400000000e-04 -1.4260000000e-03 3.0200000000e-04 3.2600000000e-04 3.0200000000e-04 2.5600000000e-04 3.1000000000e-04
1.1009000000e+09 2.0503600000e-01 1.3110000000e-03 -1.3770000000e-03 -4.1100000000e-04 4.2200000000e-04 3.7000000000e-04 4.4400000000e-04 3.8100000000e-04
1.1093000000e+09 2.0652500000e-01 1.0520000000e-03 -1.5100000000e-03 -2.2400000000e-04 3.1200000000e-04 3.0300000000e-04 2.7700000000e-04 3.1200000000e-04
1.1109000000e+09 2.0524400000e-01 1.0160000000e-03 -1.4380000000e-03 1.2300000000e-04 3.8000000000e-04 3.4400000000e-04 3.2800000000e-04 3.2000000000e-04
1.1176000000e+09 2.0539300000e-01 8.7000000000e-04 -1.4820000000e-03 -2.6400000000e-04 3.0400000000e-04 2.8100000000e-04 2.9900000000e-04 2.7100000000e-04
1.1193000000e+09 2.0597900000e-01 6.4100000000e-04 -1.3000000000e-03 -6.8300000000e-04 3.1600000000e-04 2.6000000000e-04 2.7600000000e-04 2.8700000000e-04
1.1210000000e+09 2.0557700000e-01 6.4400000000e-04 -1.1580000000e-03 1.2400000000e-04 2.8200000000e-04 2.6800000000e-04 2.8300000000e-04 2.8900000000e-04
1.1260000000e+09 2.0468400000e-01 1.1600000000e-03 -1.5870000000e-03 -3.2500000000e-04 3.3200000000e-04 3.6100000000e-04 3.2500000000e-04 3.0100000000e-04
1.1293000000e+09 2.0475900000e-01 -1.7200000000e-04 -8.2600000000e-04 -7.3600000000e-04 3.6000000000e-04 3.0700000000e-04 2.8600000000e-04 2.8900000000e-04
1.1310000000e+09 2.0414900000e-01 1.9000000000e-05 -1.2090000000e-03 -4.2700000000e-04 3.0300000000e-04 2.8300000000e-04 2.6800000000e-04 3.0200000000e-04
1.1327000000e+09 2.0424000000e-01 6.0100000000e-04 -1.1860000000e-03 -4.9400000000e-04 2.8300000000e-04 2.6500000000e-04 2.7700000000e-04 3.2100000000e-04
1.1344000000e+09 2.0413600000e-01 2.2100000000e-04 -1.2140000000e-03 2.0600000000e-04 3.4200000000e-04 2.8000000000e-04 2.7000000000e-04 2.7300000000e-04
1.1427000000e+09 2.0489300000e-01 1.0100000000e-04 -1.8430000000e-03 -3.5000000000e-05 3.2200000000e-04 2.6700000000e-04 2.7900000000e-04 3.2200000000e-04
1.1461000000e+09 2.0355400000e-01 3.6300000000e-04 -5.3400000000e-04 -2.1400000000e-04 4.0400000000e-04 3.3300000000e-04 3.4000000000e-04 3.6800000000e-04
1.1527000000e+09 2.0251400000e-01 4.2300000000e-04 -1.0280000000e-03 6.2000000000e-05 3.1700000000e-04 3.0600000000e-04 2.8500000000e-04 3.1000000000e-04
1.1544000000e+09 2.0357700000e-01 2.9100000000e-04 -1.4460000000e-03 4.0900000000e-04 2.7700000000e-04 3.0500000000e-04 2.9300000000e-04 2.8900000000e-04
1.1594000000e+09 2.0339100000e-01 6.9500000000e-04 -1.2880000000e-03 -5.0000000000e-06 3.4300000000e-04 2.9300000000e-04 2.7100000000e-04 2.8900000000e-04
1.1644000000e+09 2.0173500000e-01 2.7200000000e-04 -9.8800000000e-04 7.1000000000e-05 3.3600000000e-04 3.1500000000e-04 2.8800000000e-04 2.9100000000e-04
1.1661000000e+09 2.0197100000e-01 5.7000000000e-04 -9.9400000000e-04 -3.5900000000e-04 3.2700000000e-04 3.0000000000e-04 2.8100000000e-04 2.6100000000e-04
1.1678000000e+09 2.0194900000e-01 7.4100000000e-04 -9.1000000000e-04 6.3400000000e-04 3.7700000000e-04 3.0200000000e-04 3.3200000000e-04 3.5700000000e-04
1.1845000000e+09 2.0214400000e-01 1.0600000000e-04 -5.9600000000e-04 7.2600000000e-04 4.6500000000e-04 4.2700000000e-04 3.8300000000e-04 4.2800000000e-04
1.1862000000e+09 2.0199400000e-01 2.2100000000e-04 -8.4100000000e-04 -1.1100000000e-04 3.3600000000e-04 3.1200000000e-04 2.7400000000e-04 2.9600000000e-04
1.1879000000e+09 2.0097900000e-01 1.2220000000e-03 -6.3400000000e-04 2.5300000000e-04 3.1300000000e-04 2.9700000000e-04 2.6300000000e-04 2.8000000000e-04
1.2146000000e+09 2.0089000000e-01 5.4700000000e-04 -4.8600000000e-04 -1.1000000000e-04 4.2100000000e-04 3.2300000000e-04 3.5300000000e-04 3.5000000000e-04
1.2179000000e+09 1.9854100000e-01 -6.3000000000e-05 -9.6400000000e-04 8.7000000000e-05 3.5500000000e-04 2.7400000000e-04 3.0400000000e-04 2.9600000000e-04
1.2196000000e+09 1.9958800000e-01 6.4100000000e-04 -8.2300000000e-04 8.0000000000e-05 3.5300000000e-04 3.2400000000e-04 2.8200000000e-04 3.0800000000e-04
1.2213000000e+09 1.9889200000e-01 2.6000000000e-04 -4.8000000000e-04 7.2600000000e-04 3.6200000000e-04 3.3200000000e-04 3.2500000000e-04 3.2600000000e-04
1.2330000000e+09 1.9805700000e-01 8.7800000000e-04 -6.4400000000e-04 8.2000000000e-05 3.9100000000e-04 3.3900000000e-04 3.2100000000e-04 3.7400000000e-04
1.2347000000e+09 1.9901200000e-01 6.9800000000e-04 -1.5020000000e-03 -4.4300000000e-04 4.0300000000e-04 3.0300000000e-04 2.9300000000e-04 3.1900000000e-04
1.2363000000e+09 1.9868000000e-01 7.2500000000e-04 -8.9500000000e-04 1.3200000000e-04 3.5100000000e-04 2.8700000000e-04 3.2600000000e-04 3.1000000000e-04
1.2380000000e+09 1.9888900000e-01 4.9200000000e-04 -1.5710000000e-03 2.1500000000e-04 3.4600000000e-04 3.1600000000e-04 2.9100000000e-04 3.1200000000e-04
1.2414000000e+09 1.9842800000e-01 4.5000000000e-04 -1.3560000000e-03 3.5000000000e-04 3.8000000000e-04 3.5300000000e-04 3.1500000000e-04 3.3400000000e-04
1.2447000000e+09 1.9883900000e-01 8.9000000000e-04 -1.1600000000e-03 -1.7600000000e-04 5.2800000000e-04 3.8800000000e-04 3.7100000000e-04 4.0600000000e-04
1.2514000000e+09 1.9852800000e-01 1.4420000000e-03 -4.1500000000e-04 1.6700000000e-04 3.0500000000e-04 2.8800000000e-04 2.6700000000e-04 3.1200000000e-04
1.2531000000e+09 1.9657600000e-01 1.2470000000e-03 -6.0700000000e-04 3.2800000000e-04 3.8400000000e-04 3.1300000000e-04 2.9100000000e-04 3.0400000000e-04
1.2564000000e+09 1.9692700000e-01 1.0130000000e-03 -5.6300000000e-04 -2.0300000000e-04 3.1200000000e-04 2.9500000000e-04 2.7300000000e-04 3.1500000000e-04
1.2882000000e+09 1.9618100000e-01 1.0460000000e-03 -2.8900000000e-04 1.2900000000e-04 5.7100000000e-04 5.6900000000e-04 5.8700000000e-04 5.5500000000e-04
1.2915000000e+09 1.9467900000e-01 1.7420000000e-03 -1.2570000000e-03 -2.7500000000e-04 5.4000000000e-04 5.6900000000e-04 4.9800000000e-04 5.4800000000e-04
1.2949000000e+09 1.9648100000e-01 2.0330000000e-03 -9.1400000000e-04 1.0000000000e-04 3.0500000000e-04 2.5300000000e-04 2.6600000000e-04 2.6700000000e-04
1.2965000000e+09 1.9495700000e-01 1.9580000000e-03 -8.8700000000e-04 3.4000000000e-04 2.9900000000e-04 2.7900000000e-04 2.6800000000e-04 2.9400000000e-04
1.2982000000e+09 1.9510200000e-01 2.6520000000e-03 -1.5000000000e-05 5.6100000000e-04 2.8200000000e-04 2.7400000000e-04 2.5700000000e-04 2.8200000000e-04
1.2999000000e+09 1.9535200000e-01 1.7420000000e-03 -7.5900000000e-04 -2.0200000000e-04 3.0000000000e-04 2.7400000000e-04 2.6600000000e-04 2.7000000000e-04
1.3015000000e+09 1.9470600000e-01 1.7960000000e-03 -4.0700000000e-04 6.9000000000e-05 2.7900000000e-04 2.7900000000e-04 2.8200000000e-04 2.6700000000e-04
1.3032000000e+09 1.9483700000e-01 2.3950000000e-03 -9.6300000000e-04 -5.0600000000e-04 2.9200000000e-04 2.6900000000e-04 2.8200000000e-04 2.6900000000e-04
1.3049000000e+09 1.9472900000e-01 2.1180000000e-03 -7.3000000000e-04 4.9300000000e-04 2.6500000000e-04 2.7100000000e-04 2.3900000000e-04 2.5200000000e-04
1.3066000000e+09 1.9462100000e-01 2.1920000000e-03 -4.7400000000e-04 -3.2900000000e-04 2.4300000000e-04 2.5100000000e-04 2.4800000000e-04 2.6100000000e-04
1.3082000000e+09 1.9482200000e-01 2.0530000000e-03 -7.4000000000e-04 -4.0700000000e-04 2.3600000000e-04 2.3800000000e-04 2.4900000000e-04 2.6100000000e-04
1.3099000000e+09 1.9457000000e-01 2.4560000000e-03 -7.2500000000e-04 -3.6000000000e-05 2.5600000000e-04 2.7000000000e-04 2.4700000000e-04 2.4000000000e-04
1.3116000000e+09 1.9400400000e-01 2.4320000000e-03 -1.0450000000e-03 -3.9000000000e-05 2.5100000000e-04 2.5300000000e-04 2.3900000000e-04 2.5600000000e-04
1.3132000000e+09 1.9467300000e-01 1.6840000000e-03 -7.2300000000e-04 -3.0500000000e-04 2.7600000000e-04 2.7200000000e-04 2.6300000000e-04 2.5000000000e-04
1.3149000000e+09 1.9387200000e-01 2.1850000000e-03 -5.7000000000e-04 9.6000000000e-05 2.6900000000e-04 2.3900000000e-04 2.6900000000e-04 3.0200000000e-04
1.3166000000e+09 1.9422700000e-01 2.0380000000e-03 -6.9100000000e-04 2.4800000000e-04 2.4000000000e-04 2.4100000000e-04 2.5500000000e-04 2.4100000000e-04
1.3183000000e+09 1.9423800000e-01 2.1460000000e-03 -6.3600000000e-04 -4.2100000000e-04 2.6600000000e-04 2.4800000000e-04 2.4400000000e-04 2.3300000000e-04
1.3199000000e+09 1.9357000000e-01 2.2950000000e-03 -5.8800000000e-04 -2.4200000000e-04 2.7700000000e-04 2.6200000000e-04 2.8200000000e-04 2.5100000000e-04
1.3216000000e+09 1.9356700000e-01 2.4020000000e-03 -8.0100000000e-04 1.5400000000e-04 2.7100000000e-04 2.5100000000e-04 2.4100000000e-04 2.4700000000e-04
1.3233000000e+09 1.9448800000e-01 2.3260000000e-03 -7.9600000000e-04 1.8800000000e-04 2.4300000000e-04 2.6200000000e-04 2.4400000000e-04 2.5600000000e-04
1.3249000000e+09 1.9416200000e-01 2.2350000000e-03 -3.5600000000e-04 -7.6000000000e-05 2.4100000000e-04 2.3300000000e-04 2.5600000000e-04 2.2300000000e-04
1.3266000000e+09 1.9365400000e-01 1.8800000000e-03 -5.5700000000e-04 -3.3100000000e-04 2.8700000000e-04 2.5700000000e-04 2.7800000000e-04 2.6100000000e-04
1.3283000000e+09 1.9365700000e-01 1.7580000000e-03 -1.1600000000e-03 -1.5800000000e-04 2.4700000000e-04 2.6300000000e-04 2.6600000000e-04 2.5000000000e-04
1.3300000000e+09 1.9370300000e-01 2.1910000000e-03 -1.1480000000e-03 -4.6000000000e-05 2.6000000000e-04 2.5000000000e-04 2.4300000000e-04 2.4500000000e-04
1.3316000000e+09 1.9327000000e-01 2.0470000000e-03 -8.1400000000e-04 2.8000000000e-05 2.4400000000e-04 2.5300000000e-04 2.5000000000e-04 2.3900000000e-04
1.3333000000e+09 1.9350700000e-01 2.0240000000e-03 -1.0590000000e-03 -2.6900000000e-04 2.3700000000e-04 2.1900000000e-04 2.3600000000e-04 2.6600000000e-04
1.3350000000e+09 1.9297700000e-01 1.8920000000e-03 -1.0520000000e-03 -1.1100000000e-04 2.5600000000e-04 2.4200000000e-04 2.5600000000e-04 2.3100000000e-04
1.3367000000e+09 1.9266300000e-01 2.1930000000e-03 -5.5000000000e-04 -7.3000000000e-05 2.6400000000e-04 2.3500000000e-04 2.6300000000e-04 2.4100000000e-04
1.3383000000e+09 1.9365400000e-01 2.1720000000e-03 -2.9400000000e-04 4.9900000000e-04 2.3800000000e-04 2.7500000000e-04 2.3300000000e-04 2.4800000000e-04
1.3400000000e+09 1.9313400000e-01 2.1470000000e-03 -4.6900000000e-04 -3.6400000000e-04 2.7000000000e-04 2.6100000000e-04 2.4700000000e-04 2.4200000000e-04
1.3417000000e+09 1.9316000000e-01 2.5010000000e-03 -6.4800000000e-04 1.0900000000e-04 2.5700000000e-04 2.4400000000e-04 2.3400000000e-04 2.4600000000e-04
1.3433000000e+09 1.9261500000e-01 2.1460000000e-03 -3.5800000000e-04 3.9800000000e-04 2.6900000000e-04 2.4800000000e-04 2.4300000000e-04 2.4100000000e-04
1.3450000000e+09 1.9275000000e-01 2.3460000000e-03 -6.0800000000e-04 2.1600000000e-04 2.5100000000e-04 2.3500000000e-04 2.4400000000e-04 2.4500000000e-04
1.3467000000e+09 1.9289600000e-01 1.9450000000e-03 -4.3700000000e-04 -3.2900000000e-04 2.4300000000e-04 2.5700000000e-04 2.4700000000e-04 2.4400000000e-04
1.3484000000e+09 1.9240000000e-01 1.6990000000e-03 -4.2200000000e-04 -3.8400000000e-04 2.4700000000e-04 2.2900000000e-04 2.5900000000e-04 2.3400000000e-04
1.3500000000e+09 1.9274700000e-01 1.8340000000e-03 -5.4100000000e-04 4.5400000000e-04 2.4800000000e-04 2.7200000000e-04 2.3900000000e-04 2.7100000000e-04
1.3517000000e+09 1.9291000000e-01 2.2530000000e-03 -8.7600000000e-04 7.6000000000e-05 2.6400000000e-04 2.5400000000e-04 2.4900000000e-04 2.5300000000e-04
1.3534000000e+09 1.9229700000e-01 2.1480000000e-03 -9.6400000000e-04 -4.9000000000e-04 2.3600000000e-04 2.2900000000e-04 2.4800000000e-04 2.4900000000e-04
1.3550000000e+09 1.9242300000e-01 2.1780000000e-03 -4.6100000000e-04 -4.5700000000e-04 2.5500000000e-04 2.7000000000e-04 2.2200000000e-04 2.4000000000e-04
1.3567000000e+09 1.9181200000e-01 2.2230000000e-03 -8.8700000000e-04 2.0600000000e-04 2.6500000000e-04 2.3900000000e-04 2.5000000000e-04 2.4100000000e-04
1.3584000000e+09 1.9182200000e-01 1.9610000000e-03 -1.0050000000e-03 -2.9300000000e-04 2.6500000000e-04 2.1800000000e-04 2.5700000000e-04 2.4400000000e-04
1.3601000000e+09 1.9211700000e-01 1.7050000000e-03 -8.2700000000e-04 1.2200000000e-04 2.4000000000e-04 2.4600000000e-04 2.3500000000e-04 2.3200000000e-04
1.3617000000e+09 1.9274900000e-01 1.8770000000e-03 -7.8800000000e-04 1.7600000000e-04 2.6000000000e-04 2.5300000000e-04 2.4000000000e-04 2.6400000000e-04
1.3634000000e+09 1.9192100000e-01 2.4090000000e-03 -7.8000000000e-04 -2.7300000000e-04 2.7300000000e-04 2.3300000000e-04 2.2900000000e-04 2.5600000000e-04
1.3651000000e+09 1.9164300000e-01 1.8860000000e-03 -9.9200000000e-04 1.7100000000e-04 2.7100000000e-04 2.3200000000e-04 2.3600000000e-04 2.5900000000e-04
1.3667000000e+09 1.9182300000e-01 1.6310000000e-03 -5.2800000000e-04 2.4900000000e-04 2.7500000000e-04 2.3800000000e-04 2.3900000000e-04 2.4100000000e-04
1.3684000000e+09 1.9197900000e-01 1.5200000000e-03 -5.3000000000e-04 -4.4500000000e-04 2.3200000000e-04 2.6000000000e-04 2.4400000000e-04 2.5700000000e-04
1.3701000000e+09 1.9137100000e-01 1.9880000000e-03 -5.9300000000e-04 1.2400000000e-04 2.5300000000e-04 2.4000000000e-04 2.4600000000e-04 2.5100000000e-04
1.3718000000e+09 1.9161800000e-01 1.8240000000e-03 -1.0640000000e-03 9.7000000000e-05 2.5400000000e-04 2.4200000000e-04 2.7100000000e-04 2.6300000000e-04
1.3734000000e+09 1.9116800000e-01 2.3640000000e-03 -4.3700000000e-04 2.2100000000e-04 2.4900000000e-04 2.4300000000e-04 2.3800000000e-04 2.4700000000e-04
1.3751000000e+09 1.9154700000e-01 2.2630000000e-03 -7.0500000000e-04 -1.0000000000e-04 2.6800000000e-04 2.5500000000e-04 2.4300000000e-04 2.3500000000e-04
1.3768000000e+09 1.9120400000e-01 1.6570000000e-03 -7.6200000000e-04 -4.7000000000e-04 2.4900000000e-04 2.5100000000e-04 2.4800000000e-04 2.5400000000e-04
1.3784000000e+09 1.9164100000e-01 2.1770000000e-03 -1.0230000000e-03 1.8500000000e-04 2.7600000000e-04 2.6200000000e-04 2.4900000000e-04 2.4300000000e-04
1.3801000000e+09 1.9062200000e-01 2.3780000000e-03 -2.1200000000e-04 -5.3800000000e-04 2.7700000000e-04 2.7000000000e-04 2.7900000000e-04 2.4100000000e-04
1.3818000000e+09 1.9025100000e-01 1.9620000000e-03 -8.5400000000e-04 -4.7500000000e-04 2.8100000000e-04 2.9500000000e-04 2.6200000000e-04 2.6200000000e-04
1.3835000000e+09 1.9141000000e-01 1.8320000000e-03 -7.3700000000e-04 2.8000000000e-04 2.6100000000e-04 2.4100000000e-04 2.4100000000e-04 2.3500000000e-04
1.3851000000e+09 1.9133900000e-01 2.1640000000e-03 -7.4200000000e-04 1.8200000000e-04 2.4300000000e-04 2.4000000000e-04 2.4300000000e-04 2.2800000000e-04
1.3868000000e+09 1.9055600000e-01 1.8030000000e-03 -7.4300000000e-04 2.0300000000e-04 2.3500000000e-04 2.6000000000e-04 2.3000000000e-04 2.5700000000e-04
1.3885000000e+09 1.9089900000e-01 1.6930000000e-03 -8.4400000000e-04 -5.1400000000e-04 2.3600000000e-04 2.3300000000e-04 2.5400000000e-04 2.4600000000e-04
1.3902000000e+09 1.9059300000e-01 1.8370000000e-03 -4.0600000000e-04 -1.2400000000e-04 2.5200000000e-04 2.5100000000e-04 2.4100000000e-04 2.5900000000e-04
1.3918000000e+09 1.9062100000e-01 2.1420000000e-03 -2.9500000000e-04 -2.5500000000e-04 2.4900000000e-04 2.4300000000e-04 2.2800000000e-04 2.4400000000e-04
1.3935000000e+09 1.9069700000e-01 2.2030000000e-03 -4.7000000000e-04 -2.9000000000e-04 2.3200000000e-04 2.2500000000e-04 2.5000000000e-04 2.4800000000e-04
1.3952000000e+09 1.9056600000e-01 2.5780000000e-03 -2.9600000000e-04 -1.0400000000e-04 2.4900000000e-04 2.7000000000e-04 2.4300000000e-04 2.3600000000e-04
1.3968000000e+09 1.9056400000e-01 2.3710000000e-03 -5.2400000000e-04 5.8000000000e-05 2.3400000000e-04 2.2500000000e-04 2.4300000000e-04 2.6600000000e-04
1.3985000000e+09 1.8989400000e-01 1.6850000000e-03 -5.1900000000e-04 3.6000000000e-05 2.5600000000e-04 2.5000000000e-04 2.6300000000e-04 2.3200000000e-04
1.4002000000e+09 1.9050700000e-01 1.7320000000e-03 -6.9900000000e-04 -1.9200000000e-04 2.2900000000e-04 2.6500000000e-04 2.4700000000e-04 2.5200000000e-04
1.4019000000e+09 1.9051200000e-01 2.0670000000e-03 -4.7400000000e-04 -3.5700000000e-04 2.7100000000e-04 2.3700000000e-04 2.3800000000e-04 2.4600000000e-04
1.4035000000e+09 1.9041600000e-01 2.1060000000e-03 -3.7800000000e-04 1.6700000000e-04 2.4900000000e-04 2.4500000000e-04 2.3500000000e-04 2.4700000000e-04
1.4052000000e+09 1.9010500000e-01 2.0770000000e-03 -1.5100000000e-04 -3.9100000000e-04 2.3100000000e-04 2.4200000000e-04 2.3300000000e-04 2.5300000000e-04
1.4069000000e+09 1.9014300000e-01 2.1490000000e-03 -9.4000000000e-04 -6.9000000000e-05 2.6200000000e-04 2.5100000000e-04 2.3700000000e-04 2.3100000000e-04
1.4085000000e+09 1.9033500000e-01 2.0490000000e-03 -7.2800000000e-04 -5.0000000000e-05 2.3800000000e-04 2.4100000000e-04 2.3100000000e-04 2.2900000000e-04
1.4102000000e+09 1.8956200000e-01 1.9140000000e-03 -4.6400000000e-04 -2.6500000000e-04 2.5500000000e-04 2.6000000000e-04 2.4400000000e-04 2.4300000000e-04
1.4119000000e+09 1.8975800000e-01 1.9750000000e-03 -6.4600000000e-04 -2.7000000000e-04 2.6600000000e-04 2.5900000000e-04 2.4900000000e-04 2.3600000000e-04
1.4136000000e+09 1.9009600000e-01 1.7580000000e-03 -5.7700000000e-04 -2.5200000000e-04 2.4400000000e-04 2.6100000000e-04 2.6200000000e-04 2.5900000000e-04
1.4152000000e+09 1.8993100000e-01 2.3460000000e-03 -6.0400000000e-04 -2.0800000000e-04 2.6400000000e-04 2.4000000000e-04 2.3400000000e-04 2.2700000000e-04
1.4169000000e+09 1.8969800000e-01 2.2560000000e-03 -7.2100000000e-04 -1.7500000000e-04 2.5400000000e-04 2.5500000000e-04 2.5500000000e-04 2.3800000000e-04
1.4236000000e+09 1.8980500000e-01 2.2210000000e-03 -3.4800000000e-04 -6.7000000000e-05 2.4000000000e-04 2.5100000000e-04 2.4600000000e-04 2.2100000000e-04
1.4253000000e+09 1.8915900000e-01 2.5610000000e-03 -3.5000000000e-04 4.6000000000e-05 2.5600000000e-04 2.5700000000e-04 2.4700000000e-04 2.3800000000e-04
1.4269000000e+09 1.8925300000e-01 1.6570000000e-03 -4.1700000000e-04 3.5300000000e-04 2.2400000000e-04 2.4500000000e-04 2.4100000000e-04 2.3500000000e-04
1.4286000000e+09 1.8935100000e-01 2.1810000000e-03 -4.8000000000e-04 5.2000000000e-05 2.3500000000e-04 2.4100000000e-04 2.3400000000e-04 2.3500000000e-04
1.4303000000e+09 1.8918500000e-01 1.9310000000e-03 -9.7000000000e-05 -3.2100000000e-04 2.6900000000e-04 2.5800000000e-04 2.4000000000e-04 2.4800000000e-04
1.4319000000e+09 1.8878000000e-01 1.4470000000e-03 -4.9800000000e-04 -1.2900000000e-04 2.8400000000e-04 2.4400000000e-04 2.3500000000e-04 2.3400000000e-04
1.4336000000e+09 1.8883200000e-01 2.0460000000e-03 -4.4400000000e-04 1.0000000000e-05 2.2800000000e-04 2.3900000000e-04 2.4100000000e-04 2.3900000000e-04
1.4353000000e+09 1.8870300000e-01 1.6260000000e-03 -2.8900000000e-04 4.9300000000e-04 2.4500000000e-04 2.5900000000e-04 2.4300000000e-04 2.4200000000e-04
1.4370000000e+09 1.8874400000e-01 1.7530000000e-03 -2.3900000000e-04 -4.1800000000e-04 2.5000000000e-04 2.3200000000e-04 2.6200000000e-04 2.7300000000e-04
1.4386000000e+09 1.8878100000e-01 1.2810000000e-03 -5.0300000000e-04 6.8000000000e-05 2.5300000000e-04 2.5200000000e-04 2.3600000000e-04 2.4000000000e-04
1.4403000000e+09 1.8876300000e-01 1.4360000000e-03 -6.2000000000e-04 3.7900000000e-04 2.4000000000e-04 2.4000000000e-04 2.6600000000e-04 2.5300000000e-04
1.4420000000e+09 1.8868300000e-01 1.6940000000e-03 -4.7700000000e-04 -3.0500000000e-04 2.6600000000e-04 2.5400000000e-04 2.2600000000e-04 2.4000000000e-04
1.4437000000e+09 1.8853300000e-01 1.5790000000e-03 -6.4700000000e-04 -1.0000000000e-05 2.6400000000e-04 2.4400000000e-04 2.3500000000e-04 2.5100000000e-04
1.4453000000e+09 1.8883900000e-01 2.4260000000e-03 -7.5900000000e-04 2.9500000000e-04 2.6000000000e-04 2.7500000000e-04 2.6000000000e-04 2.3000000000e-04
1.4470000000e+09 1.8842400000e-01 2.0150000000e-03 -4.7500000000e-04 2.7000000000e-04 2.5300000000e-04 2.4900000000e-04 2.6600000000e-04 2.5700000000e-04
1.4487000000e+09 1.8831200000e-01 1.9350000000e-03 -3.5300000000e-04 -2.1600000000e-04 2.2400000000e-04 2.4500000000e-04 2.5800000000e-04 2.5200000000e-04
1.4503000000e+09 1.8799100000e-01 1.9550000000e-03 -4.4100000000e-04 -2.1300000000e-04 2.5500000000e-04 2.5100000000e-04 2.4600000000e-04 2.4900000000e-04
1.4520000000e+09 1.8813700000e-01 1.6150000000e-03 -5.8700000000e-04 -4.9900000000e-04 2.5300000000e-04 2.5700000000e-04 2.4400000000e-04 2.3500000000e-04
1.4537000000e+09 1.8789000000e-01 1.9700000000e-03 -7.1200000000e-04 5.3100000000e-04 2.6300000000e-04 2.5200000000e-04 2.7400000000e-04 2.3400000000e-04
1.4554000000e+09 1.8791300000e-01 2.0120000000e-03 -4.9200000000e-04 1.4700000000e-04 2.6600000000e-04 2.5900000000e-04 2.3600000000e-04 2.2800000000e-04
1.4570000000e+09 1.8782400000e-01 1.8290000000e-03 -5.4600000000e-04 4.3100000000e-04 2.5700000000e-04 2.4000000000e-04 2.3700000000e-04 2.6200000000e-04
1.4587000000e+09 1.8801200000e-01 1.6560000000e-03 -5.5000000000e-04 -9.7000000000e-05 2.6300000000e-04 2.3300000000e-04 2.2000000000e-04 2.4400000000e-04
1.4604000000e+09 1.8781000000e-01 1.8620000000e-03 -4.6100000000e-04 2.6400000000e-04 2.6200000000e-04 2.4600000000e-04 2.4200000000e-04 2.2600000000e-04
1.4620000000e+09 1.8768700000e-01 1.7040000000e-03 -1.6600000000e-04 -7.2000000000e-05 2.3600000000e-04 2.5100000000e-04 2.4100000000e-04 2.4000000000e-04
1.4637000000e+09 1.8761600000e-01 1.5870000000e-03 -5.9000000000e-04 -3.9000000000e-04 2.5300000000e-04 2.3500000000e-04 2.4600000000e-04 2.4700000000e-04
1.4654000000e+09 1.8725900000e-01 2.0580000000e-03 -3.0300000000e-04 -1.3000000000e-04 2.4700000000e-04 2.5000000000e-04 2.5700000000e-04 2.4000000000e-04
1.4671000000e+09 1.8778900000e-01 1.8640000000e-03 -3.5000000000e-04 5.2800000000e-04 2.4700000000e-04 2.5700000000e-04 2.6300000000e-04 2.6100000000e-04
1.4687000000e+09 1.8742800000e-01 1.4990000000e-03 -1.0970000000e-03 2.9600000000e-04 2.6000000000e-04 2.5100000000e-04 2.4900000000e-04 2.4300000000e-04
1.4704000000e+09 1.8713800000e-01 1.7650000000e-03 -3.2500000000e-04 -1.9900000000e-04 2.4300000000e-04 2.3400000000e-04 2.3100000000e-04 2.4000000000e-04
1.4721000000e+09 1.8727300000e-01 1.3180000000e-03 -2.7300000000e-04 -8.9000000000e-05 2.2800000000e-04 2.6100000000e-04 2.6600000000e-04 2.2600000000e-04
1.4737000000e+09 1.8683300000e-01 1.1650000000e-03 -7.4700000000e-04 -5.6100000000e-04 2.5400000000e-04 2.5100000000e-04 2.5900000000e-04 2.5700000000e-04
1.4754000000e+09 1.8696100000e-01 1.4040000000e-03 -4.4300000000e-04 4.2300000000e-04 2.8900000000e-04 2.4600000000e-04 2.4600000000e-04 2.6100000000e-04
1.4771000000e+09 1.8704900000e-01 1.7010000000e-03 -4.0400000000e-04 3.2300000000e-04 2.7900000000e-04 2.6800000000e-04 2.5000000000e-04 2.4200000000e-04
1.4788000000e+09 1.8713800000e-01 1.1660000000e-03 -6.8000000000e-04 1.6500000000e-04 2.4100000000e-04 2.7100000000e-04 2.4400000000e-04 2.6300000000e-04
1.4804000000e+09 1.8687400000e-01 1.7360000000e-03 -3.8400000000e-04 -0.0000000000e+00 2.3700000000e-04 2.2400000000e-04 2.3100000000e-04 2.3500000000e-04
1.4821000000e+09 1.8685600000e-01 1.2710000000e-03 2.0000000000e-05 -4.0000000000e-04 2.5100000000e-04 2.3300000000e-04 2.5600000000e-04 2.3600000000e-04
1.4838000000e+09 1.8678800000e-01 1.3170000000e-03 -1.5300000000e-04 1.8100000000e-04 2.5800000000e-04 2.4300000000e-04 2.5700000000e-04 2.4900000000e-04
1.4854000000e+09 1.8671200000e-01 7.7000000000e-04 -4.9600000000e-04 -3.7300000000e-04 2.4900000000e-04 2.7400000000e-04 2.7100000000e-04 2.4900000000e-04
1.4871000000e+09 1.8671200000e-01 1.1640000000e-03 -5.3600000000e-04 5.9000000000e-05 2.5200000000e-04 2.4500000000e-04 2.4500000000e-04 2.4300000000e-04
1.4888000000e+09 1.8672700000e-01 9.1000000000e-04 -7.0100000000e-04 6.0000000000e-06 2.5000000000e-04 2.6600000000e-04 2.5100000000e-04 2.4600000000e-04
1.4905000000e+09 1.8660100000e-01 1.1120000000e-03 4.0000000000e-05 2.2200000000e-04 2.5900000000e-04 2.6700000000e-04 2.5200000000e-04 2.5900000000e-04
1.4921000000e+09 1.8677600000e-01 8.1600000000e-04 -2.7700000000e-04 -1.4300000000e-04 2.6200000000e-04 2.5100000000e-04 2.4200000000e-04 2.7900000000e-04
1.4938000000e+09 1.8638200000e-01 1.0770000000e-03 -2.2200000000e-04 1.8600000000e-04 2.5900000000e-04 2.6600000000e-04 2.3800000000e-04 2.3200000000e-04
1.4955000000e+09 1.8687700000e-01 1.1820000000e-03 -2.7700000000e-04 3.0400000000e-04 2.3300000000e-04 2.5400000000e-04 2.5200000000e-04 2.5300000000e-04
1.4972000000e+09 1.8580800000e-01 1.1560000000e-03 -4.7200000000e-04 -2.3000000000e-04 2.7400000000e-04 2.4200000000e-04 2.5100000000e-04 2.4400000000e-04
1.4988000000e+09 1.8592300000e-01 6.2100000000e-04 -2.8400000000e-04 2.1600000000e-04 2.6400000000e-04 2.5800000000e-04 2.4900000000e-04 2.4000000000e-04
1.5005000000e+09 1.8645800000e-01 6.7800000000e-04 -1.5800000000e-04 1.2700000000e-04 2.3200000000e-04 2.5400000000e-04 2.4200000000e-04 2.5300000000e-04
1.5022000000e+09 1.8594500000e-01 7.6400000000e-04 -1.1400000000e-04 1.6300000000e-04 2.3600000000e-04 2.6000000000e-04 2.3500000000e-04 2.4600000000e-04
1.5038000000e+09 1.8613600000e-01 7.4900000000e-04 -8.0000000000e-06 5.9500000000e-04 2.4400000000e-04 2.3300000000e-04 2.4400000000e-04 2.4600000000e-04
1.5055000000e+09 1.8558200000e-01 1.3270000000e-03 -7.8200000000e-04 1.6900000000e-04 2.4500000000e-04 2.3900000000e-04 2.5000000000e-04 2.4900000000e-04
1.5072000000e+09 1.8592100000e-01 9.5500000000e-04 2.8000000000e-05 2.0100000000e-04 2.5900000000e-04 2.6200000000e-04 2.5300000000e-04 2.5700000000e-04
1.5089000000e+09 1.8579300000e-01 1.1840000000e-03 -2.7000000000e-05 6.4000000000e-05 2.5800000000e-04 2.5100000000e-04 2.3600000000e-04 2.3200000000e-04
1.5105000000e+09 1.8584200000e-01 9.3500000000e-04 -2.8400000000e-04 1.2100000000e-04 2.5600000000e-04 2.3300000000e-04 2.4800000000e-04 2.5000000000e-04
1.5122000000e+09 1.8516400000e-01 8.0400000000e-04 -2.9600000000e-04 -1.5500000000e-04 2.6300000000e-04 2.3800000000e-04 2.4400000000e-04 2.5200000000e-04
1.5139000000e+09 1.8524300000e-01 7.5000000000e-04 1.0500000000e-04 4.5200000000e-04 2.6600000000e-04 2.5600000000e-04 2.2900000000e-04 2.4600000000e-04
1.5155000000e+09 1.8556000000e-01 6.0800000000e-04 1.9600000000e-04 -2.9200000000e-04 2.6000000000e-04 2.4600000000e-04 2.6900000000e-04 2.5000000000e-04
1.5172000000e+09 1.8578200000e-01 4.8400000000e-04 9.4000000000e-05 1.1100000000e-04 2.4300000000e-04 2.6600000000e-04 2.3800000000e-04 2.3600000000e-04
1.5189000000e+09 1.8515800000e-01 4.4900000000e-04 -1.2000000000e-05 -2.7700000000e-04 2.7000000000e-04 2.5600000000e-04 2.4200000000e-04 2.4900000000e-04
1.5206000000e+09 1.8513500000e-01 9.7200000000e-04 -2.5000000000e-04 2.3600000000e-04 2.5400000000e-04 2.2500000000e-04 2.3200000000e-04 2.4700000000e-04
1.5222000000e+09 1.8576800000e-01 5.1400000000e-04 -7.2800000000e-04 6.2400000000e-04 2.5900000000e-04 2.3400000000e-04 2.4100000000e-04 2.4700000000e-04
1.5440000000e+09 1.8440300000e-01 5.7800000000e-04 6.5400000000e-04 1.5520000000e-03 7.7300000000e-04 5.7400000000e-04 5.2500000000e-04 6.6400000000e-04
1.5573000000e+09 1.8346400000e-01 -1.8000000000e-04 -1.0900000000e-04 6.7000000000e-05 3.7800000000e-04 3.1500000000e-04 3.6900000000e-04 3.3800000000e-04
1.5657000000e+09 1.8399800000e-01 -6.8200000000e-04 2.1800000000e-04 5.0600000000e-04 3.4200000000e-04 2.6700000000e-04 2.9200000000e-04 2.8600000000e-04
1.5674000000e+09 1.8473400000e-01 1.8500000000e-04 8.2700000000e-04 3.6500000000e-04 3.0800000000e-04 2.7500000000e-04 2.6900000000e-04 3.1400000000e-04
1.5824000000e+09 1.8369700000e-01 -4.1000000000e-05 8.8300000000e-04 4.7500000000e-04 3.5700000000e-04 2.8800000000e-04 2.8400000000e-04 3.1500000000e-04
1.5924000000e+09 1.8306500000e-01 -1.2300000000e-04 8.0000000000e-04 1.6500000000e-04 4.2500000000e-04 4.0900000000e-04 3.9300000000e-04 3.7600000000e-04
1.5958000000e+09 1.8195800000e-01 -5.3300000000e-04 3.3300000000e-04 -6.1300000000e-04 3.5500000000e-04 2.9500000000e-04 2.9300000000e-04 3.2800000000e-04
1.6075000000e+09 1.8227600000e-01 -2.9800000000e-04 6.1400000000e-04 4.3400000000e-04 2.8200000000e-04 2.6700000000e-04 2.6700000000e-04 2.5200000000e-04
1.6092000000e+09 1.8205500000e-01 -2.2600000000e-04 2.9800000000e-04 2.4900000000e-04 2.3900000000e-04 2.3900000000e-04 2.3900000000e-04 2.3400000000e-04
1.6108000000e+09 1.8220700000e-01 2.4000000000e-04 2.4400000000e-04 -6.9000000000e-05 2.4900000000e-04 2.5100000000e-04 2.6000000000e-04 2.4700000000e-04
1.6125000000e+09 1.8163800000e-01 -1.8800000000e-04 1.2250000000e-03 4.7000000000e-05 2.4900000000e-04 2.4300000000e-04 2.4400000000e-04 2.4400000000e-04
1.6142000000e+09 1.8216400000e-01 -3.7700000000e-04 5.7000000000e-04 4.2700000000e-04 2.4600000000e-04 2.3300000000e-04 2.4600000000e-04 2.3600000000e-04
1.6159000000e+09 1.8149100000e-01 -5.3000000000e-05 7.4400000000e-04 3.2500000000e-04 2.6000000000e-04 2.3900000000e-04 2.3600000000e-04 2.3700000000e-04
1.6175000000e+09 1.8068800000e-01 -6.1900000000e-04 3.6900000000e-04 1.8600000000e-04 2.5900000000e-04 2.4200000000e-04 2.4300000000e-04 2.3300000000e-04
1.6292000000e+09 1.8075500000e-01 -3.7800000000e-04 7.6500000000e-04 7.4000000000e-05 2.4800000000e-04 2.3700000000e-04 2.5800000000e-04 2.4800000000e-04
1.6309000000e+09 1.8089200000e-01 -1.3700000000e-04 7.6600000000e-04 -9.4000000000e-05 2.4900000000e-04 2.4900000000e-04 2.5100000000e-04 2.2900000000e-04
1.6326000000e+09 1.8073000000e-01 -2.8400000000e-04 7.4400000000e-04 -5.2000000000e-05 2.3800000000e-04 2.4200000000e-04 2.4900000000e-04 2.7000000000e-04
1.6342000000e+09 1.8049600000e-01 -1.6900000000e-04 1.1230000000e-03 7.5000000000e-05 2.4800000000e-04 2.3400000000e-04 2.4000000000e-04 2.4600000000e-04
1.6359000000e+09 1.8061600000e-01 -6.2000000000e-05 1.2010000000e-03 2.4000000000e-04 2.4900000000e-04 2.4800000000e-04 2.4400000000e-04 2.3300000000e-04
1.6376000000e+09 1.7999800000e-01 3.0000000000e-06 8.4400000000e-04 6.8000000000e-05 2.7100000000e-04 2.6000000000e-04 2.3500000000e-04 2.5500000000e-04
1.6393000000e+09 1.8063900000e-01 -1.1600000000e-04 9.4500000000e-04 -3.1500000000e-04 2.5600000000e-04 2.5700000000e-04 2.4700000000e-04 2.4000000000e-04
1.6409000000e+09 1.8035100000e-01 -3.7300000000e-04 8.8400000000e-04 3.6100000000e-04 2.4900000000e-04 2.4300000000e-04 2.4800000000e-04 2.2100000000e-04
1.6426000000e+09 1.8029100000e-01 -4.6500000000e-04 6.4800000000e-04 2.0000000000e-06 2.5600000000e-04 2.3900000000e-04 2.5700000000e-04 2.5400000000e-04
1.6443000000e+09 1.8030000000e-01 2.7600000000e-04 4.9600000000e-04 -1.0600000000e-04 2.4200000000e-04 2.6400000000e-04 2.4400000000e-04 2.8300000000e-04
1.6459000000e+09 1.8042900000e-01 -1.3600000000e-04 1.3670000000e-03 -4.2800000000e-04 2.5500000000e-04 2.7200000000e-04 2.4800000000e-04 2.4500000000e-04
1.6476000000e+09 1.7960000000e-01 -2.2100000000e-04 1.3280000000e-03 5.8200000000e-04 2.6500000000e-04 2.6600000000e-04 2.7300000000e-04 2.6300000000e-04
