9.027994384765620232e+08 1.557999999999999923e-03 1.759999999999999954e-04 1.800000000000000113e-04 1.939999999999999993e-04 1.640000000000000019e-04 1.769999999999999926e-04
9.161744384765620232e+08 1.484000000000000076e-03 8.299999999999999815e-05 2.999999999999999737e-04 1.330000000000000073e-04 1.299999999999999886e-04 1.129999999999999955e-04
9.295494384765620232e+08 1.248999999999999893e-03 2.069999999999999900e-04 2.590000000000000071e-04 1.769999999999999926e-04 1.540000000000000028e-04 1.299999999999999886e-04
9.562994384765620232e+08 1.683000000000000034e-03 8.299999999999999815e-05 -7.399999999999999623e-05 2.550000000000000183e-04 2.400000000000000061e-04 2.239999999999999966e-04
9.696744384765620232e+08 1.216999999999999983e-03 -4.699999999999999724e-05 -1.759999999999999954e-04 1.230000000000000082e-04 1.100000000000000039e-04 1.119999999999999983e-04
9.830494384765620232e+08 1.363000000000000062e-03 7.799999999999999859e-05 -1.649999999999999991e-04 1.179999999999999951e-04 1.129999999999999955e-04 1.019999999999999992e-04
9.964244384765620232e+08 1.379999999999999933e-03 1.069999999999999988e-04 -1.500000000000000038e-05 1.150000000000000035e-04 1.090000000000000067e-04 1.140000000000000063e-04
1.009799438476559997e+09 1.317000000000000028e-03 2.310000000000000042e-04 -3.699999999999999811e-05 1.160000000000000007e-04 1.140000000000000063e-04 1.119999999999999983e-04
1.023174438476559997e+09 1.203999999999999992e-03 8.600000000000000331e-05 1.259999999999999998e-04 1.269999999999999970e-04 1.129999999999999955e-04 1.010000000000000020e-04
1.036549438476559997e+09 9.749999999999999552e-04 -6.000000000000000152e-06 0.000000000000000000e+00 1.289999999999999914e-04 1.100000000000000039e-04 1.150000000000000035e-04
1.049924438476559997e+09 1.080000000000000014e-03 1.299999999999999886e-04 1.320000000000000101e-04 1.140000000000000063e-04 1.029999999999999964e-04 1.100000000000000039e-04
1.063299438476559997e+09 1.103999999999999947e-03 -3.399999999999999973e-05 -5.599999999999999916e-05 1.119999999999999983e-04 1.079999999999999960e-04 1.010000000000000020e-04
1.076674438476560116e+09 8.959999999999999866e-04 6.999999999999999895e-06 7.799999999999999859e-05 1.090000000000000067e-04 9.399999999999999448e-05 9.500000000000000523e-05
1.090049438476560116e+09 8.429999999999999993e-04 2.169999999999999891e-04 -2.590000000000000071e-04 1.569999999999999944e-04 1.410000000000000120e-04 1.510000000000000112e-04
1.103424438476560116e+09 1.008999999999999914e-03 1.169999999999999979e-04 8.000000000000000654e-05 1.029999999999999964e-04 9.600000000000000243e-05 1.019999999999999992e-04
1.116799438476560116e+09 8.530000000000000256e-04 1.479999999999999925e-04 1.589999999999999888e-04 1.060000000000000016e-04 9.200000000000000007e-05 9.899999999999999404e-05
1.130174438476560116e+09 9.730000000000000151e-04 -2.900000000000000017e-05 3.600000000000000227e-04 1.100000000000000039e-04 1.050000000000000044e-04 9.299999999999999727e-05
1.143549438476560116e+09 1.108999999999999960e-03 8.200000000000000095e-05 1.489999999999999897e-04 1.340000000000000045e-04 1.029999999999999964e-04 1.110000000000000011e-04
1.156924438476560116e+09 7.820000000000000345e-04 3.260000000000000094e-04 1.169999999999999979e-04 1.219999999999999974e-04 1.039999999999999936e-04 1.060000000000000016e-04
1.183674438476560116e+09 7.770000000000000214e-04 4.399999999999999886e-05 9.200000000000000007e-05 1.669999999999999935e-04 1.469999999999999953e-04 1.689999999999999879e-04
1.197049438476560116e+09 8.440000000000000236e-04 -9.000000000000000567e-05 -7.299999999999999903e-05 1.369999999999999961e-04 1.259999999999999998e-04 1.210000000000000002e-04
1.210424438476560116e+09 7.169999999999999724e-04 2.359999999999999902e-04 1.969999999999999909e-04 2.579999999999999828e-04 1.779999999999999898e-04 2.039999999999999984e-04
1.223799438476560116e+09 1.103000000000000031e-03 5.199999999999999680e-05 3.209999999999999963e-04 1.759999999999999954e-04 1.610000000000000103e-04 1.550000000000000000e-04
1.237174438476560116e+09 7.699999999999999597e-04 7.799999999999999859e-05 1.169999999999999979e-04 1.320000000000000101e-04 1.119999999999999983e-04 1.029999999999999964e-04
1.250549438476560116e+09 9.529999999999999626e-04 2.509999999999999753e-04 -4.300000000000000165e-05 1.140000000000000063e-04 1.039999999999999936e-04 1.019999999999999992e-04
1.263924438476560116e+09 6.329999999999999906e-04 -6.000000000000000152e-05 1.810000000000000085e-04 1.910000000000000077e-04 1.779999999999999898e-04 1.959999999999999937e-04
1.277299438476560116e+09 8.339999999999999974e-04 -2.469999999999999865e-04 2.900000000000000017e-04 2.539999999999999940e-04 2.149999999999999947e-04 1.959999999999999937e-04
1.290674438476560116e+09 7.780000000000000457e-04 -2.750000000000000166e-04 -4.049999999999999781e-04 1.450000000000000009e-04 1.430000000000000064e-04 1.510000000000000112e-04
1.304049438476560116e+09 8.630000000000000518e-04 1.669999999999999935e-04 6.499999999999999431e-05 9.899999999999999404e-05 8.799999999999999771e-05 9.100000000000000287e-05
1.317424438476560116e+09 8.729999999999999696e-04 2.229999999999999994e-04 2.000000000000000164e-05 9.500000000000000523e-05 9.500000000000000523e-05 9.399999999999999448e-05
1.330799438476560116e+09 9.380000000000000317e-04 -7.299999999999999903e-05 -1.520000000000000084e-04 9.399999999999999448e-05 8.500000000000000611e-05 8.899999999999999491e-05
1.344174438476560116e+09 9.940000000000000918e-04 6.899999999999999667e-05 -1.979999999999999881e-04 8.700000000000000051e-05 8.399999999999999535e-05 8.600000000000000331e-05
1.357549438476560116e+09 9.460000000000000093e-04 6.499999999999999431e-05 -3.000000000000000076e-06 8.500000000000000611e-05 8.100000000000000375e-05 8.600000000000000331e-05
1.370924438476560116e+09 6.999999999999999929e-04 1.179999999999999951e-04 7.100000000000000462e-05 8.799999999999999771e-05 8.500000000000000611e-05 8.000000000000000654e-05
1.384299438476560116e+09 9.479999999999999495e-04 2.369999999999999874e-04 9.699999999999999963e-05 8.500000000000000611e-05 8.600000000000000331e-05 8.299999999999999815e-05
1.397674438476560116e+09 7.720000000000000083e-04 -7.399999999999999623e-05 -9.899999999999999404e-05 8.799999999999999771e-05 8.200000000000000095e-05 8.200000000000000095e-05
1.411049438476560116e+09 9.259999999999999568e-04 5.000000000000000240e-05 -1.100000000000000039e-04 9.299999999999999727e-05 8.399999999999999535e-05 8.399999999999999535e-05
1.424424438476560116e+09 7.649999999999999465e-04 -4.699999999999999724e-05 9.500000000000000523e-05 1.100000000000000039e-04 1.069999999999999988e-04 1.169999999999999979e-04
1.437799438476560116e+09 9.790000000000000525e-04 2.390000000000000089e-04 -4.600000000000000004e-05 8.299999999999999815e-05 8.500000000000000611e-05 8.700000000000000051e-05
1.451174438476560116e+09 7.889999999999999878e-04 1.450000000000000009e-04 -2.900000000000000017e-05 8.899999999999999491e-05 8.799999999999999771e-05 8.200000000000000095e-05
1.464549438476560116e+09 8.589999999999999546e-04 -3.000000000000000076e-06 -1.039999999999999936e-04 9.799999999999999684e-05 7.899999999999999579e-05 8.200000000000000095e-05
1.477924438476560116e+09 9.070000000000000371e-04 -1.399999999999999979e-05 -9.999999999999999547e-07 8.600000000000000331e-05 9.600000000000000243e-05 8.500000000000000611e-05
1.491299438476560116e+09 9.610000000000000486e-04 7.899999999999999579e-05 -9.200000000000000007e-05 8.299999999999999815e-05 8.700000000000000051e-05 8.500000000000000611e-05
1.504674438476560116e+09 7.739999999999999485e-04 -3.399999999999999973e-05 1.099999999999999971e-05 1.000000000000000048e-04 9.799999999999999684e-05 9.600000000000000243e-05
1.518049438476560116e+09 8.989999999999999511e-04 6.099999999999999872e-05 -4.500000000000000283e-05 1.299999999999999886e-04 1.230000000000000082e-04 1.190000000000000058e-04
1.544799438476560116e+09 5.760000000000000146e-04 2.290000000000000098e-04 -3.869999999999999742e-04 2.649999999999999903e-04 2.620000000000000258e-04 2.329999999999999986e-04
1.558174438476560116e+09 5.469999999999999602e-04 2.249999999999999938e-04 3.399999999999999973e-05 1.930000000000000021e-04 1.610000000000000103e-04 1.769999999999999926e-04
1.571549438476560116e+09 9.070000000000000371e-04 1.090000000000000067e-04 3.339999999999999870e-04 1.869999999999999917e-04 1.689999999999999879e-04 1.759999999999999954e-04
1.584924438476560116e+09 9.810000000000001011e-04 2.249999999999999938e-04 3.080000000000000055e-04 1.559999999999999972e-04 1.469999999999999953e-04 1.469999999999999953e-04
1.598299438476560116e+09 8.120000000000000048e-04 -5.000000000000000240e-05 2.000000000000000096e-04 1.320000000000000101e-04 1.299999999999999886e-04 1.289999999999999914e-04
1.611674438476560116e+09 7.749999999999999728e-04 9.000000000000000567e-05 -3.699999999999999811e-05 9.200000000000000007e-05 9.699999999999999963e-05 9.799999999999999684e-05
1.625049438476560116e+09 8.369999999999999619e-04 1.410000000000000120e-04 2.449999999999999921e-04 1.610000000000000103e-04 1.559999999999999972e-04 1.410000000000000120e-04
1.638424438476560116e+09 6.689999999999999983e-04 1.699999999999999987e-05 9.999999999999999547e-07 9.899999999999999404e-05 9.200000000000000007e-05 8.700000000000000051e-05
1.651799438476560116e+09 7.010000000000000172e-04 4.350000000000000026e-04 -8.200000000000000095e-05 1.840000000000000001e-04 1.900000000000000105e-04 1.740000000000000010e-04
