9.044713134765620232e+08 2.147100000000000050e-02 2.599999999999999840e-05 -2.829999999999999942e-04 2.750000000000000166e-04 2.280000000000000126e-04 2.590000000000000071e-04
9.078150634765620232e+08 2.182900000000000118e-02 8.700000000000000051e-05 -1.900000000000000105e-05 2.829999999999999942e-04 2.390000000000000089e-04 2.359999999999999902e-04
9.111588134765620232e+08 2.154999999999999971e-02 3.029999999999999924e-04 -2.599999999999999840e-05 2.629999999999999959e-04 2.220000000000000022e-04 2.730000000000000222e-04
9.145025634765620232e+08 2.167200000000000029e-02 3.170000000000000075e-04 -5.649999999999999641e-04 2.579999999999999828e-04 2.229999999999999994e-04 2.480000000000000108e-04
9.178463134765620232e+08 2.128599999999999937e-02 -9.000000000000000567e-05 -2.689999999999999791e-04 2.860000000000000129e-04 2.269999999999999882e-04 2.320000000000000014e-04
9.211900634765620232e+08 2.176900000000000016e-02 -2.640000000000000202e-04 -1.749999999999999982e-04 2.719999999999999979e-04 2.380000000000000117e-04 2.280000000000000126e-04
9.245338134765620232e+08 2.205800000000000122e-02 -1.679999999999999907e-04 -2.910000000000000260e-04 2.829999999999999942e-04 2.300000000000000070e-04 2.390000000000000089e-04
9.278775634765620232e+08 2.120800000000000116e-02 1.160000000000000007e-04 -7.519999999999999558e-04 2.759999999999999867e-04 2.530000000000000239e-04 2.599999999999999772e-04
9.312213134765620232e+08 2.179800000000000140e-02 -2.869999999999999830e-04 -2.410000000000000033e-04 2.599999999999999772e-04 2.310000000000000042e-04 2.210000000000000050e-04
9.512838134765620232e+08 2.167099999999999929e-02 5.100000000000000366e-04 -4.290000000000000193e-04 2.790000000000000054e-04 2.280000000000000126e-04 2.220000000000000022e-04
9.546275634765620232e+08 2.119700000000000056e-02 6.059999999999999849e-04 -6.449999999999999570e-04 2.930000000000000204e-04 2.530000000000000239e-04 2.559999999999999884e-04
9.579713134765620232e+08 2.111100000000000129e-02 1.069999999999999988e-04 -4.749999999999999990e-04 2.999999999999999737e-04 2.610000000000000015e-04 2.770000000000000110e-04
9.646588134765620232e+08 2.105800000000000033e-02 7.499999999999999343e-05 -2.900000000000000017e-05 2.390000000000000089e-04 2.290000000000000098e-04 2.169999999999999891e-04
9.680025634765620232e+08 2.089399999999999938e-02 5.519999999999999733e-04 -3.229999999999999907e-04 2.339999999999999958e-04 2.039999999999999984e-04 2.200000000000000078e-04
9.713463134765620232e+08 2.088100000000000026e-02 2.339999999999999958e-04 -4.440000000000000045e-04 2.210000000000000050e-04 2.149999999999999947e-04 2.229999999999999994e-04
9.746900634765620232e+08 2.111199999999999882e-02 3.930000000000000117e-04 -1.259999999999999998e-04 2.579999999999999828e-04 1.859999999999999945e-04 2.159999999999999919e-04
9.780338134765620232e+08 2.116200000000000025e-02 5.919999999999999698e-04 -3.449999999999999833e-04 2.169999999999999891e-04 2.000000000000000096e-04 2.200000000000000078e-04
9.813775634765620232e+08 2.110400000000000123e-02 -1.820000000000000057e-04 -1.350000000000000017e-04 2.200000000000000078e-04 2.000000000000000096e-04 2.280000000000000126e-04
9.847213134765620232e+08 2.137700000000000017e-02 2.840000000000000185e-04 5.599999999999999916e-05 2.349999999999999930e-04 2.049999999999999956e-04 2.180000000000000134e-04
9.880650634765620232e+08 2.109700000000000117e-02 1.599999999999999928e-05 -2.759999999999999867e-04 2.280000000000000126e-04 2.249999999999999938e-04 2.049999999999999956e-04
9.914088134765620232e+08 2.051899999999999905e-02 -1.800000000000000046e-05 -5.959999999999999586e-04 2.190000000000000106e-04 2.139999999999999975e-04 2.200000000000000078e-04
9.947525634765620232e+08 2.097900000000000112e-02 2.610000000000000015e-04 -3.209999999999999963e-04 2.259999999999999910e-04 2.220000000000000022e-04 2.030000000000000012e-04
9.980963134765620232e+08 2.058600000000000013e-02 4.600000000000000004e-05 -5.150000000000000498e-04 2.290000000000000098e-04 2.010000000000000068e-04 2.110000000000000059e-04
1.001440063476559997e+09 2.056200000000000042e-02 -1.679999999999999907e-04 -2.500000000000000052e-04 1.949999999999999965e-04 1.990000000000000124e-04 2.269999999999999882e-04
1.004783813476559997e+09 2.073499999999999996e-02 -1.379999999999999933e-04 -2.689999999999999791e-04 2.229999999999999994e-04 1.959999999999999937e-04 2.010000000000000068e-04
1.008127563476559997e+09 2.046999999999999861e-02 1.440000000000000036e-04 -1.550000000000000000e-04 2.329999999999999986e-04 2.290000000000000098e-04 2.159999999999999919e-04
1.011471313476559997e+09 2.046299999999999855e-02 1.310000000000000129e-04 -5.090000000000000123e-04 2.290000000000000098e-04 2.139999999999999975e-04 2.110000000000000059e-04
1.014815063476559997e+09 2.032199999999999979e-02 -3.739999999999999835e-04 1.879999999999999890e-04 2.339999999999999958e-04 1.930000000000000021e-04 2.180000000000000134e-04
1.018158813476559997e+09 2.036699999999999969e-02 4.600000000000000004e-05 -9.899999999999999404e-05 2.180000000000000134e-04 2.069999999999999900e-04 2.010000000000000068e-04
1.024846313476559997e+09 2.065399999999999875e-02 2.000000000000000096e-04 -3.600000000000000227e-04 2.229999999999999994e-04 1.969999999999999909e-04 2.249999999999999938e-04
1.028190063476559997e+09 2.051400000000000098e-02 -4.500000000000000283e-05 -3.139999999999999888e-04 2.719999999999999979e-04 2.269999999999999882e-04 2.169999999999999891e-04
1.031533813476559997e+09 2.026499999999999829e-02 2.680000000000000090e-04 -4.629999999999999784e-04 2.759999999999999867e-04 2.400000000000000061e-04 2.480000000000000108e-04
1.034877563476559997e+09 2.020200000000000121e-02 2.979999999999999793e-04 -1.469999999999999953e-04 2.120000000000000031e-04 2.079999999999999872e-04 1.830000000000000029e-04
1.038221313476559997e+09 2.030500000000000013e-02 4.070000000000000267e-04 -5.060000000000000478e-04 2.180000000000000134e-04 2.049999999999999956e-04 2.059999999999999928e-04
1.041565063476559997e+09 1.997099999999999917e-02 5.700000000000000314e-05 -3.699999999999999947e-04 2.500000000000000052e-04 2.329999999999999986e-04 2.049999999999999956e-04
1.044908813476559997e+09 2.009599999999999928e-02 -4.899999999999999842e-05 -2.139999999999999975e-04 2.229999999999999994e-04 2.039999999999999984e-04 2.069999999999999900e-04
1.048252563476559997e+09 2.012900000000000106e-02 -3.899999999999999929e-05 -6.909999999999999910e-04 2.359999999999999902e-04 2.339999999999999958e-04 2.049999999999999956e-04
1.051596313476559997e+09 2.033300000000000038e-02 1.859999999999999945e-04 -2.460000000000000164e-04 2.220000000000000022e-04 1.969999999999999909e-04 2.079999999999999872e-04
1.054940063476559997e+09 2.004900000000000085e-02 -7.399999999999999623e-05 -3.589999999999999984e-04 2.249999999999999938e-04 2.000000000000000096e-04 1.979999999999999881e-04
1.061627563476559997e+09 2.010899999999999840e-02 1.140000000000000063e-04 -1.310000000000000129e-04 2.010000000000000068e-04 2.079999999999999872e-04 2.229999999999999994e-04
1.064971313476559997e+09 1.976699999999999985e-02 -2.400000000000000061e-05 -5.649999999999999641e-04 2.310000000000000042e-04 2.159999999999999919e-04 2.180000000000000134e-04
1.068315063476559997e+09 1.991499999999999868e-02 3.009999999999999980e-04 -5.599999999999999916e-05 2.139999999999999975e-04 1.959999999999999937e-04 2.180000000000000134e-04
1.071658813476559997e+09 1.970099999999999976e-02 6.000000000000000152e-06 -2.249999999999999938e-04 2.190000000000000106e-04 2.000000000000000096e-04 2.059999999999999928e-04
1.075002563476560116e+09 1.948300000000000032e-02 -8.799999999999999771e-05 5.500000000000000196e-05 2.030000000000000012e-04 2.130000000000000003e-04 2.210000000000000050e-04
1.078346313476560116e+09 1.963099999999999914e-02 2.259999999999999910e-04 -2.020000000000000040e-04 2.069999999999999900e-04 1.920000000000000049e-04 1.990000000000000124e-04
1.081690063476560116e+09 1.982300000000000034e-02 -2.480000000000000108e-04 -4.399999999999999886e-05 2.039999999999999984e-04 2.049999999999999956e-04 2.059999999999999928e-04
1.085033813476560116e+09 1.945900000000000060e-02 4.009999999999999893e-04 -5.609999999999999752e-04 2.249999999999999938e-04 2.180000000000000134e-04 2.039999999999999984e-04
1.095065063476560116e+09 1.949800000000000144e-02 6.399999999999999710e-05 -1.949999999999999965e-04 2.149999999999999947e-04 2.039999999999999984e-04 1.890000000000000133e-04
1.098408813476560116e+09 1.940599999999999964e-02 3.399999999999999973e-05 -4.290000000000000193e-04 2.169999999999999891e-04 1.990000000000000124e-04 2.100000000000000087e-04
1.101752563476560116e+09 1.929000000000000159e-02 3.469999999999999777e-04 -2.239999999999999966e-04 2.369999999999999874e-04 2.210000000000000050e-04 2.149999999999999947e-04
1.105096313476560116e+09 1.951800000000000063e-02 -9.000000000000000228e-06 5.899999999999999754e-05 2.190000000000000106e-04 1.930000000000000021e-04 1.720000000000000066e-04
1.108440063476560116e+09 1.949499999999999844e-02 -9.899999999999999404e-05 1.710000000000000094e-04 2.320000000000000014e-04 2.139999999999999975e-04 2.300000000000000070e-04
1.111783813476560116e+09 1.890899999999999873e-02 5.800000000000000034e-05 -2.829999999999999942e-04 2.229999999999999994e-04 2.100000000000000087e-04 1.930000000000000021e-04
1.115127563476560116e+09 1.939199999999999952e-02 4.290000000000000193e-04 -5.919999999999999698e-04 2.130000000000000003e-04 1.830000000000000029e-04 1.879999999999999890e-04
1.118471313476560116e+09 1.932199999999999890e-02 3.029999999999999924e-04 -1.140000000000000063e-04 1.849999999999999973e-04 2.030000000000000012e-04 1.990000000000000124e-04
1.121815063476560116e+09 1.972099999999999895e-02 -1.250000000000000026e-04 -2.300000000000000070e-04 2.020000000000000040e-04 1.930000000000000021e-04 1.849999999999999973e-04
1.125158813476560116e+09 1.931199999999999931e-02 1.669999999999999935e-04 -2.000000000000000096e-04 1.859999999999999945e-04 1.810000000000000085e-04 1.930000000000000021e-04
1.128502563476560116e+09 1.872300000000000006e-02 3.119999999999999944e-04 -2.500000000000000052e-04 2.010000000000000068e-04 2.010000000000000068e-04 1.879999999999999890e-04
1.131846313476560116e+09 1.887000000000000136e-02 1.110000000000000011e-04 -2.629999999999999959e-04 2.090000000000000115e-04 1.910000000000000077e-04 1.820000000000000057e-04
1.135190063476560116e+09 1.844900000000000012e-02 3.420000000000000188e-04 -4.319999999999999838e-04 2.970000000000000092e-04 2.669999999999999847e-04 2.599999999999999772e-04
1.138533813476560116e+09 1.896400000000000169e-02 3.800000000000000209e-05 -4.220000000000000118e-04 2.169999999999999891e-04 2.300000000000000070e-04 2.030000000000000012e-04
1.141877563476560116e+09 1.886600000000000082e-02 -1.200000000000000030e-05 -3.690000000000000246e-04 2.239999999999999966e-04 2.100000000000000087e-04 2.079999999999999872e-04
1.145221313476560116e+09 1.885999999999999829e-02 3.110000000000000243e-04 -2.640000000000000202e-04 2.429999999999999977e-04 1.969999999999999909e-04 2.039999999999999984e-04
1.155252563476560116e+09 1.899299999999999947e-02 1.699999999999999987e-05 -3.209999999999999963e-04 2.030000000000000012e-04 1.890000000000000133e-04 1.879999999999999890e-04
1.158596313476560116e+09 1.911500000000000005e-02 -3.089999999999999756e-04 -2.860000000000000129e-04 2.010000000000000068e-04 1.939999999999999993e-04 1.849999999999999973e-04
1.161940063476560116e+09 1.841900000000000134e-02 3.809999999999999910e-04 -1.759999999999999954e-04 2.210000000000000050e-04 2.020000000000000040e-04 1.930000000000000021e-04
1.165283813476560116e+09 1.847800000000000137e-02 -8.500000000000000611e-05 -4.130000000000000099e-04 1.930000000000000021e-04 1.939999999999999993e-04 2.000000000000000096e-04
1.168627563476560116e+09 1.878200000000000008e-02 5.360000000000000181e-04 -6.139999999999999625e-04 2.900000000000000017e-04 2.620000000000000258e-04 2.689999999999999791e-04
1.185346313476560116e+09 1.880700000000000080e-02 -2.410000000000000033e-04 -5.760000000000000146e-04 2.329999999999999986e-04 2.090000000000000115e-04 1.990000000000000124e-04
1.188690063476560116e+09 1.862799999999999873e-02 4.299999999999999894e-04 -2.010000000000000068e-04 1.930000000000000021e-04 2.159999999999999919e-04 1.969999999999999909e-04
1.195377563476560116e+09 1.861900000000000013e-02 -5.000000000000000409e-06 -4.249999999999999763e-04 2.069999999999999900e-04 1.869999999999999917e-04 1.969999999999999909e-04
1.198721313476560116e+09 1.865500000000000144e-02 1.230000000000000082e-04 -4.240000000000000062e-04 2.059999999999999928e-04 1.930000000000000021e-04 2.120000000000000031e-04
1.212096313476560116e+09 1.771999999999999964e-02 -3.899999999999999929e-05 -1.730000000000000038e-04 3.110000000000000243e-04 2.970000000000000092e-04 2.579999999999999828e-04
1.215440063476560116e+09 1.864000000000000032e-02 2.460000000000000164e-04 -1.759999999999999954e-04 1.920000000000000049e-04 1.969999999999999909e-04 1.890000000000000133e-04
1.218783813476560116e+09 1.867600000000000163e-02 7.110000000000000434e-04 2.300000000000000002e-05 1.949999999999999965e-04 2.120000000000000031e-04 1.949999999999999965e-04
1.235502563476560116e+09 1.762800000000000131e-02 9.000000000000000567e-05 -4.290000000000000193e-04 2.190000000000000106e-04 1.859999999999999945e-04 2.039999999999999984e-04
1.238846313476560116e+09 1.844499999999999959e-02 5.899999999999999754e-05 -5.079999999999999880e-04 1.930000000000000021e-04 1.879999999999999890e-04 1.900000000000000105e-04
1.242190063476560116e+09 1.830199999999999882e-02 1.630000000000000047e-04 -3.660000000000000059e-04 2.130000000000000003e-04 2.049999999999999956e-04 2.010000000000000068e-04
1.255565063476560116e+09 1.758300000000000141e-02 3.200000000000000262e-04 -4.009999999999999893e-04 2.030000000000000012e-04 1.990000000000000124e-04 1.820000000000000057e-04
1.258908813476560116e+09 1.799100000000000005e-02 4.169999999999999987e-04 5.899999999999999754e-05 1.910000000000000077e-04 1.910000000000000077e-04 1.990000000000000124e-04
1.282315063476560116e+09 1.711400000000000074e-02 5.199999999999999680e-05 -1.810000000000000085e-04 2.439999999999999949e-04 2.159999999999999919e-04 2.359999999999999902e-04
1.285658813476560116e+09 1.796700000000000033e-02 6.399999999999999710e-05 1.749999999999999982e-04 2.460000000000000164e-04 2.130000000000000003e-04 2.349999999999999930e-04
1.292346313476560116e+09 1.743899999999999964e-02 -6.000000000000000152e-06 -3.150000000000000131e-04 2.400000000000000061e-04 2.169999999999999891e-04 2.300000000000000070e-04
1.295690063476560116e+09 1.732099999999999959e-02 1.689999999999999879e-04 -3.640000000000000115e-04 1.840000000000000001e-04 1.659999999999999963e-04 1.800000000000000113e-04
1.299033813476560116e+09 1.765299999999999855e-02 3.510000000000000208e-04 -2.180000000000000134e-04 1.849999999999999973e-04 1.720000000000000066e-04 1.959999999999999937e-04
1.302377563476560116e+09 1.737400000000000055e-02 -8.100000000000000375e-05 -8.299999999999999815e-05 1.700000000000000122e-04 1.700000000000000122e-04 1.600000000000000131e-04
1.305721313476560116e+09 1.768899999999999986e-02 5.000000000000000240e-05 -6.109999999999999980e-04 1.649999999999999991e-04 1.589999999999999888e-04 1.640000000000000019e-04
1.309065063476560116e+09 1.766500000000000015e-02 3.579999999999999741e-04 -3.730000000000000134e-04 1.530000000000000056e-04 1.759999999999999954e-04 1.669999999999999935e-04
1.312408813476560116e+09 1.736499999999999849e-02 1.720000000000000066e-04 -4.499999999999999877e-04 1.800000000000000113e-04 1.720000000000000066e-04 1.749999999999999982e-04
1.319096313476560116e+09 1.723600000000000132e-02 5.899999999999999754e-05 -7.299999999999999903e-05 1.689999999999999879e-04 1.600000000000000131e-04 1.640000000000000019e-04
1.322440063476560116e+09 1.728700000000000028e-02 2.519999999999999996e-04 -3.009999999999999980e-04 1.710000000000000094e-04 1.640000000000000019e-04 1.630000000000000047e-04
1.325783813476560116e+09 1.730800000000000047e-02 4.159999999999999744e-04 -3.000000000000000076e-05 1.759999999999999954e-04 1.720000000000000066e-04 1.730000000000000038e-04
1.329127563476560116e+09 1.746400000000000036e-02 1.500000000000000038e-05 -7.739999999999999485e-04 1.769999999999999926e-04 1.689999999999999879e-04 1.759999999999999954e-04
1.332471313476560116e+09 1.718300000000000036e-02 3.860000000000000041e-04 -1.569999999999999944e-04 1.789999999999999870e-04 1.679999999999999907e-04 1.589999999999999888e-04
1.335815063476560116e+09 1.684400000000000133e-02 3.530000000000000152e-04 -2.719999999999999979e-04 1.659999999999999963e-04 1.820000000000000057e-04 1.630000000000000047e-04
1.339158813476560116e+09 1.706900000000000084e-02 1.200000000000000030e-05 -1.599999999999999928e-05 1.789999999999999870e-04 1.759999999999999954e-04 1.659999999999999963e-04
1.342502563476560116e+09 1.722699999999999926e-02 3.499999999999999693e-05 -1.550000000000000000e-04 1.610000000000000103e-04 1.689999999999999879e-04 1.550000000000000000e-04
1.345846313476560116e+09 1.717300000000000076e-02 8.799999999999999771e-05 -5.500000000000000196e-05 1.659999999999999963e-04 1.600000000000000131e-04 1.569999999999999944e-04
1.349190063476560116e+09 1.724600000000000091e-02 1.949999999999999965e-04 -2.750000000000000166e-04 1.730000000000000038e-04 1.720000000000000066e-04 1.730000000000000038e-04
1.352533813476560116e+09 1.716700000000000170e-02 2.320000000000000014e-04 -2.480000000000000108e-04 1.589999999999999888e-04 1.700000000000000122e-04 1.700000000000000122e-04
1.355877563476560116e+09 1.689200000000000076e-02 4.229999999999999819e-04 1.299999999999999886e-04 1.849999999999999973e-04 1.830000000000000029e-04 1.620000000000000075e-04
1.359221313476560116e+09 1.729100000000000081e-02 3.069999999999999812e-04 -1.259999999999999998e-04 1.749999999999999982e-04 1.720000000000000066e-04 1.679999999999999907e-04
1.362565063476560116e+09 1.709799999999999862e-02 2.210000000000000050e-04 -2.699999999999999899e-05 1.640000000000000019e-04 1.640000000000000019e-04 1.810000000000000085e-04
1.365908813476560116e+09 1.719700000000000048e-02 3.899999999999999929e-05 -3.699999999999999947e-04 1.669999999999999935e-04 1.589999999999999888e-04 1.540000000000000028e-04
1.369252563476560116e+09 1.689900000000000083e-02 6.299999999999999990e-05 -1.550000000000000000e-04 1.689999999999999879e-04 1.630000000000000047e-04 1.530000000000000056e-04
1.372596313476560116e+09 1.689999999999999836e-02 2.919999999999999961e-04 -2.750000000000000166e-04 1.720000000000000066e-04 1.689999999999999879e-04 1.559999999999999972e-04
1.375940063476560116e+09 1.679299999999999890e-02 1.000000000000000082e-05 -2.900000000000000017e-04 1.720000000000000066e-04 1.769999999999999926e-04 1.759999999999999954e-04
1.379283813476560116e+09 1.688900000000000123e-02 2.519999999999999996e-04 1.259999999999999998e-04 1.749999999999999982e-04 1.679999999999999907e-04 1.569999999999999944e-04
1.382627563476560116e+09 1.683499999999999927e-02 5.300000000000000078e-05 -1.540000000000000028e-04 1.689999999999999879e-04 1.579999999999999916e-04 1.689999999999999879e-04
1.385971313476560116e+09 1.680200000000000096e-02 1.499999999999999869e-04 -3.319999999999999926e-04 1.669999999999999935e-04 1.649999999999999991e-04 1.659999999999999963e-04
1.389315063476560116e+09 1.677000000000000018e-02 7.799999999999999859e-05 -2.590000000000000071e-04 1.700000000000000122e-04 1.510000000000000112e-04 1.600000000000000131e-04
1.392658813476560116e+09 1.691700000000000148e-02 2.380000000000000117e-04 4.000000000000000327e-05 1.720000000000000066e-04 1.769999999999999926e-04 1.589999999999999888e-04
1.396002563476560116e+09 1.683899999999999980e-02 7.100000000000000462e-05 -1.379999999999999933e-04 1.630000000000000047e-04 1.579999999999999916e-04 1.600000000000000131e-04
1.399346313476560116e+09 1.696500000000000091e-02 3.260000000000000094e-04 -1.840000000000000001e-04 1.730000000000000038e-04 1.600000000000000131e-04 1.649999999999999991e-04
1.402690063476560116e+09 1.654999999999999874e-02 2.269999999999999882e-04 -1.019999999999999992e-04 1.800000000000000113e-04 1.820000000000000057e-04 1.559999999999999972e-04
1.406033813476560116e+09 1.660299999999999970e-02 2.449999999999999921e-04 -2.620000000000000258e-04 1.759999999999999954e-04 1.589999999999999888e-04 1.669999999999999935e-04
1.409377563476560116e+09 1.665300000000000114e-02 2.700000000000000035e-04 -2.059999999999999928e-04 1.720000000000000066e-04 1.679999999999999907e-04 1.669999999999999935e-04
1.412721313476560116e+09 1.662299999999999889e-02 -1.200000000000000030e-05 -2.709999999999999735e-04 1.649999999999999991e-04 1.689999999999999879e-04 1.689999999999999879e-04
1.416065063476560116e+09 1.636900000000000160e-02 2.649999999999999903e-04 -2.130000000000000003e-04 1.559999999999999972e-04 1.600000000000000131e-04 1.620000000000000075e-04
1.422752563476560116e+09 1.675499999999999906e-02 2.820000000000000241e-04 -8.700000000000000051e-05 2.400000000000000061e-04 2.550000000000000183e-04 2.429999999999999977e-04
1.426096313476560116e+09 1.652299999999999949e-02 5.500000000000000196e-05 -3.089999999999999756e-04 1.600000000000000131e-04 1.659999999999999963e-04 1.600000000000000131e-04
1.429440063476560116e+09 1.677700000000000025e-02 1.979999999999999881e-04 -2.320000000000000014e-04 1.659999999999999963e-04 1.630000000000000047e-04 1.749999999999999982e-04
1.432783813476560116e+09 1.677199999999999872e-02 4.499999999999999877e-04 -1.010000000000000020e-04 1.679999999999999907e-04 1.649999999999999991e-04 1.669999999999999935e-04
1.436127563476560116e+09 1.649899999999999978e-02 5.010000000000000347e-04 -3.300000000000000253e-05 1.630000000000000047e-04 1.550000000000000000e-04 1.669999999999999935e-04
1.439471313476560116e+09 1.630699999999999858e-02 3.490000000000000263e-04 -5.490000000000000088e-04 1.890000000000000133e-04 1.749999999999999982e-04 1.649999999999999991e-04
1.442815063476560116e+09 1.655200000000000074e-02 9.200000000000000007e-05 -3.750000000000000078e-04 1.679999999999999907e-04 1.579999999999999916e-04 1.720000000000000066e-04
1.446158813476560116e+09 1.628100000000000033e-02 2.999999999999999737e-04 -4.629999999999999784e-04 1.749999999999999982e-04 1.700000000000000122e-04 1.589999999999999888e-04
1.449502563476560116e+09 1.658400000000000152e-02 9.500000000000000523e-05 -3.280000000000000038e-04 1.730000000000000038e-04 1.749999999999999982e-04 1.779999999999999898e-04
1.452846313476560116e+09 1.657399999999999846e-02 3.959999999999999762e-04 -3.179999999999999776e-04 1.789999999999999870e-04 1.689999999999999879e-04 1.689999999999999879e-04
1.456190063476560116e+09 1.640300000000000091e-02 1.720000000000000066e-04 -7.200000000000000182e-05 1.689999999999999879e-04 1.720000000000000066e-04 1.640000000000000019e-04
1.459533813476560116e+09 1.620299999999999865e-02 4.060000000000000024e-04 -2.579999999999999828e-04 1.649999999999999991e-04 1.640000000000000019e-04 1.740000000000000010e-04
1.462877563476560116e+09 1.655399999999999927e-02 4.020000000000000136e-04 -2.020000000000000040e-04 1.630000000000000047e-04 1.620000000000000075e-04 1.640000000000000019e-04
1.466221313476560116e+09 1.642199999999999910e-02 3.139999999999999888e-04 -3.370000000000000057e-04 1.830000000000000029e-04 1.610000000000000103e-04 1.510000000000000112e-04
1.469565063476560116e+09 1.640799999999999897e-02 -5.000000000000000240e-05 -4.380000000000000213e-04 1.710000000000000094e-04 1.649999999999999991e-04 1.740000000000000010e-04
1.472908813476560116e+09 1.609100000000000114e-02 9.699999999999999963e-05 -3.589999999999999984e-04 1.669999999999999935e-04 1.689999999999999879e-04 1.700000000000000122e-04
1.476252563476560116e+09 1.628299999999999886e-02 -5.899999999999999754e-05 -1.559999999999999972e-04 1.800000000000000113e-04 1.520000000000000084e-04 1.559999999999999972e-04
1.479596313476560116e+09 1.637999999999999873e-02 1.769999999999999926e-04 -2.669999999999999847e-04 1.720000000000000066e-04 1.620000000000000075e-04 1.710000000000000094e-04
1.482940063476560116e+09 1.624400000000000149e-02 8.100000000000000375e-05 -3.910000000000000172e-04 1.800000000000000113e-04 1.749999999999999982e-04 1.749999999999999982e-04
1.486283813476560116e+09 1.614399999999999863e-02 1.259999999999999998e-04 -3.559999999999999797e-04 1.810000000000000085e-04 1.630000000000000047e-04 1.630000000000000047e-04
1.489627563476560116e+09 1.589700000000000141e-02 4.180000000000000230e-04 -2.570000000000000127e-04 1.700000000000000122e-04 1.700000000000000122e-04 1.740000000000000010e-04
1.492971313476560116e+09 1.584500000000000144e-02 2.500000000000000120e-05 5.199999999999999680e-05 1.589999999999999888e-04 1.700000000000000122e-04 1.669999999999999935e-04
1.496315063476560116e+09 1.601699999999999999e-02 2.730000000000000222e-04 -7.399999999999999623e-05 1.649999999999999991e-04 1.589999999999999888e-04 1.769999999999999926e-04
1.499658813476560116e+09 1.610699999999999979e-02 2.010000000000000068e-04 6.600000000000000506e-05 1.859999999999999945e-04 1.920000000000000049e-04 1.920000000000000049e-04
1.503002563476560116e+09 1.612200000000000091e-02 2.339999999999999958e-04 -2.640000000000000202e-04 1.830000000000000029e-04 2.000000000000000096e-04 1.769999999999999926e-04
1.506346313476560116e+09 1.617299999999999988e-02 1.630000000000000047e-04 -1.679999999999999907e-04 1.820000000000000057e-04 1.730000000000000038e-04 1.820000000000000057e-04
1.509690063476560116e+09 1.610699999999999979e-02 4.060000000000000024e-04 -3.490000000000000263e-04 1.810000000000000085e-04 1.730000000000000038e-04 1.879999999999999890e-04
1.513033813476560116e+09 1.606799999999999895e-02 6.099999999999999872e-05 9.899999999999999404e-05 1.920000000000000049e-04 1.840000000000000001e-04 1.820000000000000057e-04
1.516377563476560116e+09 1.609000000000000014e-02 -2.699999999999999899e-05 -2.880000000000000073e-04 2.400000000000000061e-04 2.269999999999999882e-04 2.320000000000000014e-04
1.523065063476560116e+09 1.593299999999999925e-02 5.220000000000000031e-04 2.590000000000000071e-04 3.510000000000000208e-04 3.809999999999999910e-04 3.350000000000000113e-04
1.533096313476560116e+09 1.537600000000000078e-02 2.000000000000000096e-04 -3.339999999999999870e-04 3.510000000000000208e-04 3.139999999999999888e-04 3.099999999999999999e-04
1.536440063476560116e+09 1.599099999999999827e-02 6.639999999999999852e-04 -4.380000000000000213e-04 3.530000000000000152e-04 3.559999999999999797e-04 3.220000000000000206e-04
1.549815063476560116e+09 1.614900000000000016e-02 7.200000000000000182e-05 -1.930000000000000021e-04 3.570000000000000040e-04 3.150000000000000131e-04 3.130000000000000187e-04
1.553158813476560116e+09 1.611800000000000038e-02 -9.699999999999999963e-05 -1.640000000000000019e-04 2.000000000000000096e-04 1.969999999999999909e-04 1.890000000000000133e-04
1.556502563476560116e+09 1.607400000000000148e-02 2.000000000000000164e-05 -2.049999999999999956e-04 2.130000000000000003e-04 2.239999999999999966e-04 2.180000000000000134e-04
1.563190063476560116e+09 1.630200000000000052e-02 3.860000000000000041e-04 3.199999999999999855e-05 3.130000000000000187e-04 2.759999999999999867e-04 2.979999999999999793e-04
1.566533813476560116e+09 1.566899999999999890e-02 3.179999999999999776e-04 -1.679999999999999907e-04 1.859999999999999945e-04 1.890000000000000133e-04 1.910000000000000077e-04
1.569877563476560116e+09 1.531199999999999922e-02 8.299999999999999815e-05 -5.000000000000000104e-04 2.269999999999999882e-04 2.210000000000000050e-04 2.139999999999999975e-04
1.579908813476560116e+09 1.532900000000000061e-02 9.100000000000000287e-05 -2.620000000000000258e-04 2.599999999999999772e-04 2.359999999999999902e-04 2.220000000000000022e-04
1.583252563476560116e+09 1.577399999999999983e-02 5.689999999999999529e-04 -2.310000000000000042e-04 1.979999999999999881e-04 2.049999999999999956e-04 2.030000000000000012e-04
1.586596313476560116e+09 1.579900000000000054e-02 1.559999999999999972e-04 6.499999999999999431e-05 2.120000000000000031e-04 1.990000000000000124e-04 1.939999999999999993e-04
1.593283813476560116e+09 1.573000000000000093e-02 3.959999999999999762e-04 -1.649999999999999991e-04 2.290000000000000098e-04 2.149999999999999947e-04 2.290000000000000098e-04
1.596627563476560116e+09 1.567699999999999996e-02 -4.100000000000000047e-05 1.869999999999999917e-04 2.169999999999999891e-04 2.100000000000000087e-04 2.110000000000000059e-04
1.599971313476560116e+09 1.526600000000000006e-02 -1.769999999999999926e-04 -3.139999999999999888e-04 2.939999999999999905e-04 2.689999999999999791e-04 2.620000000000000258e-04
1.603315063476560116e+09 1.485700000000000041e-02 4.690000000000000158e-04 -3.890000000000000228e-04 2.820000000000000241e-04 2.570000000000000127e-04 2.550000000000000183e-04
1.606658813476560116e+09 1.547600000000000017e-02 -2.840000000000000185e-04 -5.609999999999999752e-04 2.369999999999999874e-04 2.320000000000000014e-04 2.100000000000000087e-04
1.610002563476560116e+09 1.583400000000000085e-02 3.490000000000000263e-04 -1.399999999999999979e-05 1.920000000000000049e-04 1.849999999999999973e-04 1.789999999999999870e-04
1.613346313476560116e+09 1.562299999999999973e-02 1.530000000000000056e-04 -8.899999999999999491e-05 1.869999999999999917e-04 1.759999999999999954e-04 1.689999999999999879e-04
1.616690063476560116e+09 1.541499999999999988e-02 3.699999999999999947e-04 -4.009999999999999893e-04 2.269999999999999882e-04 2.460000000000000164e-04 2.380000000000000117e-04
1.630065063476560116e+09 1.556399999999999971e-02 8.299999999999999815e-05 -5.739999999999999660e-04 1.749999999999999982e-04 1.740000000000000010e-04 1.740000000000000010e-04
1.633408813476560116e+09 1.529299999999999930e-02 1.420000000000000092e-04 -6.000000000000000152e-05 1.700000000000000122e-04 1.730000000000000038e-04 1.720000000000000066e-04
1.636752563476560116e+09 1.487499999999999933e-02 -4.600000000000000004e-05 -5.349999999999999938e-04 1.820000000000000057e-04 1.830000000000000029e-04 1.820000000000000057e-04
1.640096313476560116e+09 1.489000000000000046e-02 -1.500000000000000038e-05 1.210000000000000002e-04 1.830000000000000029e-04 1.910000000000000077e-04 1.730000000000000038e-04
1.643440063476560116e+09 1.475100000000000022e-02 3.069999999999999812e-04 2.380000000000000117e-04 1.759999999999999954e-04 1.710000000000000094e-04 1.749999999999999982e-04
1.646783813476560116e+09 1.505699999999999920e-02 4.679999999999999915e-04 -1.499999999999999869e-04 1.630000000000000047e-04 1.730000000000000038e-04 1.759999999999999954e-04
