9.011275634765620232e+08 7.283399999999999597e-02 4.090000000000000211e-04 1.019999999999999992e-04 6.890000000000000508e-04 5.739999999999999660e-04 4.989999999999999861e-04
9.044713134765620232e+08 7.339900000000000591e-02 8.959999999999999866e-04 1.610000000000000103e-04 3.899999999999999929e-04 3.060000000000000111e-04 3.330000000000000169e-04
9.078150634765620232e+08 7.255799999999999750e-02 5.680000000000000370e-04 4.090000000000000211e-04 3.559999999999999797e-04 2.959999999999999849e-04 3.460000000000000076e-04
9.111588134765620232e+08 7.343099999999999627e-02 9.740000000000000394e-04 -1.069999999999999988e-04 3.409999999999999945e-04 3.049999999999999868e-04 3.409999999999999945e-04
9.145025634765620232e+08 7.328700000000000492e-02 6.170000000000000354e-04 2.469999999999999865e-04 3.040000000000000167e-04 3.179999999999999776e-04 2.680000000000000090e-04
9.178463134765620232e+08 7.270400000000000473e-02 7.429999999999999539e-04 3.669999999999999760e-04 3.759999999999999779e-04 3.260000000000000094e-04 2.970000000000000092e-04
9.211900634765620232e+08 7.314299999999999968e-02 1.018999999999999941e-03 3.620000000000000171e-04 3.730000000000000134e-04 2.900000000000000017e-04 3.040000000000000167e-04
9.245338134765620232e+08 7.202100000000000168e-02 3.699999999999999947e-04 2.500000000000000120e-05 3.690000000000000246e-04 2.959999999999999849e-04 2.990000000000000036e-04
9.278775634765620232e+08 7.202799999999999481e-02 8.099999999999999561e-04 3.159999999999999832e-04 3.159999999999999832e-04 3.539999999999999853e-04 3.089999999999999756e-04
9.512838134765620232e+08 7.166999999999999760e-02 1.374000000000000004e-03 1.165999999999999936e-03 3.820000000000000153e-04 2.599999999999999772e-04 3.249999999999999851e-04
9.546275634765620232e+08 7.163600000000000523e-02 6.070000000000000092e-04 -2.320000000000000014e-04 3.469999999999999777e-04 3.200000000000000262e-04 3.159999999999999832e-04
9.579713134765620232e+08 7.230399999999999328e-02 7.780000000000000457e-04 9.300000000000000541e-04 4.449999999999999746e-04 4.429999999999999802e-04 4.249999999999999763e-04
9.613150634765620232e+08 7.128400000000000014e-02 5.990000000000000316e-04 -5.500000000000000196e-05 3.460000000000000076e-04 3.150000000000000131e-04 3.249999999999999851e-04
9.646588134765620232e+08 7.146099999999999675e-02 6.819999999999999890e-04 -1.069999999999999988e-04 3.249999999999999851e-04 2.539999999999999940e-04 3.029999999999999924e-04
9.680025634765620232e+08 7.102200000000000180e-02 7.749999999999999728e-04 2.669999999999999847e-04 3.379999999999999758e-04 2.959999999999999849e-04 2.880000000000000073e-04
9.713463134765620232e+08 7.076699999999999657e-02 2.889999999999999774e-04 2.970000000000000092e-04 2.930000000000000204e-04 3.089999999999999756e-04 2.950000000000000148e-04
9.746900634765620232e+08 7.048599999999999310e-02 3.579999999999999741e-04 5.370000000000000424e-04 2.700000000000000035e-04 2.369999999999999874e-04 2.919999999999999961e-04
9.780338134765620232e+08 7.078500000000000070e-02 2.100000000000000087e-04 2.349999999999999930e-04 2.990000000000000036e-04 2.930000000000000204e-04 2.750000000000000166e-04
9.813775634765620232e+08 7.043499999999999761e-02 7.810000000000000102e-04 2.249999999999999938e-04 3.150000000000000131e-04 2.799999999999999755e-04 2.889999999999999774e-04
9.847213134765620232e+08 7.002099999999999991e-02 6.930000000000000396e-04 9.000000000000000567e-05 3.170000000000000075e-04 2.730000000000000222e-04 3.049999999999999868e-04
9.880650634765620232e+08 7.007299999999999640e-02 5.710000000000000015e-04 6.130000000000000466e-04 3.249999999999999851e-04 2.709999999999999735e-04 2.809999999999999998e-04
9.914088134765620232e+08 7.049999999999999323e-02 7.420000000000000380e-04 8.199999999999999824e-04 3.089999999999999756e-04 2.880000000000000073e-04 2.579999999999999828e-04
9.947525634765620232e+08 6.978199999999999681e-02 4.629999999999999784e-04 8.080000000000000160e-04 2.770000000000000110e-04 2.700000000000000035e-04 2.990000000000000036e-04
9.980963134765620232e+08 7.040200000000000624e-02 7.339999999999999520e-04 7.200000000000000453e-04 3.009999999999999980e-04 2.999999999999999737e-04 2.750000000000000166e-04
1.001440063476559997e+09 6.969599999999999407e-02 8.610000000000000032e-04 8.530000000000000256e-04 2.759999999999999867e-04 2.629999999999999959e-04 2.820000000000000241e-04
1.004783813476559997e+09 6.925099999999999312e-02 5.130000000000000011e-04 3.980000000000000248e-04 3.029999999999999924e-04 2.700000000000000035e-04 2.489999999999999809e-04
1.008127563476559997e+09 6.901699999999999502e-02 9.709999999999999664e-04 3.420000000000000188e-04 3.099999999999999999e-04 2.829999999999999942e-04 2.519999999999999996e-04
1.011471313476559997e+09 6.884099999999999941e-02 6.030000000000000204e-04 5.050000000000000235e-04 2.829999999999999942e-04 3.170000000000000075e-04 2.730000000000000222e-04
1.014815063476559997e+09 6.921599999999999975e-02 8.090000000000000403e-04 5.419999999999999471e-04 2.999999999999999737e-04 2.559999999999999884e-04 3.179999999999999776e-04
1.018158813476559997e+09 6.893000000000000516e-02 1.129999999999999928e-03 2.930000000000000204e-04 3.150000000000000131e-04 2.519999999999999996e-04 2.620000000000000258e-04
1.021502563476559997e+09 6.944699999999999485e-02 6.089999999999999494e-04 1.279999999999999942e-04 2.910000000000000260e-04 2.519999999999999996e-04 2.680000000000000090e-04
1.028190063476559997e+09 6.767199999999999604e-02 7.429999999999999539e-04 9.699999999999999963e-05 3.139999999999999888e-04 3.409999999999999945e-04 2.999999999999999737e-04
1.031533813476559997e+09 6.738600000000000145e-02 6.459999999999999814e-04 -5.999999999999999474e-04 3.950000000000000061e-04 3.080000000000000055e-04 3.490000000000000263e-04
1.034877563476559997e+09 6.797799999999999676e-02 6.290000000000000018e-04 5.619999999999999996e-04 2.970000000000000092e-04 2.849999999999999886e-04 2.939999999999999905e-04
1.038221313476559997e+09 6.819300000000000361e-02 2.579999999999999828e-04 -2.280000000000000126e-04 2.829999999999999942e-04 2.889999999999999774e-04 2.519999999999999996e-04
1.041565063476559997e+09 6.745199999999999807e-02 9.139999999999999904e-04 1.359999999999999989e-04 3.330000000000000169e-04 2.709999999999999735e-04 2.860000000000000129e-04
1.044908813476559997e+09 6.760299999999999643e-02 7.550000000000000287e-04 6.019999999999999961e-04 2.860000000000000129e-04 2.599999999999999772e-04 2.449999999999999921e-04
1.048252563476559997e+09 6.782000000000000528e-02 7.770000000000000214e-04 3.690000000000000246e-04 2.719999999999999979e-04 2.519999999999999996e-04 3.009999999999999980e-04
1.051596313476559997e+09 6.726000000000000034e-02 1.043000000000000090e-03 -9.399999999999999448e-05 2.820000000000000241e-04 2.820000000000000241e-04 2.640000000000000202e-04
1.054940063476559997e+09 6.700200000000000600e-02 7.029999999999999574e-04 1.559999999999999972e-04 2.640000000000000202e-04 2.640000000000000202e-04 2.500000000000000052e-04
1.058283813476559997e+09 6.681700000000000139e-02 5.299999999999999807e-04 1.569999999999999944e-04 3.480000000000000020e-04 2.790000000000000054e-04 3.139999999999999888e-04
1.061627563476559997e+09 6.760199999999999543e-02 4.710000000000000102e-04 3.750000000000000078e-04 2.620000000000000258e-04 2.689999999999999791e-04 3.020000000000000223e-04
1.064971313476559997e+09 6.720800000000000385e-02 1.379999999999999933e-03 1.219999999999999974e-04 2.750000000000000166e-04 2.559999999999999884e-04 2.709999999999999735e-04
1.068315063476559997e+09 6.713099999999999623e-02 6.719999999999999628e-04 2.840000000000000185e-04 2.700000000000000035e-04 2.730000000000000222e-04 2.889999999999999774e-04
1.071658813476559997e+09 6.746399999999999619e-02 9.259999999999999568e-04 4.769999999999999934e-04 3.029999999999999924e-04 2.570000000000000127e-04 2.660000000000000146e-04
1.075002563476560116e+09 6.706199999999999661e-02 1.092000000000000089e-03 3.060000000000000111e-04 2.939999999999999905e-04 2.410000000000000033e-04 2.660000000000000146e-04
1.078346313476560116e+09 6.671499999999999653e-02 6.089999999999999494e-04 3.789999999999999966e-04 2.809999999999999998e-04 2.669999999999999847e-04 2.579999999999999828e-04
1.081690063476560116e+09 6.668699999999999628e-02 1.364999999999999894e-03 4.670000000000000214e-04 2.750000000000000166e-04 2.559999999999999884e-04 2.420000000000000005e-04
1.085033813476560116e+09 6.586400000000000587e-02 1.490999999999999921e-03 -5.900000000000000296e-04 3.110000000000000243e-04 2.500000000000000052e-04 2.779999999999999811e-04
1.095065063476560116e+09 6.593400000000000649e-02 1.281999999999999936e-03 -8.500000000000000611e-05 3.179999999999999776e-04 2.570000000000000127e-04 2.970000000000000092e-04
1.098408813476560116e+09 6.594500000000000361e-02 9.560000000000000355e-04 2.590000000000000071e-04 2.369999999999999874e-04 2.959999999999999849e-04 2.380000000000000117e-04
1.101752563476560116e+09 6.530400000000000094e-02 9.650000000000000374e-04 -2.300000000000000002e-05 3.150000000000000131e-04 3.209999999999999963e-04 2.669999999999999847e-04
1.105096313476560116e+09 6.593300000000000549e-02 1.206000000000000041e-03 4.659999999999999971e-04 3.099999999999999999e-04 2.559999999999999884e-04 2.570000000000000127e-04
1.111783813476560116e+09 6.534399999999999931e-02 3.879999999999999985e-04 1.039999999999999936e-04 3.049999999999999868e-04 2.489999999999999809e-04 2.530000000000000239e-04
1.115127563476560116e+09 6.629899999999999682e-02 5.640000000000000482e-04 5.069999999999999637e-04 2.880000000000000073e-04 2.429999999999999977e-04 2.429999999999999977e-04
1.118471313476560116e+09 6.575000000000000289e-02 4.139999999999999800e-04 6.669999999999999497e-04 2.550000000000000183e-04 2.509999999999999753e-04 2.439999999999999949e-04
1.121815063476560116e+09 6.567499999999999727e-02 7.309999999999999875e-04 4.029999999999999837e-04 2.820000000000000241e-04 2.599999999999999772e-04 2.739999999999999923e-04
1.125158813476560116e+09 6.510299999999999421e-02 9.719999999999999907e-04 7.979999999999999897e-04 2.310000000000000042e-04 2.829999999999999942e-04 2.599999999999999772e-04
1.128502563476560116e+09 6.529799999999999494e-02 1.309999999999999967e-03 2.420000000000000005e-04 2.539999999999999940e-04 2.449999999999999921e-04 2.449999999999999921e-04
1.131846313476560116e+09 6.506800000000000084e-02 8.499999999999999526e-04 2.429999999999999977e-04 2.820000000000000241e-04 2.840000000000000185e-04 2.570000000000000127e-04
1.138533813476560116e+09 6.459900000000000364e-02 9.300000000000000541e-04 2.559999999999999884e-04 2.829999999999999942e-04 2.979999999999999793e-04 3.209999999999999963e-04
1.141877563476560116e+09 6.468999999999999750e-02 7.360000000000000006e-04 -8.000000000000000654e-05 2.820000000000000241e-04 2.629999999999999959e-04 2.649999999999999903e-04
1.151908813476560116e+09 6.379700000000000648e-02 5.829999999999999679e-04 7.700000000000000139e-05 2.959999999999999849e-04 2.469999999999999865e-04 2.629999999999999959e-04
1.158596313476560116e+09 6.459499999999999964e-02 7.929999999999999766e-04 7.299999999999999903e-05 2.739999999999999923e-04 2.649999999999999903e-04 2.410000000000000033e-04
1.165283813476560116e+09 6.420599999999999918e-02 7.510000000000000399e-04 7.820000000000000345e-04 3.299999999999999982e-04 2.429999999999999977e-04 2.530000000000000239e-04
1.188690063476560116e+09 6.287700000000000233e-02 7.479999999999999670e-04 1.589999999999999888e-04 2.959999999999999849e-04 2.700000000000000035e-04 3.049999999999999868e-04
1.195377563476560116e+09 6.387800000000000422e-02 5.929999999999999941e-04 -3.000000000000000076e-05 3.049999999999999868e-04 2.530000000000000239e-04 2.919999999999999961e-04
1.215440063476560116e+09 6.322999999999999454e-02 8.000000000000000383e-04 -2.900000000000000017e-04 4.429999999999999802e-04 3.339999999999999870e-04 3.130000000000000187e-04
1.218783813476560116e+09 6.180000000000000077e-02 5.839999999999999922e-04 -1.699999999999999987e-05 4.580000000000000195e-04 3.480000000000000020e-04 3.310000000000000225e-04
1.222127563476560116e+09 6.285999999999999921e-02 6.780000000000000002e-04 1.139000000000000038e-03 3.660000000000000059e-04 3.980000000000000248e-04 3.959999999999999762e-04
1.238846313476560116e+09 6.133500000000000063e-02 1.939999999999999993e-04 3.009999999999999980e-04 3.680000000000000003e-04 3.089999999999999756e-04 3.110000000000000243e-04
1.242190063476560116e+09 6.099000000000000254e-02 6.530000000000000431e-04 -7.399999999999999623e-05 3.159999999999999832e-04 3.190000000000000019e-04 2.610000000000000015e-04
1.255565063476560116e+09 6.086799999999999849e-02 1.097000000000000102e-03 1.131000000000000061e-03 2.410000000000000033e-04 2.500000000000000052e-04 2.449999999999999921e-04
1.258908813476560116e+09 6.208600000000000230e-02 1.113000000000000057e-03 3.910000000000000172e-04 2.799999999999999755e-04 2.429999999999999977e-04 2.660000000000000146e-04
1.285658813476560116e+09 6.092800000000000299e-02 1.759999999999999954e-04 4.500000000000000283e-05 4.070000000000000267e-04 4.270000000000000249e-04 3.649999999999999816e-04
1.299033813476560116e+09 6.162299999999999722e-02 8.030000000000000028e-04 -6.000000000000000152e-05 2.100000000000000087e-04 2.489999999999999809e-04 2.390000000000000089e-04
1.302377563476560116e+09 6.103800000000000198e-02 1.179999999999999951e-04 1.830000000000000029e-04 2.519999999999999996e-04 2.249999999999999938e-04 2.559999999999999884e-04
1.305721313476560116e+09 6.088899999999999868e-02 5.789999999999999791e-04 6.570000000000000319e-04 2.429999999999999977e-04 2.010000000000000068e-04 2.349999999999999930e-04
1.309065063476560116e+09 6.086400000000000143e-02 7.870000000000000476e-04 6.269999999999999532e-04 2.249999999999999938e-04 2.210000000000000050e-04 2.100000000000000087e-04
1.312408813476560116e+09 6.059699999999999809e-02 7.739999999999999485e-04 5.720000000000000258e-04 2.220000000000000022e-04 2.420000000000000005e-04 2.249999999999999938e-04
1.315752563476560116e+09 6.088699999999999668e-02 4.429999999999999802e-04 6.809999999999999647e-04 2.359999999999999902e-04 2.390000000000000089e-04 2.269999999999999882e-04
1.319096313476560116e+09 6.121399999999999758e-02 7.810000000000000102e-04 2.039999999999999984e-04 2.280000000000000126e-04 2.079999999999999872e-04 2.310000000000000042e-04
1.322440063476560116e+09 6.060000000000000109e-02 8.919999999999999978e-04 4.139999999999999800e-04 2.300000000000000070e-04 2.190000000000000106e-04 2.400000000000000061e-04
1.325783813476560116e+09 6.062900000000000234e-02 9.820000000000000170e-04 1.800000000000000046e-05 2.500000000000000052e-04 2.049999999999999956e-04 1.959999999999999937e-04
1.329127563476560116e+09 6.080699999999999994e-02 1.123999999999999999e-03 4.330000000000000081e-04 2.410000000000000033e-04 2.339999999999999958e-04 2.239999999999999966e-04
1.332471313476560116e+09 5.992200000000000304e-02 8.999999999999999754e-04 3.589999999999999984e-04 2.049999999999999956e-04 2.329999999999999986e-04 2.079999999999999872e-04
1.335815063476560116e+09 6.039300000000000224e-02 8.630000000000000518e-04 3.730000000000000134e-04 2.130000000000000003e-04 1.939999999999999993e-04 2.020000000000000040e-04
1.339158813476560116e+09 5.966599999999999682e-02 9.799999999999999684e-04 4.719999999999999803e-04 2.110000000000000059e-04 2.339999999999999958e-04 2.239999999999999966e-04
1.342502563476560116e+09 6.020899999999999863e-02 8.019999999999999785e-04 3.999999999999999819e-06 2.159999999999999919e-04 2.130000000000000003e-04 2.269999999999999882e-04
1.345846313476560116e+09 5.974399999999999850e-02 1.131000000000000061e-03 1.019999999999999992e-04 2.030000000000000012e-04 1.910000000000000077e-04 2.110000000000000059e-04
1.349190063476560116e+09 6.022799999999999682e-02 9.719999999999999907e-04 5.569999999999999864e-04 2.169999999999999891e-04 2.290000000000000098e-04 2.139999999999999975e-04
1.352533813476560116e+09 5.974800000000000250e-02 9.049999999999999885e-04 -2.110000000000000059e-04 2.149999999999999947e-04 2.110000000000000059e-04 2.390000000000000089e-04
1.355877563476560116e+09 5.970400000000000013e-02 7.860000000000000233e-04 5.479999999999999845e-04 2.349999999999999930e-04 1.979999999999999881e-04 2.120000000000000031e-04
1.359221313476560116e+09 6.016200000000000020e-02 2.680000000000000090e-04 7.349999999999999763e-04 2.300000000000000070e-04 2.149999999999999947e-04 2.210000000000000050e-04
1.362565063476560116e+09 6.016900000000000026e-02 7.119999999999999593e-04 1.479999999999999925e-04 2.149999999999999947e-04 1.990000000000000124e-04 2.010000000000000068e-04
1.365908813476560116e+09 5.964300000000000157e-02 8.660000000000000163e-04 1.499999999999999869e-04 1.990000000000000124e-04 2.049999999999999956e-04 2.020000000000000040e-04
1.369252563476560116e+09 5.975799999999999862e-02 9.229999999999999923e-04 5.039999999999999992e-04 1.979999999999999881e-04 2.069999999999999900e-04 2.149999999999999947e-04
1.372596313476560116e+09 5.948900000000000021e-02 6.400000000000000524e-04 1.720000000000000066e-04 1.939999999999999993e-04 2.130000000000000003e-04 2.100000000000000087e-04
1.375940063476560116e+09 5.972999999999999837e-02 5.540000000000000219e-04 4.800000000000000122e-05 1.930000000000000021e-04 2.149999999999999947e-04 2.110000000000000059e-04
1.379283813476560116e+09 5.921300000000000174e-02 7.249999999999999500e-04 -3.579999999999999741e-04 2.049999999999999956e-04 2.229999999999999994e-04 2.130000000000000003e-04
1.382627563476560116e+09 5.932599999999999679e-02 7.789999999999999616e-04 9.600000000000000243e-05 2.130000000000000003e-04 2.110000000000000059e-04 2.079999999999999872e-04
1.385971313476560116e+09 5.895100000000000340e-02 1.188000000000000037e-03 3.179999999999999776e-04 2.049999999999999956e-04 1.840000000000000001e-04 2.090000000000000115e-04
1.389315063476560116e+09 5.945600000000000190e-02 6.199999999999999999e-04 7.899999999999999579e-05 2.220000000000000022e-04 2.059999999999999928e-04 2.079999999999999872e-04
1.392658813476560116e+09 5.954500000000000071e-02 3.280000000000000038e-04 -3.150000000000000131e-04 2.110000000000000059e-04 2.090000000000000115e-04 1.979999999999999881e-04
1.396002563476560116e+09 5.894699999999999940e-02 6.290000000000000018e-04 1.830000000000000029e-04 2.190000000000000106e-04 2.100000000000000087e-04 2.020000000000000040e-04
1.399346313476560116e+09 5.895899999999999752e-02 6.120000000000000223e-04 2.950000000000000148e-04 2.100000000000000087e-04 2.300000000000000070e-04 2.290000000000000098e-04
1.402690063476560116e+09 5.881800000000000223e-02 1.033999999999999980e-03 9.359999999999999831e-04 2.000000000000000096e-04 2.110000000000000059e-04 2.149999999999999947e-04
1.406033813476560116e+09 5.897899999999999671e-02 7.619999999999999820e-04 4.000000000000000192e-04 2.280000000000000126e-04 1.959999999999999937e-04 2.159999999999999919e-04
1.409377563476560116e+09 5.893899999999999834e-02 5.109999999999999525e-04 6.269999999999999532e-04 2.100000000000000087e-04 2.049999999999999956e-04 2.149999999999999947e-04
1.412721313476560116e+09 5.922100000000000281e-02 8.300000000000000086e-04 5.500000000000000331e-04 2.359999999999999902e-04 2.010000000000000068e-04 2.380000000000000117e-04
1.416065063476560116e+09 5.837300000000000127e-02 4.490000000000000176e-04 1.550000000000000000e-04 2.090000000000000115e-04 1.930000000000000021e-04 2.180000000000000134e-04
1.422752563476560116e+09 5.871200000000000030e-02 6.560000000000000076e-04 1.129999999999999955e-04 2.680000000000000090e-04 2.739999999999999923e-04 3.060000000000000111e-04
1.426096313476560116e+09 5.856900000000000300e-02 8.339999999999999974e-04 5.569999999999999864e-04 2.349999999999999930e-04 1.939999999999999993e-04 2.010000000000000068e-04
1.429440063476560116e+09 5.846599999999999714e-02 1.182000000000000108e-03 1.129999999999999928e-03 2.139999999999999975e-04 1.979999999999999881e-04 1.810000000000000085e-04
1.432783813476560116e+09 5.817100000000000048e-02 1.351999999999999903e-03 3.669999999999999760e-04 2.159999999999999919e-04 2.100000000000000087e-04 2.049999999999999956e-04
1.436127563476560116e+09 5.824900000000000216e-02 1.113999999999999973e-03 2.099999999999999884e-05 2.000000000000000096e-04 2.069999999999999900e-04 2.190000000000000106e-04
1.439471313476560116e+09 5.852700000000000263e-02 8.490000000000000368e-04 7.169999999999999724e-04 2.120000000000000031e-04 2.229999999999999994e-04 2.130000000000000003e-04
1.442815063476560116e+09 5.799100000000000088e-02 5.169999999999999899e-04 2.849999999999999886e-04 2.180000000000000134e-04 1.910000000000000077e-04 2.190000000000000106e-04
1.446158813476560116e+09 5.822299999999999698e-02 1.020999999999999989e-03 1.410000000000000120e-04 2.269999999999999882e-04 2.180000000000000134e-04 2.120000000000000031e-04
1.449502563476560116e+09 5.810599999999999793e-02 8.260000000000000198e-04 5.469999999999999602e-04 2.190000000000000106e-04 2.149999999999999947e-04 2.149999999999999947e-04
1.452846313476560116e+09 5.828400000000000247e-02 3.980000000000000248e-04 -9.600000000000000243e-05 2.120000000000000031e-04 1.820000000000000057e-04 2.220000000000000022e-04
1.456190063476560116e+09 5.799900000000000194e-02 9.749999999999999552e-04 1.820000000000000057e-04 1.979999999999999881e-04 2.339999999999999958e-04 2.100000000000000087e-04
1.459533813476560116e+09 5.761100000000000249e-02 9.020000000000000240e-04 3.229999999999999907e-04 2.030000000000000012e-04 2.429999999999999977e-04 2.259999999999999910e-04
1.462877563476560116e+09 5.778400000000000203e-02 7.420000000000000380e-04 2.709999999999999735e-04 2.000000000000000096e-04 2.100000000000000087e-04 1.990000000000000124e-04
1.466221313476560116e+09 5.797399999999999776e-02 7.739999999999999485e-04 4.270000000000000249e-04 2.359999999999999902e-04 2.090000000000000115e-04 2.069999999999999900e-04
1.469565063476560116e+09 5.840599999999999958e-02 1.061000000000000094e-03 5.789999999999999791e-04 2.359999999999999902e-04 2.149999999999999947e-04 2.000000000000000096e-04
1.472908813476560116e+09 5.809899999999999787e-02 1.193999999999999966e-03 3.460000000000000076e-04 2.020000000000000040e-04 2.100000000000000087e-04 2.030000000000000012e-04
1.476252563476560116e+09 5.782400000000000040e-02 8.189999999999999581e-04 6.499999999999999431e-05 2.269999999999999882e-04 2.059999999999999928e-04 2.139999999999999975e-04
1.479596313476560116e+09 5.760900000000000049e-02 1.391000000000000092e-03 5.300000000000000078e-05 2.039999999999999984e-04 2.049999999999999956e-04 2.200000000000000078e-04
1.482940063476560116e+09 5.765200000000000186e-02 8.809999999999999472e-04 5.929999999999999941e-04 1.900000000000000105e-04 2.190000000000000106e-04 2.169999999999999891e-04
1.486283813476560116e+09 5.737600000000000339e-02 5.240000000000000517e-04 6.440000000000000412e-04 2.110000000000000059e-04 1.939999999999999993e-04 2.190000000000000106e-04
1.489627563476560116e+09 5.726300000000000140e-02 9.229999999999999923e-04 4.650000000000000270e-04 2.000000000000000096e-04 2.069999999999999900e-04 2.069999999999999900e-04
1.492971313476560116e+09 5.733200000000000102e-02 8.739999999999999939e-04 1.689999999999999879e-04 2.110000000000000059e-04 2.110000000000000059e-04 2.010000000000000068e-04
1.496315063476560116e+09 5.764099999999999779e-02 7.609999999999999577e-04 3.040000000000000167e-04 2.020000000000000040e-04 2.100000000000000087e-04 2.210000000000000050e-04
1.499658813476560116e+09 5.711700000000000110e-02 1.085999999999999943e-03 1.050000000000000044e-04 2.339999999999999958e-04 2.239999999999999966e-04 2.290000000000000098e-04
1.503002563476560116e+09 5.705699999999999661e-02 6.710000000000000469e-04 6.899999999999999667e-05 2.349999999999999930e-04 2.059999999999999928e-04 2.489999999999999809e-04
1.506346313476560116e+09 5.721099999999999797e-02 7.759999999999999971e-04 6.899999999999999667e-05 2.410000000000000033e-04 2.159999999999999919e-04 2.159999999999999919e-04
1.509690063476560116e+09 5.747200000000000225e-02 8.009999999999999542e-04 7.899999999999999579e-05 2.400000000000000061e-04 2.130000000000000003e-04 2.629999999999999959e-04
1.513033813476560116e+09 5.766999999999999904e-02 8.689999999999999808e-04 5.800000000000000034e-05 2.300000000000000070e-04 2.519999999999999996e-04 2.530000000000000239e-04
1.516377563476560116e+09 5.807799999999999768e-02 1.000000000000000021e-03 7.060000000000000303e-04 2.919999999999999961e-04 2.759999999999999867e-04 2.770000000000000110e-04
1.523065063476560116e+09 5.796400000000000163e-02 1.360000000000000098e-03 7.540000000000000044e-04 2.860000000000000129e-04 2.770000000000000110e-04 2.880000000000000073e-04
1.556502563476560116e+09 5.763000000000000067e-02 8.249999999999999955e-04 5.370000000000000424e-04 3.269999999999999795e-04 3.289999999999999739e-04 3.170000000000000075e-04
1.569877563476560116e+09 5.665599999999999803e-02 1.333999999999999899e-03 6.329999999999999906e-04 4.060000000000000024e-04 3.350000000000000113e-04 3.299999999999999982e-04
1.583252563476560116e+09 5.605600000000000166e-02 9.970000000000000563e-04 -4.100000000000000047e-05 3.539999999999999853e-04 2.999999999999999737e-04 2.799999999999999755e-04
1.586596313476560116e+09 5.689700000000000313e-02 1.079000000000000098e-03 2.669999999999999847e-04 3.490000000000000263e-04 3.159999999999999832e-04 2.930000000000000204e-04
1.593283813476560116e+09 5.524799999999999850e-02 6.530000000000000431e-04 -3.600000000000000091e-05 3.020000000000000223e-04 3.229999999999999907e-04 3.379999999999999758e-04
1.596627563476560116e+09 5.619500000000000189e-02 1.020999999999999989e-03 3.930000000000000117e-04 2.429999999999999977e-04 2.509999999999999753e-04 2.429999999999999977e-04
1.606658813476560116e+09 5.606599999999999778e-02 9.690000000000000262e-04 1.779999999999999898e-04 2.410000000000000033e-04 2.339999999999999958e-04 2.500000000000000052e-04
1.610002563476560116e+09 5.613699999999999940e-02 9.250000000000000409e-04 3.299999999999999982e-04 2.420000000000000005e-04 2.200000000000000078e-04 2.220000000000000022e-04
1.613346313476560116e+09 5.590400000000000230e-02 1.196999999999999930e-03 -4.199999999999999768e-05 2.049999999999999956e-04 2.329999999999999986e-04 2.320000000000000014e-04
1.616690063476560116e+09 5.504900000000000071e-02 7.759999999999999971e-04 -1.489999999999999897e-04 2.680000000000000090e-04 2.130000000000000003e-04 2.149999999999999947e-04
1.630065063476560116e+09 5.535500000000000143e-02 9.430000000000000448e-04 -1.099999999999999971e-05 2.500000000000000052e-04 2.220000000000000022e-04 2.259999999999999910e-04
1.633408813476560116e+09 5.515799999999999870e-02 7.770000000000000214e-04 4.429999999999999802e-04 2.320000000000000014e-04 2.059999999999999928e-04 1.959999999999999937e-04
1.636752563476560116e+09 5.497900000000000009e-02 5.439999999999999957e-04 1.469999999999999953e-04 2.149999999999999947e-04 2.149999999999999947e-04 2.190000000000000106e-04
1.640096313476560116e+09 5.492799999999999766e-02 1.231000000000000106e-03 2.169999999999999891e-04 2.139999999999999975e-04 2.069999999999999900e-04 2.420000000000000005e-04
1.643440063476560116e+09 5.513300000000000145e-02 4.159999999999999744e-04 3.499999999999999964e-04 2.339999999999999958e-04 1.979999999999999881e-04 2.039999999999999984e-04
1.646783813476560116e+09 5.571600000000000164e-02 2.559999999999999884e-04 4.569999999999999952e-04 2.249999999999999938e-04 2.460000000000000164e-04 2.229999999999999994e-04
