# ======================================================================
# FLAGGED DATA - KEPT CHANNELS ONLY
# ======================================================================
# 
# FLAGGING SUMMARY:
#   Total channels: 217
#   Flagged: 50 (23.0%)
#   Kept: 167 (77.0%)
# 
# FLAGGING CRITERIA APPLIED:
#   - Gross outliers: 6 channels
#   - Error outliers: 18 channels
#       Threshold: 4.0σ above median in log-space
#       Iterations: 2
#   - Spectral baseline clipping: 26 channels
# 
# COLUMN FORMAT: freq(Hz) I Q U V dI dQ dU dV
# ======================================================================
9.0447131348e+08 3.8266000000e-02 -1.1000000000e-05 -3.2400000000e-04 4.0200000000e-04 2.8100000000e-04 2.0500000000e-04 2.3400000000e-04 2.3100000000e-04
9.1115881348e+08 3.7500000000e-02 -7.2000000000e-05 4.7000000000e-05 -2.0800000000e-04 2.6600000000e-04 2.6300000000e-04 2.6300000000e-04 2.2900000000e-04
9.1450256348e+08 3.7526000000e-02 -3.2600000000e-04 1.3000000000e-04 -1.6500000000e-04 2.5900000000e-04 2.1700000000e-04 2.5500000000e-04 2.2600000000e-04
9.1784631348e+08 3.7721000000e-02 -1.9000000000e-04 -3.0000000000e-05 -1.9200000000e-04 2.4100000000e-04 2.3500000000e-04 2.2600000000e-04 2.0900000000e-04
9.2119006348e+08 3.7462000000e-02 3.2500000000e-04 5.6000000000e-05 -1.3100000000e-04 2.6200000000e-04 2.3400000000e-04 2.3700000000e-04 2.3100000000e-04
9.2453381348e+08 3.6954000000e-02 2.9100000000e-04 -8.7000000000e-05 -1.6700000000e-04 2.6500000000e-04 2.2600000000e-04 2.4800000000e-04 2.2500000000e-04
9.2787756348e+08 3.6516000000e-02 3.0200000000e-04 -4.3300000000e-04 1.9300000000e-04 2.8300000000e-04 2.2500000000e-04 2.7600000000e-04 2.2300000000e-04
9.3122131348e+08 3.7204000000e-02 -4.4700000000e-04 -2.0300000000e-04 -2.0000000000e-06 2.8100000000e-04 2.2000000000e-04 2.3500000000e-04 2.1200000000e-04
9.5128381348e+08 3.6415000000e-02 -2.5400000000e-04 -2.6400000000e-04 1.3800000000e-04 2.4300000000e-04 2.1800000000e-04 2.3600000000e-04 2.2700000000e-04
9.5462756348e+08 3.5866000000e-02 -3.4100000000e-04 -5.9500000000e-04 -1.8400000000e-04 2.7300000000e-04 2.4500000000e-04 2.6700000000e-04 2.5000000000e-04
9.5797131348e+08 3.6758000000e-02 -3.3700000000e-04 -4.4500000000e-04 3.0400000000e-04 3.0500000000e-04 2.7000000000e-04 3.1900000000e-04 2.7500000000e-04
9.6131506348e+08 3.6724000000e-02 3.1400000000e-04 -2.1000000000e-05 3.3000000000e-05 2.6500000000e-04 2.1900000000e-04 2.6700000000e-04 2.3200000000e-04
9.6465881348e+08 3.6777000000e-02 -4.1400000000e-04 4.5000000000e-04 1.6700000000e-04 2.2200000000e-04 2.1500000000e-04 2.0300000000e-04 2.3000000000e-04
9.6800256348e+08 3.6556000000e-02 2.1200000000e-04 -1.2400000000e-04 4.5000000000e-05 2.3600000000e-04 2.1500000000e-04 2.2000000000e-04 2.3000000000e-04
9.7134631348e+08 3.6344000000e-02 -1.0500000000e-04 8.3000000000e-05 1.6400000000e-04 2.2100000000e-04 2.0900000000e-04 2.1300000000e-04 2.1300000000e-04
9.7469006348e+08 3.6297000000e-02 3.7600000000e-04 -1.8000000000e-05 1.4200000000e-04 2.2200000000e-04 2.1200000000e-04 2.1100000000e-04 2.0000000000e-04
9.7803381348e+08 3.6458000000e-02 7.0000000000e-05 3.9000000000e-05 2.0200000000e-04 2.3800000000e-04 2.1800000000e-04 2.2200000000e-04 2.0300000000e-04
9.8137756348e+08 3.6251000000e-02 -5.5000000000e-05 1.7600000000e-04 1.0600000000e-04 2.2900000000e-04 2.2100000000e-04 2.0100000000e-04 2.0800000000e-04
9.8472131348e+08 3.5965000000e-02 -2.9000000000e-05 -3.4200000000e-04 4.2900000000e-04 2.2900000000e-04 2.2500000000e-04 2.1200000000e-04 2.0000000000e-04
9.8806506348e+08 3.6111000000e-02 -5.8500000000e-04 -8.1000000000e-05 -1.3600000000e-04 2.5500000000e-04 2.0000000000e-04 2.1200000000e-04 1.9000000000e-04
9.9140881348e+08 3.6028000000e-02 1.7100000000e-04 2.2000000000e-05 -1.1600000000e-04 1.9800000000e-04 2.0600000000e-04 2.1200000000e-04 1.9000000000e-04
9.9475256348e+08 3.6102000000e-02 -1.0800000000e-04 2.7600000000e-04 3.9900000000e-04 2.3400000000e-04 2.2000000000e-04 2.2500000000e-04 1.9600000000e-04
9.9809631348e+08 3.5303000000e-02 -8.4000000000e-05 -3.8500000000e-04 3.4000000000e-05 2.3500000000e-04 1.9400000000e-04 2.0800000000e-04 1.9000000000e-04
1.0014400635e+09 3.5960000000e-02 1.0000000000e-06 -3.4200000000e-04 2.5000000000e-05 2.3900000000e-04 2.0600000000e-04 2.0800000000e-04 2.0100000000e-04
1.0047838135e+09 3.5571000000e-02 -5.3000000000e-05 -1.8000000000e-04 1.4100000000e-04 2.0700000000e-04 2.1400000000e-04 2.3000000000e-04 2.0100000000e-04
1.0114713135e+09 3.5960000000e-02 -2.0400000000e-04 -4.6500000000e-04 -2.8700000000e-04 2.2100000000e-04 2.1700000000e-04 2.0600000000e-04 1.9400000000e-04
1.0148150635e+09 3.5770000000e-02 -2.8000000000e-05 -1.7700000000e-04 -9.6000000000e-05 2.0800000000e-04 1.9200000000e-04 2.0200000000e-04 2.1500000000e-04
1.0215025635e+09 3.5416000000e-02 -1.3700000000e-04 -5.2000000000e-05 -1.0000000000e-06 2.3300000000e-04 2.1800000000e-04 1.8900000000e-04 2.1300000000e-04
1.0248463135e+09 3.5181000000e-02 4.8000000000e-05 -2.2400000000e-04 -3.0300000000e-04 2.1500000000e-04 2.0400000000e-04 2.1900000000e-04 2.0200000000e-04
1.0281900635e+09 3.4420000000e-02 1.4600000000e-04 -3.2600000000e-04 -2.2100000000e-04 2.6100000000e-04 2.3500000000e-04 2.4200000000e-04 2.3800000000e-04
1.0348775635e+09 3.4594000000e-02 -6.2000000000e-05 -2.2500000000e-04 2.0000000000e-05 2.1300000000e-04 1.9500000000e-04 2.1600000000e-04 1.9800000000e-04
1.0382213135e+09 3.5244000000e-02 1.9400000000e-04 -2.6000000000e-05 -2.8200000000e-04 2.2600000000e-04 2.1800000000e-04 2.1800000000e-04 1.9400000000e-04
1.0415650635e+09 3.4251000000e-02 -3.7500000000e-04 1.3400000000e-04 -1.7900000000e-04 2.1100000000e-04 2.1000000000e-04 2.2400000000e-04 2.1200000000e-04
1.0449088135e+09 3.4568000000e-02 -4.4500000000e-04 -3.1800000000e-04 -3.9000000000e-05 2.0300000000e-04 2.2500000000e-04 2.0500000000e-04 1.8200000000e-04
1.0482525635e+09 3.4761000000e-02 1.2000000000e-05 3.2300000000e-04 -1.7700000000e-04 2.1100000000e-04 1.8800000000e-04 1.9300000000e-04 2.0600000000e-04
1.0515963135e+09 3.4860000000e-02 -1.4200000000e-04 -4.9600000000e-04 3.9900000000e-04 2.7300000000e-04 2.4400000000e-04 2.4100000000e-04 2.3900000000e-04
1.0549400635e+09 3.4340000000e-02 -3.6800000000e-04 1.6400000000e-04 -2.9300000000e-04 2.1700000000e-04 2.3100000000e-04 1.9900000000e-04 1.9800000000e-04
1.0582838135e+09 3.4063000000e-02 1.4400000000e-04 2.0000000000e-05 -1.4800000000e-04 1.9100000000e-04 1.9500000000e-04 2.0300000000e-04 2.0000000000e-04
1.0616275635e+09 3.3998000000e-02 -1.0400000000e-04 -4.6400000000e-04 -1.7000000000e-05 2.0800000000e-04 2.1500000000e-04 1.8800000000e-04 2.0000000000e-04
1.0649713135e+09 3.4549000000e-02 1.1300000000e-04 2.3300000000e-04 -1.5400000000e-04 2.0900000000e-04 1.9400000000e-04 2.0400000000e-04 2.0500000000e-04
1.0716588135e+09 3.3879000000e-02 -2.2200000000e-04 3.1900000000e-04 9.7000000000e-05 1.9900000000e-04 1.9000000000e-04 2.0900000000e-04 1.9200000000e-04
1.0750025635e+09 3.4108000000e-02 -3.1000000000e-05 -1.1200000000e-04 6.0000000000e-05 2.2300000000e-04 1.8800000000e-04 1.8200000000e-04 1.9900000000e-04
1.0783463135e+09 3.4191000000e-02 3.6500000000e-04 -1.7300000000e-04 -1.1900000000e-04 2.2400000000e-04 1.9300000000e-04 2.0300000000e-04 1.9700000000e-04
1.0816900635e+09 3.3755000000e-02 -1.1000000000e-05 -2.4200000000e-04 1.2500000000e-04 2.0000000000e-04 2.0200000000e-04 2.0400000000e-04 2.0200000000e-04
1.0950650635e+09 3.3177000000e-02 8.5000000000e-05 -2.4300000000e-04 -3.3000000000e-05 2.2000000000e-04 2.0400000000e-04 2.2000000000e-04 2.1000000000e-04
1.0984088135e+09 3.3880000000e-02 2.5000000000e-04 1.3300000000e-04 -6.0000000000e-05 2.0700000000e-04 1.9500000000e-04 1.9700000000e-04 2.0200000000e-04
1.1050963135e+09 3.3663000000e-02 9.8000000000e-05 -3.6000000000e-04 -1.2100000000e-04 2.3400000000e-04 2.2300000000e-04 1.8800000000e-04 1.7900000000e-04
1.1084400635e+09 3.3349000000e-02 -1.6300000000e-04 2.6400000000e-04 -4.7000000000e-05 2.0200000000e-04 2.0300000000e-04 2.0400000000e-04 1.9800000000e-04
1.1117838135e+09 3.3038000000e-02 -3.5500000000e-04 -2.0000000000e-05 1.1900000000e-04 2.5000000000e-04 2.1000000000e-04 2.1700000000e-04 2.2300000000e-04
1.1151275635e+09 3.3092000000e-02 -5.6000000000e-05 -2.6700000000e-04 -1.1000000000e-05 1.9200000000e-04 1.9100000000e-04 1.9200000000e-04 1.9100000000e-04
1.1184713135e+09 3.2980000000e-02 -1.1500000000e-04 -2.6600000000e-04 -2.4000000000e-04 2.1400000000e-04 1.9000000000e-04 1.9600000000e-04 2.0200000000e-04
1.1218150635e+09 3.2653000000e-02 2.7300000000e-04 -1.0900000000e-04 -3.8900000000e-04 2.2000000000e-04 2.1600000000e-04 2.1900000000e-04 2.1400000000e-04
1.1251588135e+09 3.2788000000e-02 6.5000000000e-05 -1.3600000000e-04 9.3000000000e-05 1.9000000000e-04 1.9700000000e-04 2.0800000000e-04 2.0400000000e-04
1.1285025635e+09 3.2698000000e-02 1.0900000000e-04 -2.5400000000e-04 1.7200000000e-04 2.2000000000e-04 2.1700000000e-04 2.0500000000e-04 1.9500000000e-04
1.1318463135e+09 3.2781000000e-02 -2.0000000000e-06 -2.1700000000e-04 -1.6300000000e-04 2.0100000000e-04 1.8500000000e-04 1.8700000000e-04 1.9500000000e-04
1.1351900635e+09 3.2143000000e-02 1.3300000000e-04 -3.1400000000e-04 3.8500000000e-04 2.2600000000e-04 2.3400000000e-04 2.0900000000e-04 2.0900000000e-04
1.1385338135e+09 3.2854000000e-02 -3.6000000000e-05 1.3200000000e-04 8.9000000000e-05 2.1000000000e-04 2.0200000000e-04 2.0100000000e-04 1.8500000000e-04
1.1418775635e+09 3.2809000000e-02 -1.2400000000e-04 -3.8000000000e-05 1.3000000000e-04 2.2500000000e-04 2.0900000000e-04 2.1800000000e-04 2.1300000000e-04
1.1452213135e+09 3.2465000000e-02 1.9500000000e-04 -4.1100000000e-04 -5.0000000000e-05 2.2900000000e-04 2.0900000000e-04 2.0800000000e-04 2.1200000000e-04
1.1519088135e+09 3.2083000000e-02 -5.0000000000e-05 -2.0800000000e-04 -4.6000000000e-05 2.1200000000e-04 2.0100000000e-04 2.2800000000e-04 2.2700000000e-04
1.1552525635e+09 3.2714000000e-02 2.0800000000e-04 -3.8200000000e-04 -7.5000000000e-05 2.0800000000e-04 1.9500000000e-04 2.2400000000e-04 1.9200000000e-04
1.1652838135e+09 3.2816000000e-02 -2.5000000000e-05 4.0000000000e-05 1.2000000000e-04 2.0700000000e-04 1.9800000000e-04 2.2200000000e-04 2.0100000000e-04
1.1686275635e+09 3.2107000000e-02 1.9200000000e-04 -2.1800000000e-04 2.3300000000e-04 3.0300000000e-04 2.9200000000e-04 2.9300000000e-04 3.1100000000e-04
1.1853463135e+09 3.2125000000e-02 4.7000000000e-05 -3.4100000000e-04 2.0300000000e-04 2.3900000000e-04 2.1700000000e-04 2.1800000000e-04 2.2500000000e-04
1.1886900635e+09 3.1458000000e-02 4.8300000000e-04 -5.4400000000e-04 -2.5200000000e-04 2.0300000000e-04 2.0700000000e-04 1.8400000000e-04 2.0300000000e-04
1.1920338135e+09 3.1266000000e-02 1.0900000000e-04 3.6900000000e-04 1.0800000000e-04 2.5800000000e-04 1.9000000000e-04 2.0800000000e-04 2.1700000000e-04
1.1953775635e+09 3.1989000000e-02 6.4000000000e-05 1.5700000000e-04 3.9800000000e-04 2.2200000000e-04 1.9100000000e-04 2.1900000000e-04 1.9900000000e-04
1.1987213135e+09 3.0973000000e-02 -1.0100000000e-04 -1.3700000000e-04 -1.9200000000e-04 2.5900000000e-04 2.2300000000e-04 2.2000000000e-04 2.4800000000e-04
1.2154400635e+09 3.1027000000e-02 2.5600000000e-04 -6.5000000000e-05 -3.5000000000e-05 2.1600000000e-04 2.2700000000e-04 2.1300000000e-04 2.2100000000e-04
1.2187838135e+09 3.1833000000e-02 -9.1000000000e-05 -1.0800000000e-04 -2.0100000000e-04 2.1500000000e-04 2.0000000000e-04 2.0900000000e-04 1.9200000000e-04
1.2321588135e+09 3.0919000000e-02 -9.4000000000e-05 -1.5900000000e-04 -5.3800000000e-04 2.7100000000e-04 2.4500000000e-04 2.3800000000e-04 2.6000000000e-04
1.2355025635e+09 3.0929000000e-02 8.0000000000e-05 -2.1200000000e-04 1.0800000000e-04 2.4300000000e-04 2.0800000000e-04 2.2400000000e-04 2.2000000000e-04
1.2388463135e+09 3.1603000000e-02 2.0300000000e-04 4.0000000000e-05 -1.0800000000e-04 2.1000000000e-04 2.0800000000e-04 1.8800000000e-04 1.9300000000e-04
1.2421900635e+09 3.0651000000e-02 -2.3300000000e-04 -6.5000000000e-05 -2.5600000000e-04 2.1700000000e-04 2.1100000000e-04 2.3200000000e-04 2.0300000000e-04
1.2488775635e+09 3.1115000000e-02 3.6000000000e-05 -2.7700000000e-04 -4.9500000000e-04 2.6900000000e-04 2.3300000000e-04 2.2500000000e-04 2.4400000000e-04
1.2555650635e+09 3.0972000000e-02 -2.2500000000e-04 3.5600000000e-04 -3.9600000000e-04 1.8800000000e-04 1.8900000000e-04 1.9200000000e-04 1.9300000000e-04
1.2589088135e+09 3.1339000000e-02 3.4000000000e-05 -2.3400000000e-04 -8.4000000000e-05 2.0300000000e-04 1.9600000000e-04 1.9000000000e-04 1.8700000000e-04
1.2823150635e+09 3.0312000000e-02 -2.7800000000e-04 2.0400000000e-04 -5.2800000000e-04 2.7600000000e-04 2.6600000000e-04 2.5700000000e-04 2.5800000000e-04
1.2856588135e+09 3.0923000000e-02 -8.0000000000e-05 -2.8000000000e-04 5.3000000000e-05 2.5400000000e-04 2.6700000000e-04 2.4200000000e-04 2.6800000000e-04
1.2923463135e+09 3.0710000000e-02 -2.2000000000e-05 -2.1400000000e-04 -8.4000000000e-05 2.8400000000e-04 2.5700000000e-04 2.6300000000e-04 2.5100000000e-04
1.2956900635e+09 3.0784000000e-02 1.3000000000e-04 -3.1000000000e-05 1.1000000000e-04 1.8400000000e-04 1.9200000000e-04 1.9400000000e-04 2.0300000000e-04
1.2990338135e+09 3.0749000000e-02 -1.3500000000e-04 -3.4500000000e-04 -2.9000000000e-05 1.9200000000e-04 1.9100000000e-04 1.7800000000e-04 1.7600000000e-04
1.3023775635e+09 3.0222000000e-02 6.8000000000e-05 -4.2500000000e-04 -3.3000000000e-05 1.9900000000e-04 1.8700000000e-04 1.7600000000e-04 1.9300000000e-04
1.3057213135e+09 3.0247000000e-02 2.4000000000e-05 -1.1000000000e-05 8.3000000000e-05 1.7500000000e-04 1.8100000000e-04 1.8200000000e-04 1.7900000000e-04
1.3090650635e+09 3.0664000000e-02 -4.3800000000e-04 -1.2200000000e-04 3.9000000000e-05 1.8500000000e-04 1.7000000000e-04 1.7200000000e-04 1.8500000000e-04
1.3124088135e+09 3.0476000000e-02 -2.7000000000e-05 -2.7700000000e-04 3.0000000000e-06 1.7600000000e-04 1.6100000000e-04 1.7600000000e-04 1.5600000000e-04
1.3157525635e+09 3.0282000000e-02 2.0800000000e-04 4.2000000000e-05 4.8000000000e-05 1.7500000000e-04 1.8200000000e-04 1.6200000000e-04 1.6300000000e-04
1.3190963135e+09 3.0314000000e-02 2.5200000000e-04 -9.2000000000e-05 1.5200000000e-04 1.7700000000e-04 1.5800000000e-04 1.6900000000e-04 1.7600000000e-04
1.3224400635e+09 2.9880000000e-02 -1.2100000000e-04 -9.7000000000e-05 1.5000000000e-04 1.7900000000e-04 1.7400000000e-04 1.6600000000e-04 1.8200000000e-04
1.3257838135e+09 3.0190000000e-02 1.4100000000e-04 1.0000000000e-06 -1.8400000000e-04 1.7900000000e-04 1.7200000000e-04 1.7500000000e-04 1.6900000000e-04
1.3291275635e+09 3.0003000000e-02 2.3200000000e-04 -2.6500000000e-04 3.2400000000e-04 1.6900000000e-04 1.6500000000e-04 1.6500000000e-04 1.6500000000e-04
1.3324713135e+09 3.0042000000e-02 -2.4500000000e-04 -2.1800000000e-04 -7.3000000000e-05 1.8800000000e-04 1.5800000000e-04 1.5800000000e-04 1.6500000000e-04
1.3358150635e+09 2.9723000000e-02 -2.8000000000e-05 -1.6200000000e-04 6.6000000000e-05 1.9400000000e-04 1.7200000000e-04 1.6200000000e-04 1.7100000000e-04
1.3391588135e+09 2.9820000000e-02 -1.9700000000e-04 -2.2400000000e-04 4.4000000000e-05 1.7700000000e-04 1.7100000000e-04 1.6800000000e-04 1.5700000000e-04
1.3425025635e+09 2.9939000000e-02 8.1000000000e-05 1.0300000000e-04 2.7000000000e-05 1.7700000000e-04 1.7300000000e-04 1.5500000000e-04 1.6000000000e-04
1.3458463135e+09 2.9985000000e-02 8.6000000000e-05 -1.6700000000e-04 -4.2000000000e-05 1.7500000000e-04 1.7700000000e-04 1.5800000000e-04 1.8700000000e-04
1.3491900635e+09 2.9606000000e-02 8.3000000000e-05 -5.4000000000e-05 7.7000000000e-05 1.6700000000e-04 1.6500000000e-04 1.6500000000e-04 1.6700000000e-04
1.3525338135e+09 2.9474000000e-02 1.9000000000e-04 -6.2000000000e-05 -2.0000000000e-05 1.7000000000e-04 1.7200000000e-04 1.7200000000e-04 1.6100000000e-04
1.3558775635e+09 2.9609000000e-02 -4.0000000000e-06 -4.2600000000e-04 9.6000000000e-05 1.6200000000e-04 1.6900000000e-04 1.7500000000e-04 1.6500000000e-04
1.3592213135e+09 2.9368000000e-02 1.2500000000e-04 -2.1600000000e-04 -1.6200000000e-04 1.7200000000e-04 1.7300000000e-04 1.5700000000e-04 1.6300000000e-04
1.3625650635e+09 2.9916000000e-02 2.4500000000e-04 5.7000000000e-05 -1.8500000000e-04 1.8100000000e-04 1.6100000000e-04 1.6700000000e-04 1.7200000000e-04
1.3659088135e+09 2.9302000000e-02 -4.1000000000e-05 -9.2000000000e-05 3.3000000000e-05 1.6300000000e-04 1.6600000000e-04 1.7100000000e-04 1.5900000000e-04
1.3692525635e+09 2.9314000000e-02 1.1500000000e-04 -2.5200000000e-04 9.5000000000e-05 1.7000000000e-04 1.5800000000e-04 1.6600000000e-04 1.6600000000e-04
1.3725963135e+09 2.9399000000e-02 7.8000000000e-05 -3.3100000000e-04 -2.4200000000e-04 1.6100000000e-04 1.5900000000e-04 1.6900000000e-04 1.5600000000e-04
1.3759400635e+09 2.9355000000e-02 -0.0000000000e+00 -1.6700000000e-04 8.6000000000e-05 1.7200000000e-04 1.7000000000e-04 1.6000000000e-04 1.6000000000e-04
1.3792838135e+09 2.9596000000e-02 -2.9000000000e-05 -4.3400000000e-04 -1.1900000000e-04 1.7000000000e-04 1.7800000000e-04 1.6700000000e-04 1.5600000000e-04
1.3826275635e+09 2.9301000000e-02 1.1700000000e-04 -8.0000000000e-05 2.4000000000e-05 1.6500000000e-04 1.6600000000e-04 1.7400000000e-04 1.7000000000e-04
1.3859713135e+09 2.9378000000e-02 -2.0900000000e-04 -2.6900000000e-04 1.0400000000e-04 1.5600000000e-04 1.7000000000e-04 1.6400000000e-04 1.6800000000e-04
1.3893150635e+09 2.9237000000e-02 2.4000000000e-04 1.0000000000e-04 -1.3800000000e-04 1.7300000000e-04 1.5700000000e-04 1.5500000000e-04 1.6000000000e-04
1.3926588135e+09 2.9272000000e-02 -2.7000000000e-05 -1.3100000000e-04 -2.2000000000e-05 1.6300000000e-04 1.6400000000e-04 1.5700000000e-04 1.6400000000e-04
1.3960025635e+09 2.9246000000e-02 -1.0200000000e-04 -4.0000000000e-06 -1.0100000000e-04 1.7000000000e-04 1.6200000000e-04 1.6900000000e-04 1.6600000000e-04
1.3993463135e+09 2.9183000000e-02 8.2000000000e-05 -3.0500000000e-04 1.5900000000e-04 1.5500000000e-04 1.5200000000e-04 1.6400000000e-04 1.6400000000e-04
1.4026900635e+09 2.9007000000e-02 -7.0000000000e-06 -3.6200000000e-04 -7.0000000000e-06 1.6500000000e-04 1.7600000000e-04 1.6300000000e-04 1.5600000000e-04
1.4060338135e+09 2.8908000000e-02 5.5000000000e-05 -3.0200000000e-04 1.7700000000e-04 1.7400000000e-04 1.6700000000e-04 1.7500000000e-04 1.6300000000e-04
1.4093775635e+09 2.9213000000e-02 2.6200000000e-04 6.4000000000e-05 -1.5100000000e-04 1.6300000000e-04 1.5600000000e-04 1.7300000000e-04 1.7200000000e-04
1.4127213135e+09 2.8919000000e-02 2.5000000000e-04 -1.9800000000e-04 1.7100000000e-04 1.7400000000e-04 1.7000000000e-04 1.6600000000e-04 1.7200000000e-04
1.4160650635e+09 2.8787000000e-02 3.5800000000e-04 7.3000000000e-05 1.1500000000e-04 1.6600000000e-04 1.5900000000e-04 1.6300000000e-04 1.7000000000e-04
1.4227525635e+09 2.8706000000e-02 -3.2500000000e-04 1.8700000000e-04 -9.9000000000e-05 2.2000000000e-04 2.2900000000e-04 2.3500000000e-04 2.3400000000e-04
1.4260963135e+09 2.9100000000e-02 1.0800000000e-04 -2.6500000000e-04 -2.9000000000e-05 1.6600000000e-04 1.6900000000e-04 1.6800000000e-04 1.6300000000e-04
1.4294400635e+09 2.9083000000e-02 2.4300000000e-04 -2.2600000000e-04 -2.8800000000e-04 1.7500000000e-04 1.6200000000e-04 1.7000000000e-04 1.5700000000e-04
1.4327838135e+09 2.8875000000e-02 4.0000000000e-06 -1.1100000000e-04 2.6500000000e-04 1.5900000000e-04 1.5600000000e-04 1.4700000000e-04 1.7100000000e-04
1.4361275635e+09 2.8952000000e-02 8.0000000000e-05 2.7200000000e-04 -5.8000000000e-05 1.6900000000e-04 1.6100000000e-04 1.6000000000e-04 1.6400000000e-04
1.4394713135e+09 2.8896000000e-02 1.0800000000e-04 9.2000000000e-05 -1.5500000000e-04 1.5400000000e-04 1.7100000000e-04 1.6200000000e-04 1.6800000000e-04
1.4428150635e+09 2.8767000000e-02 2.0300000000e-04 -9.0000000000e-06 7.4000000000e-05 1.7000000000e-04 1.8000000000e-04 1.7600000000e-04 1.6000000000e-04
1.4461588135e+09 2.8560000000e-02 -1.5000000000e-04 -2.9000000000e-04 -1.6000000000e-05 1.5800000000e-04 1.6300000000e-04 1.6500000000e-04 1.6900000000e-04
1.4495025635e+09 2.8519000000e-02 2.6600000000e-04 2.9300000000e-04 -1.2400000000e-04 1.7000000000e-04 1.5900000000e-04 1.7000000000e-04 1.8500000000e-04
1.4528463135e+09 2.8524000000e-02 2.9000000000e-05 -1.0400000000e-04 -1.8900000000e-04 1.5800000000e-04 1.7700000000e-04 1.6000000000e-04 1.7500000000e-04
1.4561900635e+09 2.8545000000e-02 -7.9000000000e-05 -8.8000000000e-05 -1.7000000000e-05 1.7900000000e-04 1.7200000000e-04 1.6300000000e-04 1.6700000000e-04
1.4595338135e+09 2.8390000000e-02 9.9000000000e-05 -2.1600000000e-04 1.4000000000e-04 1.5700000000e-04 1.5400000000e-04 1.6600000000e-04 1.6700000000e-04
1.4628775635e+09 2.8494000000e-02 3.4000000000e-05 -2.4300000000e-04 7.0000000000e-06 1.6500000000e-04 1.6100000000e-04 1.7100000000e-04 1.5800000000e-04
1.4662213135e+09 2.8392000000e-02 -1.0000000000e-04 -1.3500000000e-04 9.5000000000e-05 1.6900000000e-04 1.5700000000e-04 1.6800000000e-04 1.6500000000e-04
1.4695650635e+09 2.8594000000e-02 1.6000000000e-05 -6.0900000000e-04 4.7000000000e-05 1.5700000000e-04 1.5400000000e-04 1.6500000000e-04 1.7100000000e-04
1.4729088135e+09 2.8062000000e-02 1.1100000000e-04 -8.6000000000e-05 -4.0000000000e-06 1.7000000000e-04 1.7000000000e-04 1.6300000000e-04 1.6100000000e-04
1.4762525635e+09 2.8079000000e-02 -3.0000000000e-05 7.3000000000e-05 3.6100000000e-04 1.6400000000e-04 1.6600000000e-04 1.6600000000e-04 1.5800000000e-04
1.4795963135e+09 2.8565000000e-02 -3.6100000000e-04 -2.4400000000e-04 -1.2200000000e-04 1.5800000000e-04 1.6000000000e-04 1.6500000000e-04 1.6600000000e-04
1.4829400635e+09 2.7877000000e-02 4.1000000000e-05 -3.2400000000e-04 7.9000000000e-05 1.8000000000e-04 1.6200000000e-04 1.6100000000e-04 1.6700000000e-04
1.4862838135e+09 2.8284000000e-02 -2.8000000000e-05 -3.1400000000e-04 1.7200000000e-04 1.6300000000e-04 1.6200000000e-04 1.6600000000e-04 1.6000000000e-04
1.4896275635e+09 2.8019000000e-02 -2.3000000000e-05 -2.7300000000e-04 -1.0200000000e-04 1.7100000000e-04 1.7500000000e-04 1.7100000000e-04 1.7200000000e-04
1.4929713135e+09 2.8021000000e-02 -5.5000000000e-05 -4.5500000000e-04 -1.6100000000e-04 1.6800000000e-04 1.6400000000e-04 1.6700000000e-04 1.5900000000e-04
1.4963150635e+09 2.7973000000e-02 -9.6000000000e-05 5.3000000000e-05 -3.3900000000e-04 1.6800000000e-04 1.6700000000e-04 1.6400000000e-04 1.8000000000e-04
1.4996588135e+09 2.8244000000e-02 1.6700000000e-04 -7.0000000000e-05 -1.4900000000e-04 1.8700000000e-04 1.8800000000e-04 1.8800000000e-04 1.7900000000e-04
1.5030025635e+09 2.8258000000e-02 1.8300000000e-04 -2.4000000000e-05 -6.3000000000e-05 1.9600000000e-04 1.9300000000e-04 1.8600000000e-04 1.8400000000e-04
1.5063463135e+09 2.8133000000e-02 1.3000000000e-04 -4.4800000000e-04 2.6800000000e-04 1.9300000000e-04 1.9400000000e-04 1.8600000000e-04 1.8500000000e-04
1.5096900635e+09 2.8302000000e-02 -2.1500000000e-04 -2.4600000000e-04 -5.4000000000e-05 1.7900000000e-04 1.7900000000e-04 1.8400000000e-04 1.8500000000e-04
1.5130338135e+09 2.8373000000e-02 1.1000000000e-04 -1.5900000000e-04 -2.0500000000e-04 1.9100000000e-04 1.8400000000e-04 1.8200000000e-04 1.9600000000e-04
1.5163775635e+09 2.8491000000e-02 2.4900000000e-04 -3.0000000000e-06 -4.4000000000e-05 1.8600000000e-04 1.9000000000e-04 1.8700000000e-04 1.9500000000e-04
1.5197213135e+09 2.8093000000e-02 3.0400000000e-04 -5.4000000000e-05 8.9000000000e-05 1.8200000000e-04 1.7300000000e-04 1.8300000000e-04 1.7500000000e-04
1.5364400635e+09 2.8464000000e-02 4.6000000000e-04 -3.2600000000e-04 -1.9500000000e-04 2.9700000000e-04 3.3400000000e-04 2.8900000000e-04 3.0200000000e-04
1.5498150635e+09 2.7948000000e-02 -3.9500000000e-04 -4.7000000000e-05 3.2000000000e-04 2.8000000000e-04 2.4200000000e-04 2.5200000000e-04 2.6100000000e-04
1.5531588135e+09 2.7916000000e-02 -4.3500000000e-04 -1.0800000000e-04 -4.0000000000e-04 2.2200000000e-04 2.0700000000e-04 1.9900000000e-04 2.0900000000e-04
1.5565025635e+09 2.8131000000e-02 1.9300000000e-04 1.9600000000e-04 3.0000000000e-05 2.3100000000e-04 2.1800000000e-04 2.0700000000e-04 2.3700000000e-04
1.5665338135e+09 2.7749000000e-02 3.6000000000e-05 -2.3400000000e-04 2.2000000000e-05 2.0900000000e-04 2.0300000000e-04 1.8800000000e-04 1.9000000000e-04
1.5698775635e+09 2.7076000000e-02 -5.1200000000e-04 -2.6600000000e-04 -9.5000000000e-05 2.5500000000e-04 2.1600000000e-04 2.2700000000e-04 2.3800000000e-04
1.5832525635e+09 2.7231000000e-02 -2.8000000000e-05 -4.0000000000e-06 2.0000000000e-06 2.1900000000e-04 2.1200000000e-04 1.8800000000e-04 2.0000000000e-04
1.5865963135e+09 2.7859000000e-02 3.5000000000e-04 -3.0600000000e-04 -1.9700000000e-04 2.3300000000e-04 2.0200000000e-04 2.2000000000e-04 2.2400000000e-04
1.5932838135e+09 2.7490000000e-02 2.3000000000e-05 -2.8000000000e-05 2.3000000000e-04 2.5300000000e-04 2.5200000000e-04 2.5200000000e-04 2.4400000000e-04
1.5966275635e+09 2.7895000000e-02 2.9900000000e-04 -7.1000000000e-05 -1.7000000000e-04 2.1000000000e-04 2.0100000000e-04 1.9600000000e-04 2.1100000000e-04
1.6066588135e+09 2.7231000000e-02 1.2800000000e-04 -6.1200000000e-04 -9.0000000000e-05 2.0500000000e-04 2.0100000000e-04 1.9600000000e-04 1.9200000000e-04
1.6100025635e+09 2.7405000000e-02 7.2000000000e-05 7.7000000000e-05 1.5200000000e-04 1.7800000000e-04 1.7100000000e-04 1.7500000000e-04 1.8300000000e-04
1.6133463135e+09 2.7158000000e-02 -2.2200000000e-04 4.5000000000e-05 -1.3500000000e-04 1.7600000000e-04 1.8400000000e-04 1.7200000000e-04 1.7900000000e-04
1.6166900635e+09 2.6763000000e-02 -3.0900000000e-04 -2.9700000000e-04 -1.2900000000e-04 1.9600000000e-04 1.9000000000e-04 1.7900000000e-04 1.9100000000e-04
1.6300650635e+09 2.7194000000e-02 -2.2000000000e-05 -9.6000000000e-05 2.8300000000e-04 1.8500000000e-04 1.8100000000e-04 1.8200000000e-04 1.8400000000e-04
1.6334088135e+09 2.6867000000e-02 2.7900000000e-04 -4.3000000000e-05 6.0000000000e-05 1.8400000000e-04 1.8400000000e-04 1.7600000000e-04 1.8700000000e-04
1.6367525635e+09 2.6866000000e-02 -6.1000000000e-05 -1.9000000000e-04 -5.0000000000e-06 1.9400000000e-04 1.8700000000e-04 1.9100000000e-04 1.7400000000e-04
1.6400963135e+09 2.6512000000e-02 1.6300000000e-04 2.0000000000e-06 -7.1000000000e-05 1.9000000000e-04 1.8900000000e-04 1.9200000000e-04 1.8800000000e-04
1.6434400635e+09 2.7200000000e-02 -4.4000000000e-05 2.3000000000e-05 -1.8000000000e-04 1.7200000000e-04 1.7800000000e-04 1.8500000000e-04 1.8500000000e-04
1.6467838135e+09 2.7127000000e-02 4.1000000000e-05 -1.6900000000e-04 5.4000000000e-05 1.7800000000e-04 1.8800000000e-04 1.9200000000e-04 1.8800000000e-04
