# Cross-hand phase (Xf) calibration table export
# # ──────────────────────────────────────────────
# # Source table  : cal_1GC_1695478381_sdp_l0_1024ch.ms.Xf
# # Code          : 1695478381
# # Obs date (UTC): 2023-09-23
# # Obs time (UTC): 14:20:03
# # Field ID      : 0
# # Field name    : J1331+3030
# # CombineScan   : no
# # Generated     : 2026-05-12 17:51:34
# # N channels    : 112
# # Freq range    : 0.8995 – 1.6485 GHz
# # Median phase  : -8.6007 deg
# # Std phase     : 8.3766 deg
# #
# # Columns: freq(Hz)   phase(deg)
8.9945568848e+08 1.4463582039e+01
9.0614318848e+08 1.3954469681e+01
9.1283068848e+08 1.3312630653e+01
9.1951818848e+08 1.3178347588e+01
9.2620568848e+08 1.2555492401e+01
9.3289318848e+08 1.1954097748e+01
9.4626818848e+08 9.4006261826e+00
9.5295568848e+08 8.6994819641e+00
9.5964318848e+08 7.6243128777e+00
9.6633068848e+08 6.9715576172e+00
9.7301818848e+08 6.6150288582e+00
9.7970568848e+08 6.5363349915e+00
9.8639318848e+08 6.3286709785e+00
9.9308068848e+08 6.4991927147e+00
9.9976818848e+08 6.3506636620e+00
1.0064556885e+09 5.8255462646e+00
1.0131431885e+09 5.4673218727e+00
1.0198306885e+09 4.9477405548e+00
1.0265181885e+09 4.2713236809e+00
1.0332056885e+09 3.5740129948e+00
1.0398931885e+09 2.7863447666e+00
1.0465806885e+09 1.9490784407e+00
1.0532681885e+09 7.5226753950e-01
1.0599556885e+09 -3.9351961017e-01
1.0666431885e+09 -1.3077018261e+00
1.0733306885e+09 -2.0269165039e+00
1.0800181885e+09 -2.3389194012e+00
1.0867056885e+09 -2.4641425610e+00
1.0933931885e+09 -3.0370678902e+00
1.1000806885e+09 -3.2955217361e+00
1.1067681885e+09 -3.6228661537e+00
1.1134556885e+09 -3.6444921494e+00
1.1201431885e+09 -3.5728244781e+00
1.1268306885e+09 -3.6742241383e+00
1.1335181885e+09 -3.5959279537e+00
1.1402056885e+09 -3.6621806622e+00
1.1468931885e+09 -3.6244008541e+00
1.1535806885e+09 -3.6565508842e+00
1.1602681885e+09 -3.8295028210e+00
1.1669556885e+09 -4.2133512497e+00
1.1736431885e+09 -4.4962601662e+00
1.1803306885e+09 -4.3787622452e+00
1.1870181885e+09 -4.2962102890e+00
1.1937056885e+09 -4.5116438866e+00
1.2003931885e+09 -4.5627131462e+00
1.2070806885e+09 -4.8321509361e+00
1.2137681885e+09 -4.9490952492e+00
1.2204556885e+09 -4.9193711281e+00
1.2271431885e+09 -5.5589938164e+00
1.2338306885e+09 -6.2661066055e+00
1.2405181885e+09 -6.9835844040e+00
1.2472056885e+09 -7.9972305298e+00
1.2538931885e+09 -8.4781093597e+00
1.2605806885e+09 -8.8999338150e+00
1.2672681885e+09 -9.1041030884e+00
1.2739556885e+09 -9.1955995560e+00
1.2806431885e+09 -9.0160770416e+00
1.2873306885e+09 -9.0571517944e+00
1.2940181885e+09 -9.3979978561e+00
1.3007056885e+09 -9.1395902634e+00
1.3073931885e+09 -8.8361425400e+00
1.3140806885e+09 -8.6655054092e+00
1.3207681885e+09 -8.5831871033e+00
1.3274556885e+09 -8.5009422302e+00
1.3341431885e+09 -8.6063756943e+00
1.3408306885e+09 -8.5950860977e+00
1.3475181885e+09 -8.6869020462e+00
1.3542056885e+09 -8.7919960022e+00
1.3608931885e+09 -9.1088819504e+00
1.3675806885e+09 -9.3488855362e+00
1.3742681885e+09 -9.5390720367e+00
1.3809556885e+09 -9.7186975479e+00
1.3876431885e+09 -9.8740234375e+00
1.3943306885e+09 -1.0491042137e+01
1.4010181885e+09 -1.1098266602e+01
1.4077056885e+09 -1.1517598152e+01
1.4143931885e+09 -1.1523656845e+01
1.4210806885e+09 -1.1687018394e+01
1.4277681885e+09 -1.1942495346e+01
1.4344556885e+09 -1.2057897568e+01
1.4411431885e+09 -1.2041779518e+01
1.4478306885e+09 -1.1921536446e+01
1.4545181885e+09 -1.2106301308e+01
1.4612056885e+09 -1.2120690346e+01
1.4678931885e+09 -1.2135351181e+01
1.4745806885e+09 -1.2303838730e+01
1.4812681885e+09 -1.2365169525e+01
1.4879556885e+09 -1.2377591133e+01
1.4946431885e+09 -1.2534461021e+01
1.5013306885e+09 -1.2775327682e+01
1.5080181885e+09 -1.2968535423e+01
1.5147056885e+09 -1.3240868568e+01
1.5213931885e+09 -1.3464595795e+01
1.5280806885e+09 -1.3938807487e+01
1.5347681885e+09 -1.4238536835e+01
1.5414556885e+09 -1.4347253799e+01
1.5481431885e+09 -1.4292808533e+01
1.5548306885e+09 -1.4535254478e+01
1.5615181885e+09 -1.4866432190e+01
1.5682056885e+09 -1.4712341309e+01
1.5748931885e+09 -1.4641416550e+01
1.5815806885e+09 -1.4865685463e+01
1.5882681885e+09 -1.5087236404e+01
1.5949556885e+09 -1.5397021294e+01
1.6016431885e+09 -1.5898964882e+01
1.6083306885e+09 -1.6590646744e+01
1.6150181885e+09 -1.7317878723e+01
1.6217056885e+09 -1.8106792450e+01
1.6283931885e+09 -1.9906576157e+01
1.6350806885e+09 -2.0338865280e+01
1.6417681885e+09 -2.0734109879e+01
1.6484556885e+09 -2.0680635452e+01
