# Cross-hand phase (Xf) calibration table export
# # ──────────────────────────────────────────────
# # Source table  : cal_1GC_1696597476_sdp_l0_1k_1024ch.ms.Xf
# # Code          : 1696597476
# # Obs date (UTC): 2023-10-06
# # Obs time (UTC): 13:11:38
# # Field ID      : 0
# # Field name    : J1331+3030
# # CombineScan   : no
# # Generated     : 2026-05-12 17:51:34
# # N channels    : 112
# # Freq range    : 0.8995 – 1.6485 GHz
# # Median phase  : -9.5685 deg
# # Std phase     : 9.2275 deg
# #
# # Columns: freq(Hz)   phase(deg)
8.9945568848e+08 1.3072920799e+01
9.0614318848e+08 1.4831073761e+01
9.1283068848e+08 1.4436686516e+01
9.1951818848e+08 1.4525171280e+01
9.2620568848e+08 1.3528833389e+01
9.3289318848e+08 1.2953417778e+01
9.4626818848e+08 1.1200993538e+01
9.5295568848e+08 9.8799409866e+00
9.5964318848e+08 8.4123334885e+00
9.6633068848e+08 7.7542409897e+00
9.7301818848e+08 7.2273864746e+00
9.7970568848e+08 6.9415683746e+00
9.8639318848e+08 6.6358423233e+00
9.9308068848e+08 6.7484927177e+00
9.9976818848e+08 6.5729703903e+00
1.0064556885e+09 6.0808100700e+00
1.0131431885e+09 5.4304876328e+00
1.0198306885e+09 5.0585093498e+00
1.0265181885e+09 4.5404057503e+00
1.0332056885e+09 3.7934706211e+00
1.0398931885e+09 3.0543217659e+00
1.0465806885e+09 2.1093103886e+00
1.0532681885e+09 8.9641094208e-01
1.0599556885e+09 -1.5866461396e-01
1.0666431885e+09 -1.0805257559e+00
1.0733306885e+09 -1.6320738792e+00
1.0800181885e+09 -2.1311047077e+00
1.0867056885e+09 -2.2149872780e+00
1.0933931885e+09 -2.9303803444e+00
1.1000806885e+09 -3.2704572678e+00
1.1067681885e+09 -3.5932350159e+00
1.1134556885e+09 -3.6895496845e+00
1.1201431885e+09 -3.5786654949e+00
1.1268306885e+09 -3.6714329720e+00
1.1335181885e+09 -3.7390921116e+00
1.1402056885e+09 -3.8041419983e+00
1.1468931885e+09 -3.8722043037e+00
1.1535806885e+09 -3.8405754566e+00
1.1602681885e+09 -4.0783524513e+00
1.1669556885e+09 -4.5803427696e+00
1.1736431885e+09 -4.7856183052e+00
1.1803306885e+09 -4.7112636566e+00
1.1870181885e+09 -4.8114485741e+00
1.1937056885e+09 -5.0353121758e+00
1.2003931885e+09 -5.0239543915e+00
1.2070806885e+09 -4.8402786255e+00
1.2137681885e+09 -4.6513547897e+00
1.2204556885e+09 -5.0346078873e+00
1.2271431885e+09 -5.8993139267e+00
1.2338306885e+09 -6.7759799957e+00
1.2405181885e+09 -7.6480460167e+00
1.2472056885e+09 -8.5779056549e+00
1.2538931885e+09 -8.9702615738e+00
1.2605806885e+09 -9.3539199829e+00
1.2672681885e+09 -9.8961887360e+00
1.2739556885e+09 -1.0091162682e+01
1.2806431885e+09 -9.8730974197e+00
1.2873306885e+09 -9.9695072174e+00
1.2940181885e+09 -1.0181053162e+01
1.3007056885e+09 -1.0080402374e+01
1.3073931885e+09 -9.7378330231e+00
1.3140806885e+09 -9.6521177292e+00
1.3207681885e+09 -9.6324329376e+00
1.3274556885e+09 -9.5070314407e+00
1.3341431885e+09 -9.5610933304e+00
1.3408306885e+09 -9.5758104324e+00
1.3475181885e+09 -9.5790605545e+00
1.3542056885e+09 -9.8239450455e+00
1.3608931885e+09 -1.0134088516e+01
1.3675806885e+09 -1.0357446671e+01
1.3742681885e+09 -1.0676662445e+01
1.3809556885e+09 -1.0870418549e+01
1.3876431885e+09 -1.1118290901e+01
1.3943306885e+09 -1.1598390579e+01
1.4010181885e+09 -1.2265821457e+01
1.4077056885e+09 -1.2690272331e+01
1.4143931885e+09 -1.2908906937e+01
1.4210806885e+09 -1.2928456306e+01
1.4277681885e+09 -1.3177410126e+01
1.4344556885e+09 -1.3339583397e+01
1.4411431885e+09 -1.3422286987e+01
1.4478306885e+09 -1.3383746147e+01
1.4545181885e+09 -1.3502151489e+01
1.4612056885e+09 -1.3576846123e+01
1.4678931885e+09 -1.3542009354e+01
1.4745806885e+09 -1.3758631706e+01
1.4812681885e+09 -1.3782044411e+01
1.4879556885e+09 -1.3757031441e+01
1.4946431885e+09 -1.3882393837e+01
1.5013306885e+09 -1.4166483879e+01
1.5080181885e+09 -1.4406886101e+01
1.5147056885e+09 -1.4632031441e+01
1.5213931885e+09 -1.5047542572e+01
1.5280806885e+09 -1.5503028870e+01
1.5347681885e+09 -1.5864394188e+01
1.5414556885e+09 -1.5993146896e+01
1.5481431885e+09 -1.6094284058e+01
1.5548306885e+09 -1.6271154404e+01
1.5615181885e+09 -1.6669885635e+01
1.5682056885e+09 -1.6797544479e+01
1.5748931885e+09 -1.6739622116e+01
1.5815806885e+09 -1.7203016281e+01
1.5882681885e+09 -1.7322952271e+01
1.5949556885e+09 -1.7289178848e+01
1.6016431885e+09 -1.7788013458e+01
1.6083306885e+09 -1.8538616180e+01
1.6150181885e+09 -1.9260858536e+01
1.6217056885e+09 -2.0143234253e+01
1.6283931885e+09 -2.1871650696e+01
1.6350806885e+09 -2.2483633041e+01
1.6417681885e+09 -2.3063705444e+01
1.6484556885e+09 -2.3212997437e+01
