# Cross-hand phase (Xf) calibration table export
# # ──────────────────────────────────────────────
# # Source table  : cal_1GC_1697283077_sdp_l0_1024ch.ms_combineScan.Xf
# # Code          : 1697283077
# # Obs date (UTC): 2023-10-14
# # Obs time (UTC): 12:13:07
# # Field ID      : 0
# # Field name    : J1331+3030
# # CombineScan   : yes
# # Generated     : 2026-05-12 17:51:34
# # N channels    : 103
# # Freq range    : 0.9663 – 1.6485 GHz
# # Median phase  : -9.2164 deg
# # Std phase     : 8.4172 deg
# #
# # Columns: freq(Hz)   phase(deg)
9.6633068848e+08 9.9469537735e+00
9.7301818848e+08 1.0288393021e+01
9.7970568848e+08 9.9827432632e+00
9.8639318848e+08 9.4567995071e+00
9.9308068848e+08 9.7085914612e+00
9.9976818848e+08 8.9154129028e+00
1.0064556885e+09 8.2636232376e+00
1.0131431885e+09 7.7015056610e+00
1.0198306885e+09 7.2715282440e+00
1.0265181885e+09 6.6116347313e+00
1.0332056885e+09 5.3648533821e+00
1.0398931885e+09 4.6136360168e+00
1.0465806885e+09 3.6557548046e+00
1.0532681885e+09 2.5592806339e+00
1.0599556885e+09 1.1210784912e+00
1.0666431885e+09 1.3369642198e-01
1.0733306885e+09 -4.0305241942e-01
1.0800181885e+09 -7.5106394291e-01
1.0867056885e+09 -7.3385328054e-01
1.0933931885e+09 -1.0645254850e+00
1.1000806885e+09 -1.7439861298e+00
1.1067681885e+09 -2.2988018990e+00
1.1134556885e+09 -2.5040304661e+00
1.1201431885e+09 -2.3767564297e+00
1.1268306885e+09 -2.5066480637e+00
1.1335181885e+09 -2.7175037861e+00
1.1402056885e+09 -2.6118793488e+00
1.1468931885e+09 -2.7892534733e+00
1.1535806885e+09 -2.8444151878e+00
1.1602681885e+09 -2.9386191368e+00
1.1669556885e+09 -3.0084829330e+00
1.1736431885e+09 -3.3546626568e+00
1.1803306885e+09 -3.7689502239e+00
1.1870181885e+09 -3.8498153687e+00
1.1937056885e+09 -3.9000058174e+00
1.2003931885e+09 -4.1535964012e+00
1.2070806885e+09 -4.1965947151e+00
1.2137681885e+09 -4.9320096970e+00
1.2204556885e+09 -5.1505832672e+00
1.2271431885e+09 -5.5955338478e+00
1.2338306885e+09 -6.2280216217e+00
1.2405181885e+09 -7.2467465401e+00
1.2472056885e+09 -7.8457603455e+00
1.2538931885e+09 -8.5191001892e+00
1.2605806885e+09 -9.0114202499e+00
1.2672681885e+09 -9.1566658020e+00
1.2739556885e+09 -9.4857301712e+00
1.2806431885e+09 -9.3398694992e+00
1.2873306885e+09 -9.3607721329e+00
1.2940181885e+09 -9.6868524551e+00
1.3007056885e+09 -9.6231575012e+00
1.3073931885e+09 -9.3741559982e+00
1.3140806885e+09 -9.1133327484e+00
1.3207681885e+09 -9.0053968430e+00
1.3274556885e+09 -9.0207643509e+00
1.3341431885e+09 -9.0716390610e+00
1.3408306885e+09 -9.1908941269e+00
1.3475181885e+09 -9.2163848877e+00
1.3542056885e+09 -9.3278837204e+00
1.3608931885e+09 -9.7338485718e+00
1.3675806885e+09 -1.0228878975e+01
1.3742681885e+09 -1.0603909492e+01
1.3809556885e+09 -1.0768880844e+01
1.3876431885e+09 -1.0981637001e+01
1.3943306885e+09 -1.1516358376e+01
1.4010181885e+09 -1.2291727066e+01
1.4077056885e+09 -1.2709567070e+01
1.4143931885e+09 -1.2867903709e+01
1.4210806885e+09 -1.3043697357e+01
1.4277681885e+09 -1.3188326836e+01
1.4344556885e+09 -1.3281172752e+01
1.4411431885e+09 -1.3388117790e+01
1.4478306885e+09 -1.3313005447e+01
1.4545181885e+09 -1.3311637878e+01
1.4612056885e+09 -1.3401006699e+01
1.4678931885e+09 -1.3505685806e+01
1.4745806885e+09 -1.3660941124e+01
1.4812681885e+09 -1.3747094154e+01
1.4879556885e+09 -1.3834032059e+01
1.4946431885e+09 -1.4031702042e+01
1.5013306885e+09 -1.4410765648e+01
1.5080181885e+09 -1.4646696091e+01
1.5147056885e+09 -1.4963347435e+01
1.5213931885e+09 -1.5375631332e+01
1.5280806885e+09 -1.5802379608e+01
1.5347681885e+09 -1.6359283447e+01
1.5414556885e+09 -1.6560083389e+01
1.5481431885e+09 -1.6719467163e+01
1.5548306885e+09 -1.6733398438e+01
1.5615181885e+09 -1.6815340042e+01
1.5682056885e+09 -1.6992525101e+01
1.5748931885e+09 -1.6975929260e+01
1.5815806885e+09 -1.7450109482e+01
1.5882681885e+09 -1.7708728790e+01
1.5949556885e+09 -1.7985591888e+01
1.6016431885e+09 -1.8465488434e+01
1.6083306885e+09 -1.9216279984e+01
1.6150181885e+09 -2.0100126266e+01
1.6217056885e+09 -2.1143472672e+01
1.6283931885e+09 -2.2630739212e+01
1.6350806885e+09 -2.3271312714e+01
1.6417681885e+09 -2.3733913422e+01
1.6484556885e+09 -2.3688835144e+01
