# Cross-hand phase extracted from Xf calibration table
# # Source table: cal_1GC_1693837274_sdp_l0_1024ch_m063.ms.Xf
# # Obs date:     2023-09-04
# # Generated:    2026-03-09 13:43:19
# # Median phase: -18.7261 deg  Std: 4.5255 deg
# #
# # Columns: freq(Hz) phase(deg)
8.9945568848e+08 -1.8092144012e+01
9.0614318848e+08 -1.8295858383e+01
9.1283068848e+08 -1.8110420227e+01
9.1951818848e+08 -1.7825574875e+01
9.2620568848e+08 -1.7664161682e+01
9.3289318848e+08 -1.7579172134e+01
9.4626818848e+08 -1.7478553772e+01
9.5295568848e+08 -1.7503778458e+01
9.5964318848e+08 -1.7859952927e+01
9.6633068848e+08 -1.7995021820e+01
9.7301818848e+08 -1.8434505463e+01
9.7970568848e+08 -1.8941818237e+01
9.8639318848e+08 -1.9602165222e+01
9.9308068848e+08 -2.0081201553e+01
9.9976818848e+08 -2.0340063095e+01
1.0064556885e+09 -2.0309459686e+01
1.0131431885e+09 -2.0165958405e+01
1.0198306885e+09 -2.0170862198e+01
1.0265181885e+09 -1.9756586075e+01
1.0332056885e+09 -1.9026338577e+01
1.0398931885e+09 -1.8434383392e+01
1.0465806885e+09 -1.7741796494e+01
1.0532681885e+09 -1.7386913300e+01
1.0599556885e+09 -1.7140714645e+01
1.0666431885e+09 -1.7154066086e+01
1.0733306885e+09 -1.7257549286e+01
1.0800181885e+09 -1.7577358246e+01
1.0867056885e+09 -1.7685922623e+01
1.0933931885e+09 -1.8670721054e+01
1.1000806885e+09 -1.8900562286e+01
1.1067681885e+09 -1.9079952240e+01
1.1134556885e+09 -1.9101642609e+01
1.1201431885e+09 -1.9112581253e+01
1.1268306885e+09 -1.9018966675e+01
1.1335181885e+09 -1.9017419815e+01
1.1402056885e+09 -1.9076316833e+01
1.1468931885e+09 -1.8720535278e+01
1.1535806885e+09 -1.8071071625e+01
1.1602681885e+09 -1.7266546249e+01
1.1669556885e+09 -1.6729110718e+01
1.1736431885e+09 -1.6662368774e+01
1.1803306885e+09 -1.5766971588e+01
1.1870181885e+09 -1.5689093590e+01
1.1937056885e+09 -1.5041474342e+01
1.2003931885e+09 -1.4693800926e+01
1.2070806885e+09 -1.4341544151e+01
1.2137681885e+09 -1.4604487419e+01
1.2204556885e+09 -1.4650685310e+01
1.2271431885e+09 -1.4725367546e+01
1.2338306885e+09 -1.5180146217e+01
1.2405181885e+09 -1.5600140572e+01
1.2472056885e+09 -1.5890188217e+01
1.2538931885e+09 -1.6350317001e+01
1.2605806885e+09 -1.6442665100e+01
1.2672681885e+09 -1.6199417114e+01
1.2739556885e+09 -1.6433601379e+01
1.2806431885e+09 -1.6631231308e+01
1.2873306885e+09 -1.6791423798e+01
1.2940181885e+09 -1.7221351624e+01
1.3007056885e+09 -1.7311754227e+01
1.3073931885e+09 -1.7537841797e+01
1.3140806885e+09 -1.7814905167e+01
1.3207681885e+09 -1.7979501724e+01
1.3274556885e+09 -1.8082260132e+01
1.3341431885e+09 -1.8426006317e+01
1.3408306885e+09 -1.8588451385e+01
1.3475181885e+09 -1.8692064285e+01
1.3542056885e+09 -1.8952465057e+01
1.3608931885e+09 -1.8930582047e+01
1.3675806885e+09 -1.8731754303e+01
1.3742681885e+09 -1.8779062271e+01
1.3809556885e+09 -1.8774881363e+01
1.3876431885e+09 -1.8677127838e+01
1.3943306885e+09 -1.8655443192e+01
1.4010181885e+09 -1.8558837891e+01
1.4077056885e+09 -1.8462823868e+01
1.4143931885e+09 -1.8740537643e+01
1.4210806885e+09 -1.8700147629e+01
1.4277681885e+09 -1.8764085770e+01
1.4344556885e+09 -1.8930690765e+01
1.4411431885e+09 -1.9096323013e+01
1.4478306885e+09 -1.9309970856e+01
1.4545181885e+09 -1.9656488419e+01
1.4612056885e+09 -2.0227912903e+01
1.4678931885e+09 -2.0380933762e+01
1.4745806885e+09 -2.0735483170e+01
1.4812681885e+09 -2.1112689972e+01
1.4879556885e+09 -2.1454910278e+01
1.4946431885e+09 -2.1830217361e+01
1.5013306885e+09 -2.2040571213e+01
1.5080181885e+09 -2.1857007980e+01
1.5147056885e+09 -2.1713289261e+01
1.5213931885e+09 -2.1619064331e+01
1.5280806885e+09 -2.1716934204e+01
1.5347681885e+09 -2.1974445343e+01
1.5414556885e+09 -2.2757535934e+01
1.5481431885e+09 -2.3255199432e+01
1.5548306885e+09 -2.4112695694e+01
1.5615181885e+09 -2.5606740952e+01
1.5682056885e+09 -2.6679805756e+01
1.5748931885e+09 -2.8011148453e+01
1.5815806885e+09 -2.9547969818e+01
1.5882681885e+09 -3.0342926025e+01
1.5949556885e+09 -3.1411050797e+01
1.6016431885e+09 -3.1931510925e+01
1.6083306885e+09 -3.1967519760e+01
1.6150181885e+09 -3.1992000580e+01
1.6217056885e+09 -3.2047145844e+01
1.6283931885e+09 -3.2212829590e+01
1.6350806885e+09 -3.2414562225e+01
1.6417681885e+09 -3.2765178680e+01
1.6484556885e+09 -3.3199600220e+01
