# Cross-hand phase extracted from Xf calibration table
# # Source table: cal_1GC_1693837274_sdp_l0_1024ch.ms.Xf
# # Obs date:     2023-09-04
# # Generated:    2026-03-02 16:06:41
# # Median phase: 32.0871 deg  Std: 2.0053 deg
# #
# # Columns: freq(Hz) phase(deg)
8.9945568848e+08 3.4394828796e+01
9.0614318848e+08 3.3845851898e+01
9.1283068848e+08 3.3053031921e+01
9.1951818848e+08 3.2530475616e+01
9.2620568848e+08 3.1962131500e+01
9.3289318848e+08 3.1531377792e+01
9.4626818848e+08 3.1031877518e+01
9.5295568848e+08 3.1453722000e+01
9.5964318848e+08 3.1659185410e+01
9.6633068848e+08 3.1800123215e+01
9.7301818848e+08 3.1687421799e+01
9.7970568848e+08 3.1374225616e+01
9.8639318848e+08 3.1075630188e+01
9.9308068848e+08 3.0965473175e+01
9.9976818848e+08 3.0663927078e+01
1.0064556885e+09 3.0486322403e+01
1.0131431885e+09 3.0335935593e+01
1.0198306885e+09 2.9993066788e+01
1.0265181885e+09 2.9947946548e+01
1.0332056885e+09 3.0025520325e+01
1.0398931885e+09 3.0163158417e+01
1.0465806885e+09 3.0279409409e+01
1.0532681885e+09 3.0073307037e+01
1.0599556885e+09 2.9935400009e+01
1.0666431885e+09 2.9960535049e+01
1.0733306885e+09 3.0267606735e+01
1.0800181885e+09 3.0400897980e+01
1.0867056885e+09 3.0716054916e+01
1.0933931885e+09 3.0590240479e+01
1.1000806885e+09 3.0568441391e+01
1.1067681885e+09 3.0525186539e+01
1.1134556885e+09 3.0450477600e+01
1.1201431885e+09 3.0438562393e+01
1.1268306885e+09 3.0523317337e+01
1.1335181885e+09 3.0446027756e+01
1.1402056885e+09 3.0225242615e+01
1.1468931885e+09 3.0148464203e+01
1.1535806885e+09 3.0231941223e+01
1.1602681885e+09 3.0601917267e+01
1.1669556885e+09 3.0558862686e+01
1.1736431885e+09 3.0862682343e+01
1.1803306885e+09 3.1216627121e+01
1.1870181885e+09 3.1207098007e+01
1.1937056885e+09 3.1648881912e+01
1.2003931885e+09 3.1910966873e+01
1.2070806885e+09 3.2028339386e+01
1.2137681885e+09 3.2489749908e+01
1.2204556885e+09 3.2665191650e+01
1.2271431885e+09 3.2943965912e+01
1.2338306885e+09 3.3169498444e+01
1.2405181885e+09 3.3332656860e+01
1.2472056885e+09 3.3385208130e+01
1.2538931885e+09 3.3243919373e+01
1.2605806885e+09 3.3281509399e+01
1.2672681885e+09 3.2945598602e+01
1.2739556885e+09 3.2788593292e+01
1.2806431885e+09 3.2614849091e+01
1.2873306885e+09 3.2586513519e+01
1.2940181885e+09 3.2183872223e+01
1.3007056885e+09 3.2268283844e+01
1.3073931885e+09 3.2249210358e+01
1.3140806885e+09 3.2254024506e+01
1.3207681885e+09 3.2189647675e+01
1.3274556885e+09 3.2175727844e+01
1.3341431885e+09 3.1776483536e+01
1.3408306885e+09 3.1667425156e+01
1.3475181885e+09 3.1631959915e+01
1.3542056885e+09 3.1439451218e+01
1.3608931885e+09 3.1301877975e+01
1.3675806885e+09 3.1304107666e+01
1.3742681885e+09 3.1150432587e+01
1.3809556885e+09 3.1067075729e+01
1.3876431885e+09 3.1216999054e+01
1.3943306885e+09 3.1240362167e+01
1.4010181885e+09 3.0990127563e+01
1.4077056885e+09 3.1056770325e+01
1.4143931885e+09 3.1062871933e+01
1.4210806885e+09 3.1572154999e+01
1.4277681885e+09 3.2145782471e+01
1.4344556885e+09 3.2645172119e+01
1.4411431885e+09 3.3124210358e+01
1.4478306885e+09 3.3570468903e+01
1.4545181885e+09 3.3939071655e+01
1.4612056885e+09 3.4422615051e+01
1.4678931885e+09 3.5193271637e+01
1.4745806885e+09 3.5846080780e+01
1.4812681885e+09 3.6433670044e+01
1.4879556885e+09 3.6971221924e+01
1.4946431885e+09 3.7185604095e+01
1.5013306885e+09 3.7048583984e+01
1.5080181885e+09 3.6912815094e+01
1.5147056885e+09 3.6655590057e+01
1.5213931885e+09 3.6389404297e+01
1.5280806885e+09 3.6122776031e+01
1.5347681885e+09 3.6073234558e+01
1.5414556885e+09 3.6055168152e+01
1.5481431885e+09 3.5905879974e+01
1.5548306885e+09 3.5865913391e+01
1.5615181885e+09 3.5292591095e+01
1.5682056885e+09 3.5005767822e+01
1.5748931885e+09 3.4768440247e+01
1.5815806885e+09 3.4350379944e+01
1.5882681885e+09 3.4348808289e+01
1.5949556885e+09 3.4303428650e+01
1.6016431885e+09 3.4205837250e+01
1.6083306885e+09 3.4042606354e+01
1.6150181885e+09 3.4150791168e+01
1.6217056885e+09 3.4269802094e+01
1.6283931885e+09 3.4573638916e+01
1.6350806885e+09 3.4697502136e+01
1.6417681885e+09 3.4681156158e+01
1.6484556885e+09 3.4847877502e+01
