9.044713134765620232e+08 8.354000000000000314e-03 5.640000000000000482e-04 -8.720000000000000537e-04 3.069999999999999812e-04 2.759999999999999867e-04 2.559999999999999884e-04
9.078150634765620232e+08 8.437999999999999320e-03 7.010000000000000172e-04 -2.570000000000000127e-04 2.829999999999999942e-04 2.359999999999999902e-04 2.200000000000000078e-04
9.111588134765620232e+08 8.390999999999999154e-03 1.689999999999999879e-04 -7.410000000000000137e-04 2.869999999999999830e-04 2.649999999999999903e-04 2.620000000000000258e-04
9.145025634765620232e+08 8.763999999999999221e-03 5.280000000000000405e-04 -9.100000000000000287e-05 2.779999999999999811e-04 2.629999999999999959e-04 2.649999999999999903e-04
9.178463134765620232e+08 8.652999999999999234e-03 2.120000000000000031e-04 -6.299999999999999990e-05 2.869999999999999830e-04 2.570000000000000127e-04 2.579999999999999828e-04
9.245338134765620232e+08 8.326999999999999333e-03 6.229999999999999644e-04 -5.419999999999999471e-04 3.080000000000000055e-04 2.530000000000000239e-04 2.480000000000000108e-04
9.278775634765620232e+08 8.918999999999999845e-03 8.800000000000000313e-04 -5.310000000000000050e-04 2.809999999999999998e-04 2.460000000000000164e-04 2.480000000000000108e-04
9.312213134765620232e+08 9.114000000000000573e-03 7.820000000000000345e-04 -2.429999999999999977e-04 2.930000000000000204e-04 2.449999999999999921e-04 2.449999999999999921e-04
9.512838134765620232e+08 8.384000000000000827e-03 6.409999999999999682e-04 -3.490000000000000263e-04 2.809999999999999998e-04 2.640000000000000202e-04 2.770000000000000110e-04
9.680025634765620232e+08 8.184999999999999568e-03 3.409999999999999945e-04 -2.200000000000000078e-04 2.320000000000000014e-04 2.489999999999999809e-04 2.079999999999999872e-04
9.713463134765620232e+08 8.434999999999999790e-03 7.179999999999999967e-04 -7.299999999999999632e-04 2.539999999999999940e-04 2.329999999999999986e-04 2.079999999999999872e-04
9.746900634765620232e+08 8.326000000000000068e-03 5.320000000000000293e-04 -3.130000000000000187e-04 2.380000000000000117e-04 2.349999999999999930e-04 2.120000000000000031e-04
9.780338134765620232e+08 8.514999999999999999e-03 3.310000000000000225e-04 -3.669999999999999760e-04 2.550000000000000183e-04 2.180000000000000134e-04 2.369999999999999874e-04
9.914088134765620232e+08 8.196000000000000160e-03 7.649999999999999465e-04 -8.469999999999999881e-04 2.320000000000000014e-04 2.120000000000000031e-04 2.220000000000000022e-04
9.947525634765620232e+08 8.279999999999999166e-03 6.380000000000000037e-04 -7.020000000000000415e-04 2.410000000000000033e-04 2.159999999999999919e-04 2.100000000000000087e-04
9.980963134765620232e+08 8.352999999999999314e-03 6.700000000000000226e-04 -2.840000000000000185e-04 2.480000000000000108e-04 2.449999999999999921e-04 2.120000000000000031e-04
1.001440063476559997e+09 7.877000000000000321e-03 6.290000000000000018e-04 -5.720000000000000258e-04 2.239999999999999966e-04 2.320000000000000014e-04 2.300000000000000070e-04
1.004783813476559997e+09 8.455000000000000709e-03 6.570000000000000319e-04 -3.620000000000000171e-04 2.369999999999999874e-04 2.249999999999999938e-04 2.259999999999999910e-04
1.008127563476559997e+09 8.588999999999999413e-03 5.220000000000000031e-04 -5.659999999999999884e-04 2.420000000000000005e-04 2.300000000000000070e-04 2.069999999999999900e-04
1.011471313476559997e+09 7.668999999999999602e-03 8.249999999999999955e-04 -2.500000000000000052e-04 2.689999999999999791e-04 2.130000000000000003e-04 2.259999999999999910e-04
1.014815063476559997e+09 8.552000000000000574e-03 3.710000000000000190e-04 -2.049999999999999956e-04 2.269999999999999882e-04 2.180000000000000134e-04 2.220000000000000022e-04
1.018158813476559997e+09 8.418999999999999401e-03 1.800000000000000113e-04 -5.339999999999999695e-04 2.439999999999999949e-04 2.280000000000000126e-04 2.079999999999999872e-04
1.021502563476559997e+09 7.837000000000000216e-03 1.379999999999999933e-04 -6.480000000000000300e-04 2.229999999999999994e-04 2.359999999999999902e-04 2.269999999999999882e-04
1.024846313476559997e+09 8.378999999999999296e-03 3.579999999999999741e-04 -3.550000000000000096e-04 2.259999999999999910e-04 2.190000000000000106e-04 2.049999999999999956e-04
1.028190063476559997e+09 8.384000000000000827e-03 4.159999999999999744e-04 -4.560000000000000251e-04 2.799999999999999755e-04 2.380000000000000117e-04 2.559999999999999884e-04
1.034877563476559997e+09 7.957999999999999796e-03 3.570000000000000040e-04 -1.979999999999999881e-04 2.429999999999999977e-04 2.130000000000000003e-04 2.020000000000000040e-04
1.038221313476559997e+09 7.820999999999999827e-03 -3.999999999999999819e-06 -2.300000000000000070e-04 2.320000000000000014e-04 2.130000000000000003e-04 2.169999999999999891e-04
1.041565063476559997e+09 8.082999999999999907e-03 6.059999999999999849e-04 -2.840000000000000185e-04 2.420000000000000005e-04 2.349999999999999930e-04 2.390000000000000089e-04
1.044908813476559997e+09 8.023000000000000617e-03 4.670000000000000214e-04 -4.199999999999999768e-05 2.229999999999999994e-04 2.280000000000000126e-04 2.400000000000000061e-04
1.048252563476559997e+09 7.655000000000000346e-03 2.669999999999999847e-04 -2.860000000000000129e-04 2.280000000000000126e-04 1.959999999999999937e-04 2.149999999999999947e-04
1.051596313476559997e+09 7.504000000000000253e-03 6.250000000000000130e-04 -3.319999999999999926e-04 2.130000000000000003e-04 2.130000000000000003e-04 2.110000000000000059e-04
1.054940063476559997e+09 7.701999999999999645e-03 4.429999999999999802e-04 -3.240000000000000150e-04 2.110000000000000059e-04 2.079999999999999872e-04 2.210000000000000050e-04
1.058283813476559997e+09 7.167999999999999892e-03 -1.500000000000000038e-05 -6.750000000000000357e-04 2.410000000000000033e-04 2.200000000000000078e-04 2.500000000000000052e-04
1.064971313476559997e+09 7.565999999999999809e-03 5.500000000000000331e-04 -4.949999999999999973e-04 2.130000000000000003e-04 1.939999999999999993e-04 2.139999999999999975e-04
1.068315063476559997e+09 8.073999999999999580e-03 4.650000000000000270e-04 -1.890000000000000133e-04 2.210000000000000050e-04 1.969999999999999909e-04 2.130000000000000003e-04
1.071658813476559997e+09 7.165000000000000362e-03 2.809999999999999998e-04 -1.789999999999999870e-04 2.269999999999999882e-04 2.010000000000000068e-04 2.020000000000000040e-04
1.075002563476560116e+09 7.585999999999999861e-03 3.570000000000000040e-04 -1.359999999999999989e-04 2.339999999999999958e-04 2.210000000000000050e-04 2.000000000000000096e-04
1.078346313476560116e+09 7.934999999999999346e-03 1.389999999999999905e-04 -2.449999999999999921e-04 2.200000000000000078e-04 2.049999999999999956e-04 1.930000000000000021e-04
1.081690063476560116e+09 7.572999999999999871e-03 4.000000000000000192e-04 -3.029999999999999924e-04 2.349999999999999930e-04 2.310000000000000042e-04 2.079999999999999872e-04
1.085033813476560116e+09 7.439000000000000300e-03 7.439999999999999782e-04 -1.469999999999999953e-04 2.369999999999999874e-04 2.259999999999999910e-04 2.110000000000000059e-04
1.095065063476560116e+09 7.130000000000000053e-03 3.649999999999999816e-04 -2.400000000000000061e-05 2.020000000000000040e-04 2.069999999999999900e-04 1.969999999999999909e-04
1.098408813476560116e+09 7.498999999999999590e-03 5.559999999999999621e-04 -1.559999999999999972e-04 2.159999999999999919e-04 2.190000000000000106e-04 2.100000000000000087e-04
1.101752563476560116e+09 7.152999999999999636e-03 2.620000000000000258e-04 -4.380000000000000213e-04 2.190000000000000106e-04 2.249999999999999938e-04 2.239999999999999966e-04
1.105096313476560116e+09 7.276000000000000349e-03 4.330000000000000081e-04 1.169999999999999979e-04 2.079999999999999872e-04 1.879999999999999890e-04 2.090000000000000115e-04
1.108440063476560116e+09 7.009999999999999738e-03 6.019999999999999961e-04 -4.049999999999999781e-04 2.220000000000000022e-04 2.079999999999999872e-04 2.090000000000000115e-04
1.111783813476560116e+09 7.557999999999999614e-03 5.090000000000000123e-04 -1.890000000000000133e-04 2.300000000000000070e-04 2.069999999999999900e-04 2.300000000000000070e-04
1.115127563476560116e+09 7.177000000000000220e-03 4.409999999999999858e-04 -5.370000000000000424e-04 2.090000000000000115e-04 1.990000000000000124e-04 1.930000000000000021e-04
1.118471313476560116e+09 7.289999999999999605e-03 4.449999999999999746e-04 -3.629999999999999872e-04 2.059999999999999928e-04 1.959999999999999937e-04 1.930000000000000021e-04
1.121815063476560116e+09 7.296999999999999667e-03 4.420000000000000101e-04 -2.880000000000000073e-04 2.220000000000000022e-04 2.290000000000000098e-04 2.090000000000000115e-04
1.125158813476560116e+09 7.131000000000000186e-03 8.700000000000000051e-05 1.649999999999999991e-04 2.290000000000000098e-04 2.039999999999999984e-04 1.979999999999999881e-04
1.128502563476560116e+09 7.335000000000000374e-03 7.029999999999999574e-04 -1.820000000000000057e-04 1.969999999999999909e-04 2.020000000000000040e-04 2.159999999999999919e-04
1.131846313476560116e+09 7.334000000000000241e-03 6.909999999999999910e-04 -1.589999999999999888e-04 2.059999999999999928e-04 1.949999999999999965e-04 1.920000000000000049e-04
1.135190063476560116e+09 7.150000000000000105e-03 7.259999999999999743e-04 -3.699999999999999811e-05 2.210000000000000050e-04 2.100000000000000087e-04 2.229999999999999994e-04
1.138533813476560116e+09 6.595000000000000168e-03 5.590000000000000351e-04 -1.959999999999999937e-04 2.410000000000000033e-04 1.890000000000000133e-04 2.069999999999999900e-04
1.141877563476560116e+09 7.147999999999999840e-03 3.930000000000000117e-04 -3.910000000000000172e-04 2.290000000000000098e-04 2.180000000000000134e-04 1.910000000000000077e-04
1.145221313476560116e+09 6.836000000000000063e-03 8.149999999999999693e-04 -8.700000000000000051e-05 2.469999999999999865e-04 2.269999999999999882e-04 2.149999999999999947e-04
1.148565063476560116e+09 6.806000000000000417e-03 4.629999999999999784e-04 -1.859999999999999945e-04 2.429999999999999977e-04 2.259999999999999910e-04 2.229999999999999994e-04
1.151908813476560116e+09 6.845000000000000390e-03 4.519999999999999821e-04 -1.469999999999999953e-04 2.269999999999999882e-04 2.059999999999999928e-04 2.110000000000000059e-04
1.155252563476560116e+09 7.152000000000000371e-03 3.330000000000000169e-04 -4.490000000000000176e-04 2.149999999999999947e-04 1.869999999999999917e-04 1.900000000000000105e-04
1.158596313476560116e+09 7.138000000000000247e-03 4.510000000000000120e-04 -6.459999999999999814e-04 1.910000000000000077e-04 1.879999999999999890e-04 2.069999999999999900e-04
1.161940063476560116e+09 7.061999999999999701e-03 4.949999999999999973e-04 -2.200000000000000078e-04 2.420000000000000005e-04 2.200000000000000078e-04 2.030000000000000012e-04
1.165283813476560116e+09 7.110000000000000001e-03 7.900000000000000121e-04 -2.130000000000000003e-04 1.789999999999999870e-04 1.820000000000000057e-04 1.849999999999999973e-04
1.168627563476560116e+09 6.688999999999999634e-03 7.140000000000000079e-04 -4.130000000000000099e-04 3.170000000000000075e-04 2.640000000000000202e-04 2.539999999999999940e-04
1.185346313476560116e+09 6.444000000000000075e-03 1.730000000000000038e-04 -2.530000000000000239e-04 2.519999999999999996e-04 2.110000000000000059e-04 2.100000000000000087e-04
1.188690063476560116e+09 6.788999999999999896e-03 5.869999999999999567e-04 -3.009999999999999980e-04 1.920000000000000049e-04 1.859999999999999945e-04 2.130000000000000003e-04
1.192033813476560116e+09 6.582000000000000177e-03 2.000000000000000096e-04 -3.690000000000000246e-04 2.229999999999999994e-04 2.130000000000000003e-04 1.910000000000000077e-04
1.195377563476560116e+09 6.975000000000000297e-03 2.200000000000000078e-04 -6.480000000000000300e-04 2.200000000000000078e-04 2.039999999999999984e-04 1.990000000000000124e-04
1.198721313476560116e+09 6.636000000000000405e-03 5.590000000000000351e-04 -2.519999999999999996e-04 2.660000000000000146e-04 2.069999999999999900e-04 2.400000000000000061e-04
1.215440063476560116e+09 6.420000000000000359e-03 3.649999999999999816e-04 -3.780000000000000265e-04 2.320000000000000014e-04 2.280000000000000126e-04 2.100000000000000087e-04
1.218783813476560116e+09 7.442999999999999963e-03 7.529999999999999801e-04 -1.219999999999999974e-04 2.239999999999999966e-04 1.959999999999999937e-04 2.110000000000000059e-04
1.222127563476560116e+09 7.270999999999999686e-03 5.320000000000000293e-04 -9.699999999999999963e-05 2.310000000000000042e-04 2.039999999999999984e-04 2.069999999999999900e-04
1.232158813476560116e+09 6.588000000000000106e-03 3.280000000000000038e-04 -4.479999999999999933e-04 2.570000000000000127e-04 2.310000000000000042e-04 2.139999999999999975e-04
1.235502563476560116e+09 6.708999999999999686e-03 5.190000000000000386e-04 -2.869999999999999830e-04 2.429999999999999977e-04 2.120000000000000031e-04 2.310000000000000042e-04
1.238846313476560116e+09 6.803000000000000019e-03 2.220000000000000022e-04 2.719999999999999979e-04 2.329999999999999986e-04 2.000000000000000096e-04 1.979999999999999881e-04
1.242190063476560116e+09 6.723999999999999942e-03 2.000000000000000164e-05 -4.070000000000000267e-04 2.400000000000000061e-04 2.229999999999999994e-04 2.400000000000000061e-04
1.252221313476560116e+09 6.886999999999999893e-03 4.679999999999999915e-04 -2.599999999999999772e-04 2.010000000000000068e-04 2.169999999999999891e-04 1.979999999999999881e-04
1.255565063476560116e+09 6.524000000000000285e-03 5.550000000000000462e-04 -1.110000000000000011e-04 2.039999999999999984e-04 2.100000000000000087e-04 2.000000000000000096e-04
1.258908813476560116e+09 6.891999999999999689e-03 2.999999999999999737e-04 2.640000000000000202e-04 2.010000000000000068e-04 1.959999999999999937e-04 1.900000000000000105e-04
1.282315063476560116e+09 6.028000000000000372e-03 2.680000000000000090e-04 -2.570000000000000127e-04 2.869999999999999830e-04 2.869999999999999830e-04 2.640000000000000202e-04
1.285658813476560116e+09 6.988000000000000288e-03 6.000000000000000152e-06 -1.830000000000000029e-04 2.999999999999999737e-04 2.889999999999999774e-04 2.629999999999999959e-04
1.295690063476560116e+09 6.821999999999999939e-03 3.750000000000000078e-04 -1.440000000000000036e-04 2.169999999999999891e-04 2.139999999999999975e-04 2.020000000000000040e-04
1.299033813476560116e+09 6.314000000000000168e-03 7.110000000000000434e-04 -2.709999999999999735e-04 2.100000000000000087e-04 2.130000000000000003e-04 2.069999999999999900e-04
1.302377563476560116e+09 6.512999999999999692e-03 5.019999999999999506e-04 -9.899999999999999404e-05 2.190000000000000106e-04 2.030000000000000012e-04 2.079999999999999872e-04
1.305721313476560116e+09 6.714999999999999615e-03 4.049999999999999781e-04 -2.359999999999999902e-04 1.879999999999999890e-04 2.030000000000000012e-04 1.920000000000000049e-04
1.309065063476560116e+09 6.701999999999999624e-03 6.650000000000000095e-04 -3.910000000000000172e-04 1.939999999999999993e-04 2.059999999999999928e-04 1.990000000000000124e-04
1.312408813476560116e+09 6.786999999999999630e-03 7.089999999999999948e-04 -8.200000000000000095e-05 1.900000000000000105e-04 2.020000000000000040e-04 2.020000000000000040e-04
1.315752563476560116e+09 6.714999999999999615e-03 5.479999999999999845e-04 -3.220000000000000206e-04 2.000000000000000096e-04 2.100000000000000087e-04 1.930000000000000021e-04
1.319096313476560116e+09 6.522000000000000020e-03 5.389999999999999826e-04 1.579999999999999916e-04 2.149999999999999947e-04 2.069999999999999900e-04 2.059999999999999928e-04
1.322440063476560116e+09 6.806999999999999683e-03 5.050000000000000235e-04 -2.799999999999999958e-05 1.939999999999999993e-04 1.910000000000000077e-04 2.069999999999999900e-04
1.325783813476560116e+09 6.474999999999999853e-03 5.450000000000000200e-04 -1.679999999999999907e-04 1.920000000000000049e-04 1.900000000000000105e-04 1.920000000000000049e-04
1.329127563476560116e+09 6.296000000000000381e-03 5.839999999999999922e-04 -1.399999999999999877e-04 1.949999999999999965e-04 2.030000000000000012e-04 2.210000000000000050e-04
1.332471313476560116e+09 5.941000000000000100e-03 6.160000000000000111e-04 -2.539999999999999940e-04 2.139999999999999975e-04 2.069999999999999900e-04 2.159999999999999919e-04
1.335815063476560116e+09 6.421999999999999757e-03 4.319999999999999838e-04 -3.690000000000000246e-04 1.840000000000000001e-04 2.020000000000000040e-04 2.020000000000000040e-04
1.339158813476560116e+09 6.165999999999999606e-03 4.640000000000000027e-04 -3.209999999999999963e-04 2.010000000000000068e-04 1.830000000000000029e-04 1.910000000000000077e-04
1.342502563476560116e+09 6.296999999999999646e-03 6.809999999999999647e-04 -1.019999999999999992e-04 2.180000000000000134e-04 2.120000000000000031e-04 1.869999999999999917e-04
1.345846313476560116e+09 6.139999999999999625e-03 3.579999999999999741e-04 -4.000000000000000192e-04 1.879999999999999890e-04 2.049999999999999956e-04 1.779999999999999898e-04
1.349190063476560116e+09 5.969999999999999613e-03 4.169999999999999987e-04 -2.130000000000000003e-04 2.000000000000000096e-04 1.949999999999999965e-04 1.859999999999999945e-04
1.352533813476560116e+09 6.164000000000000208e-03 1.679999999999999907e-04 -1.900000000000000105e-04 1.969999999999999909e-04 1.949999999999999965e-04 1.679999999999999907e-04
1.355877563476560116e+09 6.217999999999999569e-03 4.829999999999999767e-04 -1.759999999999999954e-04 2.039999999999999984e-04 1.879999999999999890e-04 1.820000000000000057e-04
1.359221313476560116e+09 6.259999999999999939e-03 4.479999999999999933e-04 -2.550000000000000183e-04 1.869999999999999917e-04 1.830000000000000029e-04 1.830000000000000029e-04
1.362565063476560116e+09 6.414999999999999696e-03 6.750000000000000357e-04 -1.700000000000000122e-04 1.910000000000000077e-04 1.949999999999999965e-04 1.869999999999999917e-04
1.365908813476560116e+09 6.511000000000000294e-03 8.300000000000000086e-04 5.000000000000000240e-05 1.930000000000000021e-04 1.900000000000000105e-04 2.020000000000000040e-04
1.369252563476560116e+09 6.076999999999999937e-03 6.300000000000000261e-04 4.699999999999999724e-05 1.890000000000000133e-04 2.000000000000000096e-04 1.669999999999999935e-04
1.372596313476560116e+09 6.268000000000000134e-03 3.490000000000000263e-04 -5.899999999999999754e-05 2.100000000000000087e-04 2.100000000000000087e-04 1.869999999999999917e-04
1.375940063476560116e+09 6.079000000000000202e-03 4.670000000000000214e-04 -3.000000000000000076e-05 1.910000000000000077e-04 1.910000000000000077e-04 1.969999999999999909e-04
1.379283813476560116e+09 6.257000000000000409e-03 3.750000000000000078e-04 -1.269999999999999970e-04 1.890000000000000133e-04 1.810000000000000085e-04 1.840000000000000001e-04
1.382627563476560116e+09 5.994000000000000196e-03 6.099999999999999737e-04 -1.730000000000000038e-04 2.049999999999999956e-04 1.920000000000000049e-04 1.910000000000000077e-04
1.385971313476560116e+09 6.276000000000000328e-03 3.789999999999999966e-04 -3.899999999999999929e-05 1.820000000000000057e-04 1.820000000000000057e-04 1.849999999999999973e-04
1.389315063476560116e+09 6.487999999999999844e-03 3.289999999999999739e-04 -1.550000000000000000e-04 1.900000000000000105e-04 1.939999999999999993e-04 1.939999999999999993e-04
1.392658813476560116e+09 6.375999999999999723e-03 5.630000000000000239e-04 -2.220000000000000022e-04 2.030000000000000012e-04 1.990000000000000124e-04 2.020000000000000040e-04
1.396002563476560116e+09 6.250999999999999612e-03 4.899999999999999842e-04 -1.430000000000000064e-04 1.900000000000000105e-04 2.020000000000000040e-04 1.939999999999999993e-04
1.399346313476560116e+09 6.438000000000000146e-03 3.460000000000000076e-04 1.459999999999999981e-04 1.800000000000000113e-04 1.949999999999999965e-04 1.920000000000000049e-04
1.402690063476560116e+09 5.890000000000000270e-03 6.819999999999999890e-04 -4.979999999999999618e-04 1.910000000000000077e-04 2.100000000000000087e-04 1.959999999999999937e-04
1.406033813476560116e+09 6.056999999999999884e-03 3.989999999999999949e-04 -2.700000000000000035e-04 2.030000000000000012e-04 1.779999999999999898e-04 2.010000000000000068e-04
1.409377563476560116e+09 6.135999999999999961e-03 9.150000000000000147e-04 5.399999999999999798e-05 2.090000000000000115e-04 1.859999999999999945e-04 1.959999999999999937e-04
1.412721313476560116e+09 6.042999999999999761e-03 4.809999999999999823e-04 -1.240000000000000054e-04 1.969999999999999909e-04 1.939999999999999993e-04 2.030000000000000012e-04
1.416065063476560116e+09 6.257999999999999674e-03 3.589999999999999984e-04 6.000000000000000152e-05 2.020000000000000040e-04 1.800000000000000113e-04 2.020000000000000040e-04
1.422752563476560116e+09 5.635000000000000252e-03 4.510000000000000120e-04 1.069999999999999988e-04 2.700000000000000035e-04 2.730000000000000222e-04 2.689999999999999791e-04
1.426096313476560116e+09 5.951999999999999826e-03 5.060000000000000478e-04 -3.260000000000000094e-04 1.840000000000000001e-04 1.969999999999999909e-04 1.879999999999999890e-04
1.429440063476560116e+09 5.879999999999999810e-03 3.480000000000000020e-04 1.219999999999999974e-04 1.879999999999999890e-04 1.810000000000000085e-04 2.020000000000000040e-04
1.432783813476560116e+09 6.324999999999999893e-03 4.739999999999999747e-04 -1.990000000000000124e-04 2.039999999999999984e-04 1.969999999999999909e-04 1.890000000000000133e-04
1.436127563476560116e+09 6.165000000000000341e-03 7.929999999999999766e-04 -1.069999999999999988e-04 1.979999999999999881e-04 1.769999999999999926e-04 1.810000000000000085e-04
1.439471313476560116e+09 6.224999999999999631e-03 5.190000000000000386e-04 -2.509999999999999753e-04 1.939999999999999993e-04 2.059999999999999928e-04 1.840000000000000001e-04
1.442815063476560116e+09 6.440000000000000412e-03 3.919999999999999873e-04 -2.400000000000000061e-05 1.890000000000000133e-04 1.869999999999999917e-04 1.859999999999999945e-04
1.446158813476560116e+09 6.165999999999999606e-03 3.660000000000000059e-04 -9.000000000000000567e-05 1.930000000000000021e-04 1.900000000000000105e-04 1.879999999999999890e-04
1.449502563476560116e+09 5.899999999999999863e-03 3.299999999999999982e-04 6.299999999999999990e-05 2.079999999999999872e-04 2.000000000000000096e-04 1.820000000000000057e-04
1.452846313476560116e+09 6.309999999999999637e-03 2.849999999999999886e-04 3.300000000000000253e-05 2.000000000000000096e-04 1.949999999999999965e-04 1.990000000000000124e-04
1.456190063476560116e+09 5.802999999999999999e-03 3.980000000000000248e-04 -4.479999999999999933e-04 2.010000000000000068e-04 1.990000000000000124e-04 1.939999999999999993e-04
1.459533813476560116e+09 5.986000000000000001e-03 3.190000000000000019e-04 -4.000000000000000192e-04 1.849999999999999973e-04 2.130000000000000003e-04 1.939999999999999993e-04
1.462877563476560116e+09 6.111000000000000112e-03 5.770000000000000389e-04 -1.510000000000000112e-04 1.840000000000000001e-04 1.920000000000000049e-04 1.939999999999999993e-04
1.466221313476560116e+09 6.118000000000000174e-03 3.669999999999999760e-04 -1.599999999999999928e-05 1.879999999999999890e-04 2.020000000000000040e-04 1.759999999999999954e-04
1.469565063476560116e+09 6.204000000000000313e-03 5.640000000000000482e-04 -3.339999999999999870e-04 1.890000000000000133e-04 2.049999999999999956e-04 1.830000000000000029e-04
1.472908813476560116e+09 6.211999999999999640e-03 3.550000000000000096e-04 1.019999999999999992e-04 1.910000000000000077e-04 1.849999999999999973e-04 1.930000000000000021e-04
1.476252563476560116e+09 5.878999999999999677e-03 3.739999999999999835e-04 -5.599999999999999916e-05 1.730000000000000038e-04 2.100000000000000087e-04 1.920000000000000049e-04
1.479596313476560116e+09 5.706000000000000134e-03 1.779999999999999898e-04 1.930000000000000021e-04 1.949999999999999965e-04 2.159999999999999919e-04 1.959999999999999937e-04
1.482940063476560116e+09 6.100000000000000387e-03 4.719999999999999803e-04 3.800000000000000209e-05 2.120000000000000031e-04 1.840000000000000001e-04 1.979999999999999881e-04
1.486283813476560116e+09 5.774999999999999752e-03 9.330000000000000186e-04 -6.999999999999999895e-06 1.840000000000000001e-04 1.920000000000000049e-04 1.920000000000000049e-04
1.489627563476560116e+09 5.900999999999999995e-03 5.739999999999999660e-04 1.599999999999999928e-05 1.900000000000000105e-04 1.920000000000000049e-04 1.810000000000000085e-04
1.492971313476560116e+09 5.853999999999999829e-03 5.810000000000000277e-04 6.099999999999999872e-05 1.920000000000000049e-04 1.990000000000000124e-04 2.139999999999999975e-04
1.496315063476560116e+09 6.169000000000000004e-03 6.080000000000000335e-04 1.749999999999999982e-04 2.000000000000000096e-04 2.010000000000000068e-04 1.890000000000000133e-04
1.499658813476560116e+09 6.231999999999999693e-03 3.420000000000000188e-04 -4.300000000000000165e-05 1.900000000000000105e-04 1.669999999999999935e-04 1.710000000000000094e-04
1.503002563476560116e+09 6.154999999999999881e-03 4.270000000000000249e-04 1.200000000000000030e-04 1.630000000000000047e-04 1.749999999999999982e-04 1.630000000000000047e-04
1.506346313476560116e+09 5.762999999999999894e-03 5.919999999999999698e-04 -1.720000000000000066e-04 1.630000000000000047e-04 1.700000000000000122e-04 1.710000000000000094e-04
1.509690063476560116e+09 6.003999999999999788e-03 4.690000000000000158e-04 -2.130000000000000003e-04 1.810000000000000085e-04 1.879999999999999890e-04 1.689999999999999879e-04
1.513033813476560116e+09 5.880999999999999943e-03 4.749999999999999990e-04 -5.800000000000000034e-05 1.689999999999999879e-04 1.669999999999999935e-04 1.749999999999999982e-04
1.516377563476560116e+09 5.591999999999999749e-03 3.400000000000000244e-04 -1.849999999999999973e-04 1.740000000000000010e-04 1.740000000000000010e-04 1.789999999999999870e-04
1.519721313476560116e+09 6.000000000000000125e-03 6.350000000000000392e-04 -2.400000000000000061e-05 1.640000000000000019e-04 1.740000000000000010e-04 1.630000000000000047e-04
1.529752563476560116e+09 5.823000000000000051e-03 3.440000000000000132e-04 -4.769999999999999934e-04 2.930000000000000204e-04 2.950000000000000148e-04 2.590000000000000071e-04
1.549815063476560116e+09 5.955000000000000224e-03 9.000000000000000567e-05 1.129999999999999955e-04 2.570000000000000127e-04 2.449999999999999921e-04 2.469999999999999865e-04
1.556502563476560116e+09 5.537000000000000255e-03 4.139999999999999800e-04 -3.539999999999999853e-04 2.239999999999999966e-04 2.159999999999999919e-04 2.139999999999999975e-04
1.563190063476560116e+09 5.708999999999999665e-03 4.499999999999999877e-04 -3.629999999999999872e-04 3.200000000000000262e-04 2.950000000000000148e-04 2.840000000000000185e-04
1.566533813476560116e+09 5.629000000000000323e-03 3.409999999999999945e-04 -4.420000000000000101e-04 2.139999999999999975e-04 1.879999999999999890e-04 1.830000000000000029e-04
1.569877563476560116e+09 5.688000000000000347e-03 2.829999999999999942e-04 1.200000000000000030e-05 2.190000000000000106e-04 2.059999999999999928e-04 2.020000000000000040e-04
1.579908813476560116e+09 6.019000000000000045e-03 3.829999999999999854e-04 -1.559999999999999972e-04 2.300000000000000070e-04 2.280000000000000126e-04 2.180000000000000134e-04
1.583252563476560116e+09 6.008000000000000319e-03 1.840000000000000001e-04 -1.019999999999999992e-04 2.039999999999999984e-04 1.830000000000000029e-04 2.069999999999999900e-04
1.586596313476560116e+09 5.727000000000000320e-03 3.890000000000000228e-04 5.899999999999999754e-05 2.049999999999999956e-04 1.969999999999999909e-04 2.069999999999999900e-04
1.593283813476560116e+09 5.534999999999999989e-03 3.150000000000000131e-04 -1.659999999999999963e-04 2.269999999999999882e-04 2.380000000000000117e-04 2.380000000000000117e-04
1.596627563476560116e+09 5.902000000000000128e-03 3.939999999999999817e-04 -1.190000000000000058e-04 1.910000000000000077e-04 1.840000000000000001e-04 1.620000000000000075e-04
1.603315063476560116e+09 5.288000000000000166e-03 3.890000000000000228e-04 -3.379999999999999758e-04 2.930000000000000204e-04 2.900000000000000017e-04 2.880000000000000073e-04
1.606658813476560116e+09 5.753999999999999566e-03 3.890000000000000228e-04 2.199999999999999943e-05 1.830000000000000029e-04 1.900000000000000105e-04 1.910000000000000077e-04
1.610002563476560116e+09 5.714999999999999594e-03 2.079999999999999872e-04 -3.620000000000000171e-04 1.540000000000000028e-04 1.430000000000000064e-04 1.530000000000000056e-04
1.613346313476560116e+09 5.807999999999999795e-03 4.789999999999999879e-04 -7.899999999999999579e-05 1.540000000000000028e-04 1.730000000000000038e-04 1.520000000000000084e-04
1.616690063476560116e+09 5.392000000000000091e-03 3.829999999999999854e-04 -3.899999999999999929e-05 1.810000000000000085e-04 1.749999999999999982e-04 1.749999999999999982e-04
1.620033813476560116e+09 4.945999999999999876e-03 5.710000000000000015e-04 1.730000000000000038e-04 2.320000000000000014e-04 2.290000000000000098e-04 2.280000000000000126e-04
1.630065063476560116e+09 5.076999999999999916e-03 2.380000000000000117e-04 -3.089999999999999756e-04 1.610000000000000103e-04 1.640000000000000019e-04 1.669999999999999935e-04
1.633408813476560116e+09 5.572999999999999829e-03 2.770000000000000110e-04 -1.160000000000000007e-04 1.630000000000000047e-04 1.689999999999999879e-04 1.569999999999999944e-04
1.636752563476560116e+09 5.726000000000000187e-03 5.699999999999999772e-04 -3.660000000000000059e-04 1.620000000000000075e-04 1.520000000000000084e-04 1.730000000000000038e-04
1.640096313476560116e+09 5.338999999999999996e-03 3.429999999999999889e-04 -9.600000000000000243e-05 1.640000000000000019e-04 1.640000000000000019e-04 1.649999999999999991e-04
1.643440063476560116e+09 5.486000000000000425e-03 2.120000000000000031e-04 3.199999999999999855e-05 1.679999999999999907e-04 1.540000000000000028e-04 1.710000000000000094e-04
1.646783813476560116e+09 5.438000000000000125e-03 3.730000000000000134e-04 1.459999999999999981e-04 1.600000000000000131e-04 1.779999999999999898e-04 1.749999999999999982e-04
