# # J1733-1304 QU data converted from WAPITI text output
# # Date (ISO): 2023-10-16T16:06:31.364
# # Columns: freq(Hz) I(Jy) Q(Jy) U(Jy) V(Jy) dI(Jy) dQ(Jy) dU(Jy) dV(Jy)
# 
902700000.000000 5.922257 0.088377 0.162778 -0.000688 0.010830 0.001115 0.001576 0.000884
916100000.000000 5.924867 0.033807 0.183960 0.000506 0.009645 0.000887 0.001250 0.000894
929500000.000000 5.947629 -0.030931 0.186594 -0.000262 0.009509 0.001201 0.001393 0.000794
942800000.000000 6.097894 -0.131918 0.142216 -0.000186 0.021179 0.002698 0.002555 0.002365
956200000.000000 5.990285 -0.164622 0.108674 -0.000249 0.008179 0.001030 0.000835 0.000637
969600000.000000 5.964749 -0.194164 0.051559 0.000308 0.008455 0.001244 0.000683 0.000594
983000000.000000 5.972779 -0.207949 -0.015652 0.000103 0.008121 0.001205 0.000839 0.000531
996300000.000000 5.979983 -0.194584 -0.079736 -0.000245 0.007838 0.001189 0.000919 0.000483
1009700000.000000 5.987495 -0.163848 -0.136542 0.000033 0.007959 0.000962 0.001142 0.000659
1023100000.000000 5.995632 -0.120944 -0.183813 0.000347 0.007876 0.000768 0.001252 0.000490
1036500000.000000 6.004470 -0.065078 -0.210005 -0.000369 0.008046 0.000811 0.001284 0.000554
1049800000.000000 6.004683 -0.011187 -0.220044 0.000480 0.007155 0.000707 0.001217 0.000545
1063200000.000000 6.007299 0.043130 -0.217591 -0.000116 0.007192 0.000788 0.001273 0.000518
1076600000.000000 6.012803 0.097107 -0.198672 0.000266 0.007266 0.000827 0.001109 0.000502
1090000000.000000 6.019076 0.142251 -0.169418 0.000260 0.007617 0.000836 0.001069 0.000642
1103300000.000000 6.023643 0.179671 -0.133896 0.000029 0.006854 0.000890 0.000768 0.000554
1116700000.000000 6.021794 0.207656 -0.089733 -0.000495 0.006934 0.000837 0.000719 0.000524
1130100000.000000 6.031638 0.221822 -0.042145 0.000472 0.007211 0.000989 0.000735 0.000581
1143500000.000000 6.054694 0.226276 0.002966 -0.000317 0.007304 0.001076 0.000752 0.000626
1156800000.000000 6.047690 0.223483 0.054832 -0.000785 0.006656 0.001038 0.000643 0.000501
1170200000.000000 6.050638 0.211350 0.085732 -0.000319 0.007404 0.001054 0.000921 0.000727
1183600000.000000 6.056156 0.177759 0.143342 -0.000338 0.006509 0.000975 0.000832 0.000652
1197000000.000000 6.063550 0.162413 0.167639 0.000813 0.007265 0.001059 0.000882 0.000709
1210300000.000000 6.091922 0.116138 0.202483 -0.000777 0.008865 0.001091 0.001246 0.001023
1223700000.000000 6.079332 0.093038 0.212979 0.000435 0.008127 0.000878 0.001178 0.000671
1237100000.000000 6.048063 0.051474 0.227657 0.000574 0.006250 0.000764 0.001006 0.000525
1250500000.000000 6.067092 0.014906 0.232051 0.000209 0.007340 0.000722 0.000993 0.000604
1263800000.000000 6.059079 -0.007851 0.234981 0.000608 0.006999 0.001004 0.001135 0.000722
1277200000.000000 6.111815 -0.062179 0.231627 0.000861 0.010184 0.000768 0.001393 0.000888
1290600000.000000 6.065023 -0.088864 0.220178 0.000631 0.006496 0.000659 0.000919 0.000540
1304000000.000000 6.029692 -0.121394 0.202656 0.000673 0.006438 0.000668 0.001032 0.000474
1317300000.000000 6.025295 -0.150207 0.185868 -0.000567 0.006045 0.000577 0.000938 0.000436
1330700000.000000 6.021784 -0.173670 0.161389 0.000084 0.006137 0.000687 0.000891 0.000436
1344100000.000000 6.022374 -0.195920 0.138475 -0.000110 0.006063 0.000719 0.000844 0.000346
1357500000.000000 6.018418 -0.213248 0.111653 -0.000438 0.006116 0.000760 0.000882 0.000387
1370800000.000000 6.018029 -0.227570 0.084081 -0.000025 0.005860 0.000689 0.000832 0.000376
1384200000.000000 6.016199 -0.237388 0.058120 0.000254 0.006110 0.000852 0.000782 0.000413
1397600000.000000 6.011851 -0.243430 0.028114 0.000102 0.005775 0.000824 0.000725 0.000429
1411000000.000000 6.005961 -0.248667 0.001832 0.000439 0.006156 0.000835 0.000715 0.000448
1424300000.000000 6.003500 -0.248260 -0.026176 0.000320 0.005922 0.000948 0.000752 0.000391
1437700000.000000 6.000498 -0.247915 -0.049804 0.000082 0.005848 0.000831 0.000662 0.000420
1451100000.000000 5.996057 -0.241556 -0.075040 0.000161 0.006072 0.000878 0.000656 0.000419
1464500000.000000 5.992328 -0.234119 -0.099412 0.000181 0.005858 0.000826 0.000628 0.000360
1477800000.000000 5.987771 -0.221909 -0.121984 -0.000055 0.006136 0.000880 0.000708 0.000406
1491200000.000000 5.985989 -0.212184 -0.142146 0.000344 0.006034 0.000894 0.000644 0.000406
1504600000.000000 5.982942 -0.199241 -0.161054 -0.000355 0.005868 0.000892 0.000691 0.000456
1518000000.000000 5.978312 -0.183448 -0.179199 -0.000290 0.005853 0.000872 0.000739 0.000444
1531300000.000000 5.990868 -0.161071 -0.195149 -0.001931 0.007242 0.001717 0.001669 0.001559
1544700000.000000 6.004177 -0.146216 -0.208362 -0.000166 0.006679 0.001110 0.001055 0.000862
1558100000.000000 5.986153 -0.128453 -0.220139 -0.000182 0.006759 0.000878 0.000958 0.000670
1571500000.000000 5.981116 -0.111803 -0.227196 -0.000007 0.006888 0.001013 0.000947 0.000774
1584800000.000000 5.976300 -0.095101 -0.235914 0.000286 0.007017 0.000944 0.000997 0.000676
1598200000.000000 5.961669 -0.077715 -0.242345 0.000350 0.007470 0.000909 0.001079 0.000533
1611600000.000000 5.945604 -0.058996 -0.249800 0.000122 0.007570 0.000790 0.001023 0.000405
1625000000.000000 5.944856 -0.042652 -0.251978 -0.000491 0.007301 0.000899 0.000921 0.000473
1638300000.000000 5.943327 -0.026145 -0.251322 -0.000104 0.008270 0.000946 0.000978 0.000443
1651700000.000000 5.939640 -0.015252 -0.248708 0.000157 0.007360 0.001051 0.001093 0.000759
