# # J1733-1304 QU data converted from WAPITI text output
# # Date (ISO): 2023-10-28T12:56:53.604
# # Columns: freq(Hz) I(Jy) Q(Jy) U(Jy) V(Jy) dI(Jy) dQ(Jy) dU(Jy) dV(Jy)
# 
902800000.000000 5.814404 0.110594 0.181494 0.000938 0.009450 0.001017 0.001430 0.000875
916200000.000000 5.841952 0.059877 0.203047 -0.000091 0.009079 0.000759 0.001496 0.000718
929500000.000000 5.851544 -0.007714 0.209504 -0.000546 0.008893 0.001161 0.001274 0.000781
942900000.000000 6.019557 -0.135412 0.172547 -0.000233 0.020147 0.001504 0.001697 0.001579
956300000.000000 5.901442 -0.163519 0.142954 -0.000546 0.007316 0.001063 0.000812 0.000541
969700000.000000 5.884896 -0.198231 0.061125 0.000416 0.007541 0.001108 0.000740 0.000536
983000000.000000 5.897155 -0.207233 -0.010978 0.000622 0.007323 0.001033 0.000760 0.000496
996400000.000000 5.903274 -0.198814 -0.086153 0.000659 0.007689 0.000852 0.000771 0.000489
1009800000.000000 5.918014 -0.171139 -0.136443 0.000928 0.007028 0.000738 0.000848 0.000502
1023200000.000000 5.930078 -0.129434 -0.176498 0.000817 0.006991 0.000766 0.000889 0.000491
1036500000.000000 5.940431 -0.080117 -0.204906 -0.000048 0.007042 0.000739 0.000883 0.000484
1049900000.000000 5.932436 -0.029788 -0.216382 -0.000596 0.006916 0.000536 0.000962 0.000496
1063300000.000000 5.946094 0.033289 -0.213736 -0.000227 0.006497 0.000768 0.000892 0.000439
1076700000.000000 5.955944 0.096947 -0.200640 0.000327 0.006739 0.000786 0.000872 0.000474
1090000000.000000 5.962238 0.140721 -0.172162 -0.000106 0.006442 0.000853 0.000978 0.000500
1103400000.000000 5.976994 0.182251 -0.136414 -0.000189 0.006560 0.000883 0.000795 0.000452
1116800000.000000 5.970297 0.206574 -0.096345 0.000030 0.006350 0.001001 0.000655 0.000445
1130200000.000000 5.979334 0.223891 -0.039476 -0.000500 0.006328 0.000850 0.000684 0.000443
1143500000.000000 5.986718 0.226465 0.012321 -0.000062 0.006301 0.000904 0.000619 0.000398
1156900000.000000 5.985603 0.223773 0.068019 -0.000518 0.006224 0.000955 0.000600 0.000447
1170300000.000000 6.010906 0.219147 0.100792 0.000459 0.006025 0.000981 0.000806 0.000619
1183700000.000000 6.004376 0.187426 0.153398 -0.000461 0.006128 0.000852 0.000822 0.000563
1197000000.000000 6.011676 0.164858 0.169079 0.001001 0.005920 0.000806 0.000770 0.000540
1210400000.000000 6.025221 0.127868 0.210086 0.000037 0.006602 0.000822 0.000909 0.000689
1223800000.000000 6.016641 0.098257 0.220168 -0.000218 0.006085 0.000658 0.000941 0.000534
1237200000.000000 6.010997 0.061965 0.234022 0.000226 0.006161 0.000711 0.000804 0.000468
1250500000.000000 6.018304 0.028526 0.245301 -0.000394 0.006218 0.000700 0.000878 0.000482
1263900000.000000 6.023430 0.002399 0.250107 -0.000561 0.005780 0.000715 0.000917 0.000686
1277300000.000000 6.040298 -0.045896 0.254279 0.000174 0.007341 0.000859 0.001029 0.000661
1290700000.000000 6.023201 -0.084238 0.234453 0.000319 0.005990 0.000610 0.000860 0.000420
1304000000.000000 6.000946 -0.122219 0.211641 0.000052 0.005282 0.000580 0.000779 0.000378
1317400000.000000 6.001157 -0.149799 0.191307 0.000345 0.005157 0.000621 0.000749 0.000396
1330800000.000000 5.996797 -0.176209 0.169761 0.000165 0.005357 0.000640 0.000713 0.000362
1344200000.000000 5.993615 -0.197980 0.144027 -0.000016 0.005235 0.000570 0.000726 0.000316
1357500000.000000 5.996108 -0.214755 0.118136 -0.000811 0.005467 0.000654 0.000672 0.000339
1370900000.000000 5.996726 -0.230986 0.091029 0.000088 0.005144 0.000604 0.000612 0.000324
1384300000.000000 5.993361 -0.239890 0.064056 -0.000316 0.005547 0.000704 0.000594 0.000345
1397700000.000000 5.989321 -0.246266 0.036327 -0.000100 0.005241 0.000724 0.000547 0.000336
1411000000.000000 5.987368 -0.250340 0.010399 -0.000092 0.005245 0.000741 0.000543 0.000341
1424400000.000000 5.986212 -0.251526 -0.023397 0.000323 0.005111 0.000660 0.000506 0.000408
1437800000.000000 5.983350 -0.247835 -0.045076 -0.000142 0.005102 0.000626 0.000549 0.000320
1451200000.000000 5.976934 -0.241560 -0.073004 0.000054 0.005166 0.000753 0.000586 0.000390
1464500000.000000 5.974187 -0.235928 -0.094120 0.000542 0.004995 0.000715 0.000630 0.000327
1477900000.000000 5.972802 -0.224713 -0.114953 -0.000333 0.005188 0.000728 0.000573 0.000324
1491300000.000000 5.968178 -0.211706 -0.139527 0.000796 0.005263 0.000641 0.000603 0.000382
1504700000.000000 5.965293 -0.200229 -0.158870 0.000309 0.005105 0.000664 0.000635 0.000398
1518000000.000000 5.966538 -0.184263 -0.176295 0.000190 0.005269 0.000708 0.000647 0.000441
1531400000.000000 5.985154 -0.175732 -0.201498 0.000694 0.006110 0.001124 0.001047 0.000803
1544800000.000000 5.980271 -0.156820 -0.214407 0.000974 0.005488 0.000868 0.000935 0.000722
1558200000.000000 5.970227 -0.139286 -0.228998 0.000773 0.004921 0.000762 0.000751 0.000672
1571500000.000000 5.962026 -0.130092 -0.241230 -0.000092 0.005977 0.000798 0.000939 0.000718
1584900000.000000 5.960471 -0.112890 -0.250786 0.000641 0.005351 0.000701 0.000836 0.000676
1598300000.000000 5.950654 -0.094794 -0.256832 -0.000018 0.005417 0.000765 0.000866 0.000649
1611700000.000000 5.933873 -0.070259 -0.251593 -0.000409 0.006618 0.000729 0.000893 0.000390
1625000000.000000 5.939842 -0.056496 -0.259486 0.000777 0.007208 0.000968 0.000968 0.000778
1638400000.000000 5.931743 -0.042940 -0.260226 -0.000927 0.007582 0.000828 0.001021 0.000529
1651800000.000000 5.935381 -0.017085 -0.261657 0.000162 0.006774 0.001044 0.001120 0.000942
