# # J1733-1304 QU data converted from WAPITI text output
# # Date (ISO): 2023-09-23T15:39:11.588
# # Columns: freq(Hz) I(Jy) Q(Jy) U(Jy) V(Jy) dI(Jy) dQ(Jy) dU(Jy) dV(Jy)
# 
902800000.000000 5.653177 0.035609 0.168281 -0.000132 0.011402 0.001017 0.001270 0.000972
916200000.000000 5.681940 -0.024007 0.173370 -0.000434 0.009774 0.000936 0.001000 0.000710
929500000.000000 5.708439 -0.085402 0.162004 -0.000585 0.009281 0.001143 0.000990 0.000694
942900000.000000 5.870338 -0.164164 0.105586 -0.001226 0.013652 0.001779 0.001657 0.001731
956300000.000000 5.764856 -0.184339 0.067261 0.000165 0.008262 0.001060 0.000822 0.000694
969700000.000000 5.767538 -0.200536 0.006780 0.000023 0.008309 0.001108 0.000636 0.000461
983000000.000000 5.782160 -0.193987 -0.053840 -0.000716 0.007682 0.000899 0.000829 0.000465
996400000.000000 5.798766 -0.171208 -0.111943 0.000058 0.007688 0.000812 0.000792 0.000488
1009800000.000000 5.818492 -0.133414 -0.156582 0.000191 0.007271 0.000644 0.000837 0.000566
1023200000.000000 5.834978 -0.086396 -0.188789 0.000000 0.007427 0.000721 0.000993 0.000499
1036500000.000000 5.843326 -0.036675 -0.207449 -0.000104 0.007009 0.000590 0.000832 0.000472
1049900000.000000 5.844265 0.012706 -0.210907 0.000510 0.006617 0.000591 0.000888 0.000475
1063300000.000000 5.856999 0.064358 -0.199609 0.000136 0.006601 0.000657 0.000849 0.000442
1076700000.000000 5.871441 0.110421 -0.175410 0.000638 0.006757 0.000707 0.000795 0.000432
1090000000.000000 5.892307 0.149398 -0.143232 -0.000401 0.006053 0.000810 0.000736 0.000501
1103400000.000000 5.904044 0.180411 -0.099223 -0.000215 0.006246 0.000740 0.000737 0.000411
1116800000.000000 5.900157 0.198561 -0.055977 -0.000429 0.006323 0.000761 0.000567 0.000359
1130200000.000000 5.913523 0.206083 -0.010346 0.000304 0.006373 0.000872 0.000675 0.000446
1143500000.000000 5.932311 0.204636 0.034141 -0.000643 0.006053 0.000791 0.000673 0.000462
1156900000.000000 5.941328 0.192519 0.076545 0.000243 0.006256 0.000811 0.000556 0.000462
1170300000.000000 5.948015 0.182826 0.102006 0.000570 0.005775 0.000938 0.000684 0.000771
1183700000.000000 5.955337 0.139097 0.155865 -0.000714 0.005943 0.000977 0.000756 0.000582
1197000000.000000 5.971928 0.122040 0.174241 -0.000093 0.006805 0.000805 0.000815 0.000561
1210400000.000000 5.977010 0.081332 0.200370 -0.000369 0.006681 0.001058 0.000988 0.000707
1223800000.000000 5.975286 0.040414 0.210443 -0.000110 0.006113 0.000920 0.000827 0.000545
1237200000.000000 5.987176 -0.004778 0.216813 0.000425 0.005789 0.000707 0.000842 0.000526
1250500000.000000 5.986403 -0.027548 0.219864 -0.001203 0.005838 0.000720 0.000786 0.000603
1263900000.000000 5.977095 -0.054136 0.212156 0.000422 0.005263 0.000825 0.000892 0.000695
1277300000.000000 6.011743 -0.101488 0.205812 -0.000129 0.007267 0.000866 0.001099 0.000765
1290700000.000000 5.982160 -0.129388 0.196086 -0.000149 0.005559 0.000652 0.000707 0.000400
1304000000.000000 5.966410 -0.157576 0.178993 0.000439 0.004875 0.000636 0.000677 0.000329
1317400000.000000 5.963186 -0.181875 0.158297 0.000339 0.004840 0.000573 0.000619 0.000416
1330800000.000000 5.963684 -0.199584 0.135197 -0.000093 0.005101 0.000608 0.000625 0.000358
1344200000.000000 5.961540 -0.215590 0.109543 -0.000116 0.004769 0.000660 0.000583 0.000335
1357500000.000000 5.961934 -0.229248 0.083450 0.000075 0.004798 0.000613 0.000555 0.000348
1370900000.000000 5.959604 -0.239020 0.056549 0.000044 0.004639 0.000620 0.000573 0.000353
1384300000.000000 5.960172 -0.242980 0.031734 -0.000398 0.004845 0.000649 0.000705 0.000388
1397700000.000000 5.956115 -0.247300 0.004214 0.000177 0.004794 0.000691 0.000574 0.000362
1411000000.000000 5.951930 -0.247788 -0.022159 0.000225 0.004624 0.000642 0.000577 0.000322
1424400000.000000 5.945563 -0.243447 -0.046376 -0.000096 0.004751 0.000628 0.000599 0.000420
1437800000.000000 5.943595 -0.236931 -0.069131 0.000194 0.004642 0.000721 0.000551 0.000354
1451200000.000000 5.941261 -0.229942 -0.092129 -0.000337 0.004632 0.000661 0.000557 0.000404
1464500000.000000 5.936359 -0.223396 -0.114578 0.000127 0.004910 0.000675 0.000576 0.000333
1477900000.000000 5.932258 -0.212619 -0.134000 0.000029 0.004817 0.000669 0.000585 0.000344
1491300000.000000 5.927122 -0.199415 -0.153801 0.000150 0.004848 0.000698 0.000676 0.000337
1504700000.000000 5.921321 -0.186957 -0.169931 0.000341 0.004873 0.000655 0.000737 0.000357
1518000000.000000 5.919899 -0.170077 -0.184214 -0.000526 0.005193 0.000675 0.000601 0.000387
1531400000.000000 5.935777 -0.155029 -0.194497 -0.000629 0.005065 0.000749 0.000919 0.000671
1544800000.000000 5.924913 -0.139087 -0.209084 -0.001622 0.006418 0.000943 0.001014 0.000849
1558200000.000000 5.911544 -0.117088 -0.216004 0.000347 0.006268 0.000792 0.000894 0.000619
1571500000.000000 5.903578 -0.104782 -0.226074 -0.000388 0.006813 0.000948 0.001062 0.000605
1584900000.000000 5.897648 -0.088678 -0.229718 -0.000089 0.006361 0.000808 0.000951 0.000592
1598300000.000000 5.892687 -0.063533 -0.235930 -0.000053 0.006484 0.000873 0.000940 0.000426
1611700000.000000 5.875120 -0.047218 -0.240114 0.000195 0.006540 0.000785 0.000820 0.000514
1625000000.000000 5.875424 -0.032345 -0.238776 0.000302 0.006236 0.000958 0.001041 0.000774
1638400000.000000 5.868660 -0.010889 -0.240818 0.000521 0.006615 0.000806 0.000906 0.000408
1651800000.000000 5.869996 -0.000581 -0.244010 -0.000653 0.006093 0.001022 0.000995 0.000841
