# # J1733-1304 QU data converted from WAPITI text output
# # Date (ISO): 2023-10-14T13:14:23.337
# # Columns: freq(Hz) I(Jy) Q(Jy) U(Jy) V(Jy) dI(Jy) dQ(Jy) dU(Jy) dV(Jy)
# 
902800000.000000 5.885433 0.087065 0.172787 -0.001272 0.009945 0.001091 0.001346 0.001145
916200000.000000 5.907831 0.025139 0.191516 -0.000661 0.010005 0.000912 0.001143 0.000758
929500000.000000 5.926382 -0.038115 0.195369 -0.000668 0.009111 0.001013 0.001169 0.000803
942900000.000000 6.028504 -0.141022 0.148324 0.002481 0.013637 0.001535 0.001701 0.001668
956300000.000000 5.958380 -0.162846 0.111445 -0.000666 0.008387 0.001166 0.000828 0.000629
969700000.000000 5.947345 -0.196857 0.050844 0.000152 0.008052 0.001134 0.000667 0.000639
983000000.000000 5.958055 -0.205268 -0.015407 0.000342 0.007580 0.001040 0.000773 0.000538
996400000.000000 5.973708 -0.191375 -0.082205 0.000457 0.007583 0.000923 0.000869 0.000487
1009800000.000000 5.982318 -0.158840 -0.140700 -0.000333 0.007277 0.000773 0.001061 0.000492
1023200000.000000 5.989758 -0.114716 -0.181972 0.000619 0.007782 0.000761 0.000944 0.000468
1036500000.000000 6.001658 -0.059212 -0.207812 -0.000349 0.007362 0.000710 0.001045 0.000495
1049900000.000000 6.006790 -0.005966 -0.215775 0.000620 0.007109 0.000724 0.000979 0.000489
1063300000.000000 6.009143 0.050697 -0.211617 -0.000992 0.006957 0.000612 0.001003 0.000435
1076700000.000000 6.011487 0.100674 -0.195304 -0.000209 0.006723 0.000725 0.000746 0.000447
1090000000.000000 6.025839 0.141552 -0.164132 0.000087 0.006762 0.000957 0.000924 0.000610
1103400000.000000 6.037236 0.181535 -0.125238 -0.000437 0.006761 0.000815 0.000759 0.000474
1116800000.000000 6.043335 0.208061 -0.082159 -0.000065 0.006573 0.000835 0.000637 0.000435
1130200000.000000 6.046939 0.222359 -0.035953 -0.000355 0.006912 0.000848 0.000654 0.000477
1143500000.000000 6.065096 0.224827 0.015764 -0.000136 0.006445 0.000968 0.000696 0.000560
1156900000.000000 6.063394 0.221690 0.059017 -0.000389 0.006106 0.000786 0.000678 0.000492
1170300000.000000 6.082850 0.210431 0.096663 -0.001188 0.007017 0.000856 0.000886 0.000777
1183700000.000000 6.085436 0.176576 0.147432 -0.000697 0.006555 0.000825 0.000837 0.000753
1197000000.000000 6.088659 0.156597 0.171885 -0.001218 0.006752 0.000700 0.000924 0.000651
1210400000.000000 6.105757 0.113496 0.206926 -0.000611 0.007702 0.000856 0.001087 0.000738
1223800000.000000 6.093067 0.091353 0.212335 -0.000152 0.007340 0.000731 0.001012 0.000673
1237200000.000000 6.080823 0.047396 0.227618 0.000549 0.006793 0.000728 0.001047 0.000478
1250500000.000000 6.091950 0.010073 0.235064 0.000186 0.006159 0.000607 0.000977 0.000459
1263900000.000000 6.099894 -0.012735 0.235286 0.000179 0.006111 0.000755 0.000986 0.000783
1277300000.000000 6.145093 -0.066163 0.225560 0.000621 0.008508 0.000861 0.001132 0.000624
1290700000.000000 6.109041 -0.096257 0.215828 0.000292 0.006481 0.000600 0.000823 0.000457
1304000000.000000 6.079279 -0.125428 0.197944 0.000122 0.005699 0.000532 0.000823 0.000376
1317400000.000000 6.080533 -0.153086 0.179662 -0.000017 0.005554 0.000634 0.000825 0.000373
1330800000.000000 6.078778 -0.179484 0.157690 -0.000076 0.005599 0.000671 0.000755 0.000382
1344200000.000000 6.078553 -0.198514 0.131617 -0.000367 0.005389 0.000683 0.000714 0.000403
1357500000.000000 6.077767 -0.216441 0.105257 0.000388 0.005539 0.000708 0.000684 0.000358
1370900000.000000 6.073851 -0.230411 0.079223 -0.000336 0.005375 0.000668 0.000672 0.000383
1384300000.000000 6.072989 -0.238605 0.051357 -0.000433 0.005443 0.000787 0.000668 0.000398
1397700000.000000 6.068933 -0.244194 0.024000 0.000455 0.005293 0.000706 0.000603 0.000391
1411000000.000000 6.067267 -0.246443 -0.003655 0.000222 0.005328 0.000784 0.000613 0.000312
1424400000.000000 6.061428 -0.245852 -0.028962 0.000212 0.005251 0.000769 0.000657 0.000463
1437800000.000000 6.057730 -0.240666 -0.055738 -0.000254 0.005353 0.000769 0.000489 0.000359
1451200000.000000 6.054921 -0.236059 -0.080415 0.000222 0.005118 0.000908 0.000538 0.000405
1464500000.000000 6.048349 -0.225755 -0.104640 0.000444 0.005431 0.000793 0.000538 0.000360
1477900000.000000 6.041921 -0.215542 -0.125944 0.000195 0.005042 0.000779 0.000597 0.000374
1491300000.000000 6.036812 -0.204016 -0.145510 0.000266 0.004959 0.000653 0.000569 0.000407
1504700000.000000 6.032367 -0.190137 -0.163053 0.000093 0.004899 0.000773 0.000549 0.000397
1518000000.000000 6.025415 -0.174797 -0.179178 0.000142 0.005158 0.000743 0.000685 0.000408
1531400000.000000 6.054730 -0.157781 -0.194411 0.001280 0.006226 0.000920 0.000926 0.000729
1544800000.000000 6.041368 -0.139648 -0.212918 0.000261 0.006199 0.001019 0.000903 0.000851
1558200000.000000 6.019690 -0.119688 -0.222925 -0.000220 0.005603 0.000721 0.000789 0.000607
1571500000.000000 6.002015 -0.109903 -0.228538 0.000316 0.006057 0.000797 0.000810 0.000627
1584900000.000000 5.991705 -0.087593 -0.238252 0.000133 0.005499 0.000735 0.000846 0.000554
1598300000.000000 5.981187 -0.067336 -0.241746 0.000707 0.006105 0.000752 0.000935 0.000539
1611700000.000000 5.964289 -0.050982 -0.246874 0.000183 0.005175 0.000623 0.000771 0.000459
1625000000.000000 5.951511 -0.029718 -0.246491 0.000152 0.004463 0.000741 0.000926 0.000662
1638400000.000000 5.950159 -0.018214 -0.250488 -0.000126 0.004992 0.000616 0.000863 0.000434
1651800000.000000 5.938591 -0.006568 -0.255517 0.000122 0.005204 0.000895 0.000867 0.000856
