# # J1733-1304 QU data converted from WAPITI text output
# # Date (ISO): 2023-10-28T12:39:02.057
# # Columns: freq(Hz) I(Jy) Q(Jy) U(Jy) V(Jy) dI(Jy) dQ(Jy) dU(Jy) dV(Jy)
# 
902800000.000000 5.772676 0.097641 0.190927 -0.000571 0.010686 0.001007 0.001432 0.000893
916200000.000000 5.808536 0.045524 0.210333 -0.001329 0.009837 0.000922 0.001347 0.000681
929500000.000000 5.828618 -0.018634 0.214904 0.000789 0.009454 0.001345 0.001137 0.000767
942900000.000000 5.955359 -0.126983 0.160651 0.000175 0.017104 0.001743 0.001761 0.001579
956300000.000000 5.868947 -0.158525 0.133096 0.000561 0.008584 0.001232 0.000812 0.000607
969700000.000000 5.849420 -0.189629 0.070889 -0.000122 0.008472 0.001325 0.000727 0.000574
983000000.000000 5.861390 -0.201950 0.003683 -0.000257 0.008146 0.001042 0.000666 0.000533
996400000.000000 5.878446 -0.192928 -0.062178 0.000353 0.007750 0.000950 0.000820 0.000505
1009800000.000000 5.887677 -0.162114 -0.121069 0.000109 0.007610 0.000836 0.000961 0.000426
1023200000.000000 5.901886 -0.117738 -0.162890 -0.000540 0.007340 0.000704 0.001032 0.000506
1036500000.000000 5.912431 -0.065448 -0.191581 0.000250 0.007438 0.000582 0.001053 0.000497
1049900000.000000 5.912310 -0.010351 -0.198245 -0.000693 0.007245 0.000620 0.000976 0.000453
1063300000.000000 5.920519 0.046429 -0.191655 0.000102 0.007434 0.000770 0.000968 0.000388
1076700000.000000 5.930879 0.098569 -0.176095 -0.000055 0.007019 0.000787 0.000901 0.000397
1090000000.000000 5.940657 0.143922 -0.149488 0.000681 0.006266 0.000737 0.000753 0.000438
1103400000.000000 5.951084 0.183247 -0.114317 0.000241 0.007110 0.000861 0.000666 0.000387
1116800000.000000 5.953978 0.209047 -0.072984 0.000034 0.006489 0.000891 0.000735 0.000394
1130200000.000000 5.966828 0.223827 -0.028587 -0.000175 0.006278 0.000927 0.000633 0.000415
1143500000.000000 5.970564 0.226396 0.013456 -0.000085 0.006645 0.000831 0.000614 0.000418
1156900000.000000 5.978353 0.222086 0.059387 -0.000530 0.006049 0.000828 0.000524 0.000442
1170300000.000000 5.995948 0.213712 0.097329 -0.000856 0.006442 0.000892 0.000714 0.000671
1183700000.000000 6.001324 0.183713 0.151357 -0.000891 0.006455 0.000856 0.000853 0.000566
1197000000.000000 6.001548 0.158670 0.168691 -0.001075 0.006448 0.000813 0.000809 0.000456
1210400000.000000 6.013728 0.119654 0.209433 -0.000705 0.007006 0.000874 0.000813 0.000640
1223800000.000000 6.006498 0.093362 0.221484 0.000033 0.005680 0.000742 0.000884 0.000538
1237200000.000000 6.005852 0.055769 0.236212 -0.000163 0.005748 0.000643 0.000923 0.000427
1250500000.000000 6.019169 0.020243 0.250994 -0.000301 0.006020 0.000606 0.000902 0.000466
1263900000.000000 6.010708 -0.001304 0.257500 -0.000580 0.005684 0.000661 0.000886 0.000599
1277300000.000000 6.026148 -0.048029 0.267037 -0.001273 0.007141 0.000768 0.000923 0.000625
1290700000.000000 6.018151 -0.084226 0.241258 -0.000439 0.005800 0.000673 0.000796 0.000443
1304000000.000000 5.998186 -0.121437 0.217473 0.000067 0.005404 0.000560 0.000812 0.000349
1317400000.000000 6.000528 -0.150624 0.196325 0.000509 0.005116 0.000618 0.000789 0.000334
1330800000.000000 6.000722 -0.176189 0.174043 0.000142 0.005061 0.000661 0.000692 0.000373
1344200000.000000 5.999822 -0.197042 0.148828 -0.000329 0.004888 0.000621 0.000687 0.000376
1357500000.000000 6.001363 -0.215165 0.123354 0.000043 0.005093 0.000648 0.000654 0.000291
1370900000.000000 5.995561 -0.228809 0.095215 -0.000519 0.005199 0.000720 0.000669 0.000346
1384300000.000000 5.996501 -0.239510 0.068935 -0.000019 0.005315 0.000715 0.000656 0.000335
1397700000.000000 5.993174 -0.245155 0.041067 -0.000096 0.005021 0.000738 0.000576 0.000342
1411000000.000000 5.991233 -0.247130 0.014420 0.000698 0.004854 0.000738 0.000610 0.000359
1424400000.000000 5.987863 -0.247383 -0.010427 -0.000114 0.004833 0.000723 0.000534 0.000380
1437800000.000000 5.985588 -0.244824 -0.034816 0.000014 0.004801 0.000764 0.000505 0.000309
1451200000.000000 5.981979 -0.239183 -0.058857 0.000993 0.005139 0.000747 0.000531 0.000337
1464500000.000000 5.977823 -0.231063 -0.082001 0.000411 0.004997 0.000712 0.000598 0.000331
1477900000.000000 5.972829 -0.220674 -0.100472 -0.000110 0.005033 0.000739 0.000543 0.000338
1491300000.000000 5.966542 -0.207713 -0.124284 -0.000172 0.005084 0.000694 0.000552 0.000351
1504700000.000000 5.964173 -0.194602 -0.143141 0.000161 0.005132 0.000728 0.000540 0.000357
1518000000.000000 5.960011 -0.178903 -0.161319 -0.000577 0.005096 0.000799 0.000625 0.000368
1531400000.000000 5.977188 -0.161021 -0.187510 -0.000812 0.006265 0.000912 0.001058 0.000853
1544800000.000000 5.971557 -0.142358 -0.205685 -0.001360 0.005788 0.000992 0.001031 0.000741
1558200000.000000 5.961576 -0.126409 -0.214090 -0.000382 0.005441 0.000840 0.000766 0.000599
1571500000.000000 5.943286 -0.112726 -0.227555 0.000577 0.005656 0.000810 0.000816 0.000534
1584900000.000000 5.936606 -0.097025 -0.234427 -0.000055 0.005784 0.000724 0.000800 0.000537
1598300000.000000 5.937856 -0.074800 -0.236811 -0.000349 0.005898 0.000813 0.000853 0.000462
1611700000.000000 5.919073 -0.057148 -0.234374 -0.000908 0.006100 0.000773 0.000937 0.000417
1625000000.000000 5.916873 -0.031912 -0.234239 0.000233 0.006421 0.000948 0.001069 0.000794
1638400000.000000 5.907294 -0.019684 -0.239354 -0.000439 0.006913 0.000875 0.000933 0.000406
1651800000.000000 5.903987 -0.006045 -0.239646 -0.001323 0.006313 0.001026 0.001152 0.000993
