# # J1733-1304 QU data converted from WAPITI text output
# # Date (ISO): 2023-10-14T12:20:56.694
# # Columns: freq(Hz) I(Jy) Q(Jy) U(Jy) V(Jy) dI(Jy) dQ(Jy) dU(Jy) dV(Jy)
# 
902800000.000000 5.919615 0.081835 0.177490 0.002068 0.009482 0.000998 0.001556 0.001055
916200000.000000 5.943240 0.023162 0.193554 -0.001934 0.010178 0.001027 0.001302 0.000766
929500000.000000 5.943455 -0.042826 0.194911 -0.000867 0.009916 0.001147 0.001254 0.000786
942900000.000000 6.032236 -0.139371 0.150648 -0.003004 0.013184 0.002064 0.002067 0.002198
956300000.000000 5.973535 -0.165546 0.116797 0.000319 0.009404 0.001109 0.000838 0.000633
969700000.000000 5.962424 -0.197955 0.054120 -0.000372 0.008754 0.001035 0.000704 0.000504
983000000.000000 5.968427 -0.206205 -0.011355 -0.000104 0.008052 0.000931 0.000775 0.000506
996400000.000000 5.977693 -0.192637 -0.078225 -0.000223 0.007315 0.000807 0.000782 0.000540
1009800000.000000 5.983198 -0.158174 -0.131565 -0.000239 0.007206 0.000773 0.000837 0.000598
1023200000.000000 5.984142 -0.116571 -0.173629 -0.001134 0.006415 0.000680 0.000960 0.000530
1036500000.000000 5.992738 -0.059615 -0.200762 0.000573 0.006513 0.000658 0.000930 0.000535
1049900000.000000 5.999582 -0.004380 -0.211313 -0.000028 0.006288 0.000602 0.000934 0.000532
1063300000.000000 6.009976 0.049152 -0.207599 0.000363 0.006663 0.000674 0.000931 0.000544
1076700000.000000 6.012104 0.098774 -0.192914 0.000415 0.006262 0.000725 0.000921 0.000463
1090000000.000000 6.027347 0.144421 -0.161958 0.000003 0.006631 0.000804 0.000792 0.000636
1103400000.000000 6.023764 0.178495 -0.120605 0.000363 0.006479 0.000827 0.000724 0.000487
1116800000.000000 6.029088 0.204343 -0.076922 0.000034 0.006039 0.000778 0.000731 0.000408
1130200000.000000 6.032036 0.219835 -0.031262 0.000023 0.006233 0.000891 0.000618 0.000430
1143500000.000000 6.047910 0.222166 0.013527 -0.000501 0.006067 0.000891 0.000591 0.000505
1156900000.000000 6.048339 0.218992 0.062679 -0.000104 0.005827 0.000855 0.000630 0.000504
1170300000.000000 6.060350 0.208383 0.093562 -0.000721 0.006192 0.000905 0.000800 0.000637
1183700000.000000 6.070402 0.174847 0.151776 0.000056 0.006148 0.000745 0.000876 0.000676
1197000000.000000 6.079894 0.154802 0.173463 0.000339 0.006392 0.000744 0.000806 0.000666
1210400000.000000 6.124135 0.109892 0.207238 -0.000259 0.007852 0.000887 0.000975 0.001002
1223800000.000000 6.099473 0.086722 0.216810 -0.000144 0.007080 0.000892 0.000975 0.000731
1237200000.000000 6.101146 0.046458 0.232762 0.000008 0.006623 0.000763 0.000984 0.000592
1250500000.000000 6.073179 0.008725 0.237686 -0.000118 0.006006 0.000693 0.000935 0.000510
1263900000.000000 6.090866 -0.013765 0.238089 0.000384 0.006093 0.000800 0.000968 0.000782
1277300000.000000 6.149688 -0.075195 0.230594 -0.000358 0.009851 0.001098 0.000984 0.001002
1290700000.000000 6.104005 -0.094747 0.219490 0.001155 0.006235 0.000680 0.000837 0.000503
1304000000.000000 6.067999 -0.122058 0.201586 0.000376 0.004992 0.000575 0.000780 0.000371
1317400000.000000 6.069751 -0.149109 0.184841 -0.000274 0.005034 0.000657 0.000805 0.000358
1330800000.000000 6.069031 -0.174059 0.161828 -0.000088 0.005109 0.000610 0.000832 0.000415
1344200000.000000 6.070786 -0.195954 0.138125 0.000609 0.005058 0.000704 0.000741 0.000407
1357500000.000000 6.064864 -0.211933 0.111226 -0.000396 0.004822 0.000707 0.000687 0.000385
1370900000.000000 6.066582 -0.226126 0.081045 -0.000046 0.004838 0.000775 0.000636 0.000407
1384300000.000000 6.068560 -0.235243 0.054795 -0.000046 0.004980 0.000771 0.000641 0.000411
1397700000.000000 6.064665 -0.240812 0.028721 0.000224 0.004550 0.000780 0.000631 0.000394
1411000000.000000 6.059656 -0.243551 0.000220 0.000202 0.004875 0.000831 0.000652 0.000444
1424400000.000000 6.058386 -0.242569 -0.027979 -0.000370 0.004872 0.000809 0.000526 0.000483
1437800000.000000 6.058046 -0.240159 -0.051983 -0.000468 0.004490 0.000829 0.000549 0.000362
1451200000.000000 6.052011 -0.234049 -0.078401 0.000118 0.004524 0.000825 0.000590 0.000369
1464500000.000000 6.047347 -0.227079 -0.101490 -0.000191 0.004853 0.000831 0.000569 0.000411
1477900000.000000 6.044313 -0.216337 -0.121899 0.000374 0.004383 0.000835 0.000581 0.000401
1491300000.000000 6.040629 -0.205868 -0.142798 -0.000150 0.004587 0.000697 0.000583 0.000403
1504700000.000000 6.035819 -0.190974 -0.161030 -0.000114 0.004354 0.000795 0.000597 0.000419
1518000000.000000 6.035060 -0.176886 -0.174843 0.000154 0.004598 0.000897 0.000580 0.000414
1531400000.000000 6.069842 -0.159190 -0.190132 0.001122 0.006876 0.001088 0.000780 0.000904
1544800000.000000 6.052287 -0.136701 -0.202546 0.000658 0.006526 0.001241 0.001113 0.000926
1558200000.000000 6.045273 -0.123952 -0.215880 0.000555 0.005639 0.000843 0.000863 0.000686
1571500000.000000 6.040619 -0.106081 -0.223340 0.000793 0.006185 0.000978 0.001032 0.000842
1584900000.000000 6.025663 -0.088356 -0.233130 -0.000825 0.006112 0.000814 0.000964 0.000703
1598300000.000000 6.000841 -0.070026 -0.237897 -0.000761 0.005492 0.000765 0.000858 0.000550
1611700000.000000 5.974956 -0.050248 -0.242630 0.000029 0.004776 0.000653 0.000775 0.000418
1625000000.000000 5.964602 -0.029940 -0.244113 -0.000754 0.004168 0.000773 0.000848 0.000651
1638400000.000000 5.956490 -0.017199 -0.244242 0.000392 0.005039 0.000652 0.000893 0.000517
1651800000.000000 5.945300 -0.003860 -0.250108 -0.000498 0.005653 0.000907 0.000937 0.000837
