# # J1733-1304 QU data converted from WAPITI text output
# # Date (ISO): 2023-09-04T15:47:02.977
# # Columns: freq(Hz) I(Jy) Q(Jy) U(Jy) V(Jy) dI(Jy) dQ(Jy) dU(Jy) dV(Jy)
# 
902800000.000000 5.794940 -0.005665 0.192241 -0.000468 0.010531 0.001102 0.001402 0.000930
916200000.000000 5.823663 -0.058479 0.184120 0.000539 0.010263 0.001092 0.001181 0.000679
929500000.000000 5.845153 -0.116681 0.159983 -0.000315 0.011829 0.001249 0.000915 0.000776
942900000.000000 5.961371 -0.180959 0.085415 0.001485 0.012140 0.002144 0.002042 0.001955
956300000.000000 5.890878 -0.188665 0.042471 0.000540 0.008922 0.001252 0.000842 0.000593
969700000.000000 5.886232 -0.189968 -0.022390 0.000474 0.008523 0.001018 0.000810 0.000534
983000000.000000 5.914440 -0.172802 -0.081214 0.000576 0.008545 0.000934 0.000984 0.000549
996400000.000000 5.929069 -0.138429 -0.133248 -0.000255 0.008145 0.000865 0.000991 0.000569
1009800000.000000 5.943255 -0.092299 -0.167234 0.000400 0.008282 0.000792 0.001031 0.000581
1023200000.000000 5.953817 -0.041530 -0.187331 -0.000294 0.007755 0.000689 0.001018 0.000483
1036500000.000000 5.969743 0.017514 -0.194650 0.000383 0.007810 0.000739 0.001194 0.000548
1049900000.000000 5.975295 0.066103 -0.186004 0.000137 0.007209 0.000679 0.000901 0.000528
1063300000.000000 5.991351 0.112292 -0.163347 0.000403 0.006835 0.000876 0.000839 0.000439
1076700000.000000 6.005728 0.150718 -0.133836 -0.000031 0.007120 0.000865 0.000834 0.000482
1090000000.000000 6.003951 0.179575 -0.099054 0.000261 0.007085 0.001011 0.000914 0.000564
1103400000.000000 6.038252 0.201477 -0.051672 -0.000214 0.006678 0.000916 0.000733 0.000492
1116800000.000000 6.037319 0.213387 -0.009954 -0.000132 0.006491 0.000961 0.000665 0.000416
1130200000.000000 6.052872 0.213356 0.036692 -0.000247 0.006233 0.001003 0.000684 0.000445
1143500000.000000 6.075483 0.204705 0.079897 0.000080 0.006801 0.000984 0.000741 0.000491
1156900000.000000 6.073873 0.185643 0.119389 0.000500 0.006201 0.000964 0.000749 0.000484
1170300000.000000 6.102458 0.172629 0.146071 0.001275 0.007322 0.001033 0.000946 0.000778
1183700000.000000 6.112063 0.126396 0.190336 -0.000449 0.007078 0.000863 0.000988 0.000756
1197000000.000000 6.118656 0.101537 0.203678 -0.001022 0.006558 0.000752 0.000999 0.000613
1210400000.000000 6.123442 0.054740 0.225157 -0.000659 0.006755 0.000938 0.001286 0.001080
1223800000.000000 6.107578 0.032172 0.230314 0.001024 0.007455 0.000761 0.001048 0.000684
1237200000.000000 6.116373 -0.007379 0.233629 -0.000163 0.006297 0.000555 0.000986 0.000563
1250500000.000000 6.134666 -0.043012 0.232493 -0.000983 0.006094 0.000617 0.000893 0.000439
1263900000.000000 6.147118 -0.065036 0.227840 -0.000215 0.006053 0.000806 0.001091 0.000693
1277300000.000000 6.195785 -0.110479 0.215166 -0.000060 0.008853 0.000999 0.001193 0.000863
1290700000.000000 6.163042 -0.136133 0.197542 -0.000215 0.006290 0.000785 0.000871 0.000450
1304000000.000000 6.139774 -0.159395 0.175246 0.000470 0.005705 0.000756 0.000807 0.000344
1317400000.000000 6.139781 -0.183695 0.152378 -0.000438 0.005590 0.000702 0.000748 0.000380
1330800000.000000 6.144464 -0.199764 0.126037 -0.000695 0.005478 0.000743 0.000741 0.000401
1344200000.000000 6.144144 -0.214474 0.101827 -0.000423 0.005418 0.000759 0.000651 0.000354
1357500000.000000 6.144188 -0.226407 0.076342 -0.000103 0.005153 0.000810 0.000652 0.000373
1370900000.000000 6.141956 -0.232816 0.048284 0.000391 0.005387 0.000764 0.000554 0.000383
1384300000.000000 6.147146 -0.236596 0.021395 0.000084 0.005209 0.000813 0.000594 0.000315
1397700000.000000 6.144107 -0.236562 -0.005111 0.000326 0.004951 0.000808 0.000561 0.000387
1411000000.000000 6.142570 -0.233649 -0.029876 -0.000177 0.005206 0.000810 0.000543 0.000391
1424400000.000000 6.139244 -0.227706 -0.053019 0.000377 0.004867 0.000952 0.000598 0.000417
1437800000.000000 6.141350 -0.219213 -0.079072 0.000229 0.005229 0.000838 0.000573 0.000338
1451200000.000000 6.137637 -0.210081 -0.102970 0.000355 0.004842 0.000835 0.000613 0.000370
1464500000.000000 6.132537 -0.196194 -0.121629 -0.000341 0.005149 0.000782 0.000475 0.000345
1477900000.000000 6.130807 -0.183669 -0.141046 -0.000656 0.005548 0.000678 0.000592 0.000403
1491300000.000000 6.126535 -0.168180 -0.157669 -0.000418 0.005145 0.000811 0.000560 0.000373
1504700000.000000 6.119977 -0.154233 -0.171840 -0.000074 0.005113 0.000709 0.000571 0.000393
1518000000.000000 6.119690 -0.136928 -0.185167 -0.001043 0.005583 0.000731 0.000667 0.000544
1531400000.000000 6.115613 -0.111539 -0.201233 0.000354 0.006277 0.000927 0.001234 0.000944
1544800000.000000 6.120245 -0.099726 -0.212164 0.000120 0.005760 0.000960 0.001075 0.000929
1558200000.000000 6.115700 -0.080305 -0.216145 0.000552 0.005515 0.000740 0.000872 0.000645
1571500000.000000 6.101275 -0.066294 -0.219985 0.000249 0.006378 0.000866 0.001008 0.000753
1584900000.000000 6.093233 -0.046616 -0.224419 0.002091 0.005770 0.000921 0.001162 0.000603
1598300000.000000 6.087367 -0.030565 -0.227580 -0.000045 0.005139 0.000617 0.000851 0.000526
1611700000.000000 6.068449 -0.013346 -0.229371 0.000044 0.004973 0.000608 0.000863 0.000417
1625000000.000000 6.059746 0.003040 -0.229188 -0.000484 0.005072 0.000691 0.000984 0.000590
1638400000.000000 6.049758 0.017520 -0.229316 0.000181 0.005404 0.000609 0.000934 0.000436
1651800000.000000 6.044775 0.029182 -0.229571 -0.000298 0.005083 0.000833 0.000970 0.000791
