# # J1733-1304 QU data converted from WAPITI text output
# # Date (ISO): 2023-09-04T16:04:34.532
# # Columns: freq(Hz) I(Jy) Q(Jy) U(Jy) V(Jy) dI(Jy) dQ(Jy) dU(Jy) dV(Jy)
# 
902800000.000000 5.754577 -0.004730 0.221882 -0.000456 0.012265 0.001261 0.001718 0.001005
916200000.000000 5.783936 -0.054732 0.208104 -0.000303 0.009594 0.001229 0.001242 0.000745
929500000.000000 5.810243 -0.110709 0.183035 0.001473 0.009642 0.001151 0.000954 0.000865
942900000.000000 5.991207 -0.168428 0.098057 0.002286 0.018843 0.002556 0.002322 0.002458
956300000.000000 5.859043 -0.181074 0.057336 -0.001368 0.007923 0.001317 0.000867 0.000628
969700000.000000 5.868085 -0.183131 -0.007021 0.000490 0.007582 0.001126 0.000882 0.000483
983000000.000000 5.890961 -0.164457 -0.069672 0.000681 0.008493 0.000977 0.000982 0.000625
996400000.000000 5.911360 -0.130247 -0.122398 0.000203 0.007332 0.000796 0.001204 0.000593
1009800000.000000 5.924982 -0.086765 -0.157956 -0.000801 0.007715 0.000719 0.001181 0.000491
1023200000.000000 5.945663 -0.035188 -0.174139 -0.000219 0.007759 0.000683 0.001152 0.000544
1036500000.000000 5.961190 0.025520 -0.170386 -0.000155 0.007142 0.000822 0.001217 0.000604
1049900000.000000 5.967748 0.073878 -0.152264 -0.000032 0.006892 0.000865 0.001025 0.000523
1063300000.000000 5.983530 0.121487 -0.124468 0.000375 0.006761 0.000872 0.000993 0.000515
1076700000.000000 6.001010 0.161929 -0.090865 -0.000253 0.006877 0.000983 0.000918 0.000541
1090000000.000000 6.007589 0.186743 -0.057705 -0.000625 0.007802 0.001509 0.001198 0.000821
1103400000.000000 6.033038 0.210000 -0.017372 0.000017 0.006215 0.001030 0.000754 0.000470
1116800000.000000 6.042013 0.219187 0.022846 0.000222 0.006142 0.001067 0.000641 0.000450
1130200000.000000 6.043874 0.217634 0.062701 0.000081 0.006557 0.001120 0.000749 0.000413
1143500000.000000 6.071873 0.207073 0.107585 0.000305 0.006138 0.001196 0.000717 0.000528
1156900000.000000 6.077408 0.188217 0.146249 -0.000434 0.006091 0.000974 0.000737 0.000381
1170300000.000000 6.098974 0.173533 0.170424 0.000579 0.006048 0.001080 0.000937 0.000780
1183700000.000000 6.107637 0.128401 0.208972 -0.000339 0.006010 0.000829 0.001046 0.000598
1197000000.000000 6.117674 0.104728 0.219984 -0.000176 0.006533 0.000920 0.001019 0.000548
1210400000.000000 6.144163 0.057140 0.237137 0.001035 0.007231 0.001036 0.001418 0.000818
1223800000.000000 6.116830 0.035824 0.243719 -0.001037 0.006597 0.000909 0.001219 0.000668
1237200000.000000 6.121449 -0.004711 0.257250 -0.000766 0.005666 0.000659 0.000994 0.000485
1250500000.000000 6.134091 -0.037530 0.262244 -0.000130 0.005990 0.000597 0.001038 0.000427
1263900000.000000 6.150743 -0.056163 0.265993 0.000347 0.006272 0.000721 0.001262 0.000648
1277300000.000000 6.194878 -0.103475 0.249169 0.000828 0.008887 0.000875 0.001349 0.000856
1290700000.000000 6.165048 -0.128099 0.233504 -0.000420 0.006143 0.000699 0.001058 0.000614
1304000000.000000 6.143914 -0.157859 0.207365 -0.000087 0.005489 0.000636 0.000866 0.000378
1317400000.000000 6.139469 -0.178184 0.181060 -0.000305 0.005636 0.000705 0.000853 0.000407
1330800000.000000 6.139895 -0.196109 0.153346 0.000046 0.005031 0.000797 0.000854 0.000368
1344200000.000000 6.144465 -0.209884 0.127680 0.000115 0.005343 0.000832 0.000783 0.000444
1357500000.000000 6.142191 -0.221099 0.101077 -0.000136 0.005458 0.000987 0.000764 0.000355
1370900000.000000 6.143976 -0.226794 0.073793 -0.000287 0.005229 0.000934 0.000655 0.000399
1384300000.000000 6.140485 -0.231026 0.043969 0.000377 0.005126 0.000997 0.000579 0.000366
1397700000.000000 6.144596 -0.230469 0.017115 -0.000367 0.005431 0.000940 0.000559 0.000355
1411000000.000000 6.140600 -0.227753 -0.009534 -0.000467 0.005416 0.000942 0.000621 0.000330
1424400000.000000 6.137732 -0.222318 -0.033056 0.000180 0.005312 0.000984 0.000532 0.000532
1437800000.000000 6.134181 -0.214136 -0.056907 0.000459 0.005323 0.000964 0.000531 0.000389
1451200000.000000 6.133298 -0.202014 -0.077044 -0.000290 0.005206 0.000953 0.000643 0.000381
1464500000.000000 6.127333 -0.191310 -0.095645 0.000181 0.005322 0.000903 0.000601 0.000337
1477900000.000000 6.124834 -0.176928 -0.112681 0.000902 0.005555 0.000802 0.000638 0.000398
1491300000.000000 6.118784 -0.163353 -0.130819 0.000535 0.005496 0.000908 0.000630 0.000399
1504700000.000000 6.113958 -0.147648 -0.145668 0.000108 0.005422 0.000856 0.000693 0.000376
1518000000.000000 6.114453 -0.132528 -0.157436 0.000060 0.005777 0.000755 0.000798 0.000494
1531400000.000000 6.117272 -0.108461 -0.176877 0.000328 0.006766 0.000990 0.001015 0.000666
1544800000.000000 6.122737 -0.095964 -0.189351 0.000949 0.006962 0.001126 0.001010 0.000898
1558200000.000000 6.112177 -0.077069 -0.190876 0.000232 0.005734 0.000775 0.001030 0.000563
1571500000.000000 6.100589 -0.064210 -0.198445 0.000662 0.006908 0.000847 0.001023 0.000580
1584900000.000000 6.085620 -0.044377 -0.204305 -0.000552 0.005902 0.000712 0.001028 0.000541
1598300000.000000 6.083314 -0.025042 -0.204488 0.000455 0.005592 0.000662 0.000943 0.000535
1611700000.000000 6.065162 -0.008909 -0.205584 0.000034 0.005966 0.000601 0.000972 0.000436
1625000000.000000 6.059442 0.007411 -0.204957 -0.000514 0.005272 0.000925 0.001228 0.000706
1638400000.000000 6.049604 0.021536 -0.205088 -0.000251 0.006141 0.000670 0.000814 0.000455
1651800000.000000 6.048224 0.033590 -0.202982 -0.000267 0.005864 0.000783 0.001064 0.000762
