# # J1733-1304 QU data converted from WAPITI text output
# # Date (ISO): 2023-09-23T15:03:24.496
# # Columns: freq(Hz) I(Jy) Q(Jy) U(Jy) V(Jy) dI(Jy) dQ(Jy) dU(Jy) dV(Jy)
# 
902800000.000000 5.629809 0.048741 0.185184 0.000668 0.011986 0.001141 0.001515 0.001040
916200000.000000 5.672331 -0.005577 0.190782 0.000747 0.010863 0.001041 0.001110 0.000650
929500000.000000 5.704428 -0.066412 0.179509 -0.000995 0.010540 0.001305 0.001106 0.000789
942900000.000000 5.833939 -0.154043 0.117857 0.000013 0.015813 0.002089 0.001950 0.001696
956300000.000000 5.757225 -0.175118 0.082080 0.000065 0.009437 0.001262 0.000821 0.000585
969700000.000000 5.753437 -0.190730 0.019756 0.000803 0.008813 0.001104 0.000697 0.000571
983000000.000000 5.770035 -0.187327 -0.043232 0.000028 0.008115 0.000972 0.000908 0.000544
996400000.000000 5.792152 -0.162305 -0.104495 0.000084 0.007829 0.000852 0.000926 0.000468
1009800000.000000 5.800032 -0.127501 -0.149968 0.000486 0.007256 0.000776 0.001012 0.000575
1023200000.000000 5.813119 -0.081052 -0.182405 0.000050 0.007343 0.000734 0.001027 0.000511
1036500000.000000 5.826732 -0.027647 -0.199408 -0.000683 0.007054 0.000699 0.001011 0.000487
1049900000.000000 5.834145 0.026713 -0.199907 0.000088 0.006853 0.000641 0.000849 0.000476
1063300000.000000 5.840218 0.078471 -0.185653 0.000079 0.006441 0.000666 0.000893 0.000520
1076700000.000000 5.861601 0.126290 -0.160176 -0.000285 0.006682 0.000727 0.000832 0.000418
1090000000.000000 5.876438 0.163672 -0.128475 0.000213 0.006319 0.000732 0.000792 0.000468
1103400000.000000 5.879654 0.194208 -0.084465 0.000276 0.006547 0.000857 0.000655 0.000451
1116800000.000000 5.887185 0.211088 -0.044902 -0.000202 0.006122 0.000736 0.000672 0.000423
1130200000.000000 5.896875 0.219638 0.003112 -0.000594 0.006082 0.000826 0.000635 0.000409
1143500000.000000 5.912583 0.217694 0.046338 -0.000276 0.006163 0.000853 0.000739 0.000512
1156900000.000000 5.933059 0.205966 0.088541 -0.000216 0.005698 0.000846 0.000626 0.000431
1170300000.000000 5.944375 0.194296 0.116791 -0.000171 0.006065 0.000906 0.000815 0.000610
1183700000.000000 5.947499 0.149562 0.161331 -0.001195 0.006007 0.000858 0.000862 0.000592
1197000000.000000 5.960010 0.132842 0.182920 0.000573 0.005932 0.000840 0.000775 0.000495
1210400000.000000 5.958598 0.086619 0.210368 0.000597 0.006345 0.000950 0.000986 0.000682
1223800000.000000 5.952064 0.055924 0.206729 -0.001268 0.005274 0.000854 0.000844 0.000526
1237200000.000000 5.972784 0.018457 0.216220 0.000151 0.005056 0.000571 0.000706 0.000433
1250500000.000000 5.983916 -0.010298 0.229979 0.000631 0.005560 0.000628 0.000779 0.000444
1263900000.000000 5.978172 -0.031969 0.229780 -0.000754 0.005772 0.000806 0.000864 0.000664
1277300000.000000 5.998132 -0.079840 0.219671 -0.000358 0.008137 0.000872 0.001157 0.000699
1290700000.000000 5.978207 -0.109273 0.206112 0.000473 0.005260 0.000625 0.000849 0.000528
1304000000.000000 5.962293 -0.139110 0.186837 -0.000135 0.004762 0.000537 0.000695 0.000393
1317400000.000000 5.962967 -0.165947 0.167367 -0.000170 0.004501 0.000588 0.000695 0.000373
1330800000.000000 5.963020 -0.185906 0.143767 -0.000249 0.004490 0.000603 0.000650 0.000423
1344200000.000000 5.960828 -0.203118 0.120542 0.000114 0.004652 0.000558 0.000728 0.000373
1357500000.000000 5.965722 -0.215775 0.094752 0.000188 0.004533 0.000623 0.000689 0.000332
1370900000.000000 5.962638 -0.226472 0.066498 -0.000636 0.004510 0.000613 0.000675 0.000325
1384300000.000000 5.962324 -0.232241 0.039892 0.000337 0.004693 0.000750 0.000687 0.000399
1397700000.000000 5.960261 -0.236495 0.013488 0.000646 0.004580 0.000677 0.000550 0.000344
1411000000.000000 5.957800 -0.237238 -0.012663 0.000290 0.004605 0.000740 0.000536 0.000361
1424400000.000000 5.954517 -0.235241 -0.038004 0.000526 0.004639 0.000736 0.000619 0.000382
1437800000.000000 5.950482 -0.228993 -0.062246 0.000194 0.004992 0.000733 0.000553 0.000349
1451200000.000000 5.952352 -0.221441 -0.086188 -0.000379 0.004847 0.000740 0.000537 0.000329
1464500000.000000 5.947546 -0.211289 -0.108377 0.000431 0.004505 0.000755 0.000544 0.000432
1477900000.000000 5.944493 -0.198991 -0.127231 0.000010 0.005036 0.000781 0.000594 0.000361
1491300000.000000 5.939124 -0.186496 -0.146233 0.000131 0.004771 0.000702 0.000618 0.000331
1504700000.000000 5.934719 -0.171276 -0.162037 -0.000054 0.004789 0.000663 0.000621 0.000378
1518000000.000000 5.933486 -0.154670 -0.176604 -0.000070 0.004991 0.000713 0.000610 0.000432
1531400000.000000 5.951313 -0.134217 -0.192995 -0.000006 0.005359 0.000929 0.000787 0.000510
1544800000.000000 5.943857 -0.121149 -0.205430 -0.000603 0.005613 0.000996 0.001077 0.000716
1558200000.000000 5.934267 -0.103029 -0.213494 0.001100 0.005748 0.000725 0.000912 0.000507
1571500000.000000 5.920973 -0.091258 -0.222335 -0.000217 0.005443 0.000862 0.000933 0.000586
1584900000.000000 5.917817 -0.075659 -0.227265 0.000327 0.005544 0.000677 0.000951 0.000560
1598300000.000000 5.908588 -0.055745 -0.227239 0.000393 0.006068 0.000816 0.000948 0.000499
1611700000.000000 5.895637 -0.037569 -0.230123 0.000236 0.006132 0.000746 0.000912 0.000472
1625000000.000000 5.899048 -0.017782 -0.232422 -0.001081 0.006974 0.000911 0.001097 0.000741
1638400000.000000 5.889381 -0.000649 -0.228263 0.000754 0.006177 0.000745 0.000905 0.000482
1651800000.000000 5.882119 0.010336 -0.229986 -0.000147 0.004840 0.000886 0.001038 0.000853
