# # J1733-1304 QU data converted from WAPITI text output
# # Date (ISO): 2023-10-06T14:48:28.678
# # Columns: freq(Hz) I(Jy) Q(Jy) U(Jy) V(Jy) dI(Jy) dQ(Jy) dU(Jy) dV(Jy)
# 
902800000.000000 5.764836 0.049516 0.150243 0.000683 0.013230 0.001086 0.001533 0.001032
916200000.000000 5.775036 -0.009353 0.166545 -0.000015 0.011177 0.001067 0.001423 0.000666
929500000.000000 5.782404 -0.070180 0.169403 -0.000275 0.010622 0.001355 0.001182 0.000742
942900000.000000 5.823557 -0.165199 0.121366 0.001002 0.010688 0.001983 0.001324 0.001289
956300000.000000 5.803258 -0.183823 0.094600 0.000428 0.009926 0.001429 0.000873 0.000642
969700000.000000 5.810709 -0.208891 0.032753 -0.000631 0.009591 0.001333 0.000909 0.000574
983000000.000000 5.819284 -0.213986 -0.027284 0.000514 0.008681 0.001340 0.000863 0.000596
996400000.000000 5.827979 -0.199617 -0.088937 -0.000048 0.008860 0.001199 0.001007 0.000530
1009800000.000000 5.843914 -0.166392 -0.144475 -0.000280 0.008430 0.000938 0.001199 0.000467
1023200000.000000 5.850769 -0.128489 -0.182662 0.000234 0.008229 0.000655 0.001183 0.000549
1036500000.000000 5.858945 -0.080305 -0.212687 -0.000567 0.007801 0.000729 0.001269 0.000527
1049900000.000000 5.850498 -0.031747 -0.224006 -0.000251 0.007719 0.000647 0.001177 0.000454
1063300000.000000 5.860113 0.017130 -0.221032 -0.000013 0.007605 0.000746 0.001108 0.000512
1076700000.000000 5.866956 0.068849 -0.202516 0.000361 0.007419 0.000736 0.001102 0.000460
1090000000.000000 5.881963 0.115757 -0.174726 0.000159 0.007429 0.001017 0.000957 0.000590
1103400000.000000 5.894955 0.153469 -0.133647 -0.000057 0.007269 0.001107 0.000882 0.000455
1116800000.000000 5.892919 0.180115 -0.092606 0.000111 0.007013 0.001167 0.000760 0.000445
1130200000.000000 5.893043 0.193835 -0.048053 -0.000039 0.007065 0.001111 0.000647 0.000531
1143500000.000000 5.914828 0.195422 0.000307 -0.000224 0.007402 0.001174 0.000819 0.000643
1156900000.000000 5.918431 0.191050 0.045328 -0.000321 0.007336 0.001251 0.000693 0.000511
1170300000.000000 5.921498 0.188723 0.075759 0.000919 0.006559 0.001157 0.000932 0.000733
1183700000.000000 5.933302 0.142738 0.131461 -0.000916 0.007067 0.001196 0.000890 0.000764
1197000000.000000 5.934511 0.132359 0.150329 0.000602 0.008569 0.001139 0.000969 0.000706
1210400000.000000 5.946059 0.084791 0.188297 0.000438 0.008536 0.000981 0.001212 0.001030
1223800000.000000 5.945126 0.051863 0.197879 -0.001405 0.007669 0.000900 0.001034 0.000882
1237200000.000000 5.945413 0.007718 0.203289 0.000275 0.007431 0.000854 0.001035 0.000628
1250500000.000000 5.937375 -0.017423 0.213764 -0.000131 0.007215 0.000902 0.001031 0.000629
1263900000.000000 5.943762 -0.041394 0.215294 0.000265 0.007137 0.000980 0.001237 0.000890
1277300000.000000 5.973088 -0.085793 0.207941 -0.000068 0.009181 0.001066 0.001501 0.001148
1290700000.000000 5.949103 -0.116232 0.197314 0.000529 0.007377 0.000915 0.001053 0.000590
1304000000.000000 5.933694 -0.146143 0.183243 -0.000731 0.006222 0.000799 0.000972 0.000482
1317400000.000000 5.929092 -0.176676 0.164573 0.000080 0.005862 0.000702 0.000955 0.000374
1330800000.000000 5.929884 -0.199373 0.142798 -0.000105 0.006126 0.000715 0.000910 0.000412
1344200000.000000 5.926143 -0.218974 0.119178 -0.000094 0.005990 0.000740 0.000892 0.000445
1357500000.000000 5.927457 -0.236463 0.091213 -0.000910 0.005893 0.000806 0.000816 0.000463
1370900000.000000 5.926728 -0.248977 0.065062 0.000213 0.005824 0.000858 0.000726 0.000401
1384300000.000000 5.926773 -0.256719 0.040213 0.000440 0.006032 0.000788 0.000764 0.000442
1397700000.000000 5.926538 -0.259303 0.013294 -0.000105 0.005902 0.000844 0.000676 0.000447
1411000000.000000 5.921063 -0.260901 -0.012044 -0.000017 0.005611 0.000869 0.000645 0.000389
1424400000.000000 5.916075 -0.256983 -0.038326 0.000074 0.006050 0.000907 0.000721 0.000418
1437800000.000000 5.914712 -0.250739 -0.063292 0.000275 0.005678 0.000879 0.000691 0.000449
1451200000.000000 5.914376 -0.246292 -0.088346 0.000046 0.005687 0.000971 0.000644 0.000352
1464500000.000000 5.910673 -0.241134 -0.110968 -0.000094 0.005883 0.000899 0.000684 0.000349
1477900000.000000 5.904901 -0.230994 -0.134635 0.000022 0.006188 0.000902 0.000674 0.000409
1491300000.000000 5.903930 -0.218666 -0.153251 0.000037 0.006037 0.000927 0.000685 0.000411
1504700000.000000 5.896748 -0.206129 -0.171264 -0.000103 0.005799 0.000841 0.000760 0.000344
1518000000.000000 5.896625 -0.192725 -0.185123 0.000460 0.006128 0.000934 0.000753 0.000498
1531400000.000000 5.920216 -0.176549 -0.198337 -0.000210 0.007463 0.000907 0.000901 0.000630
1544800000.000000 5.922254 -0.156364 -0.210211 -0.000487 0.007914 0.001159 0.001145 0.000978
1558200000.000000 5.889913 -0.141137 -0.222137 0.000797 0.007543 0.000958 0.001036 0.000677
1571500000.000000 5.880412 -0.122049 -0.227417 0.000349 0.008290 0.001030 0.000989 0.000786
1584900000.000000 5.872876 -0.109525 -0.238003 0.000491 0.008297 0.001043 0.001009 0.000699
1598300000.000000 5.858384 -0.089569 -0.238701 0.001093 0.009516 0.001060 0.001446 0.000776
1611700000.000000 5.848977 -0.066118 -0.243932 0.000450 0.007418 0.000892 0.001007 0.000460
1625000000.000000 5.840395 -0.047023 -0.246689 -0.000176 0.006526 0.000821 0.001035 0.000579
1638400000.000000 5.838770 -0.030187 -0.245356 -0.000337 0.007474 0.000839 0.001063 0.000486
1651800000.000000 5.832655 -0.019997 -0.247066 -0.000176 0.006810 0.001039 0.001125 0.000801
