# # J1733-1304 QU data converted from WAPITI text output
# # Date (ISO): 2023-10-14T12:56:35.789
# # Columns: freq(Hz) I(Jy) Q(Jy) U(Jy) V(Jy) dI(Jy) dQ(Jy) dU(Jy) dV(Jy)
# 
902800000.000000 5.924850 0.079047 0.161679 0.000570 0.010582 0.000945 0.001398 0.000837
916200000.000000 5.928500 0.028515 0.179963 0.000027 0.009555 0.000873 0.001221 0.000796
929500000.000000 5.948603 -0.037499 0.186769 0.000663 0.009875 0.001148 0.001138 0.000698
942900000.000000 6.077654 -0.135926 0.144359 -0.004544 0.016627 0.002089 0.002027 0.002183
956300000.000000 5.987973 -0.164291 0.103403 -0.000333 0.008655 0.001101 0.000696 0.000614
969700000.000000 5.969203 -0.194337 0.042950 0.000256 0.007607 0.001145 0.000688 0.000495
983000000.000000 5.968420 -0.201478 -0.021593 0.000438 0.007222 0.001084 0.000885 0.000588
996400000.000000 5.990694 -0.189387 -0.090894 -0.000661 0.007372 0.000865 0.000859 0.000543
1009800000.000000 5.997166 -0.157437 -0.146351 -0.000254 0.007189 0.000732 0.000920 0.000487
1023200000.000000 6.008324 -0.114302 -0.187138 0.000928 0.007146 0.000695 0.001049 0.000507
1036500000.000000 6.020237 -0.059353 -0.213572 0.000317 0.006468 0.000669 0.001054 0.000543
1049900000.000000 6.021257 -0.004287 -0.223813 0.000405 0.006552 0.000685 0.000978 0.000468
1063300000.000000 6.023993 0.048328 -0.218713 0.001329 0.006631 0.000665 0.000963 0.000479
1076700000.000000 6.027271 0.100502 -0.201380 -0.000113 0.006710 0.000755 0.000917 0.000448
1090000000.000000 6.043781 0.144935 -0.169784 -0.000518 0.006842 0.000866 0.000765 0.000652
1103400000.000000 6.058029 0.181354 -0.131004 0.000272 0.007003 0.000842 0.000692 0.000563
1116800000.000000 6.048978 0.208440 -0.087974 -0.000262 0.006194 0.000939 0.000670 0.000520
1130200000.000000 6.054182 0.220139 -0.041346 0.000229 0.006210 0.000928 0.000687 0.000446
1143500000.000000 6.080967 0.226267 0.009197 -0.000613 0.006667 0.000963 0.000700 0.000565
1156900000.000000 6.066629 0.221533 0.055733 -0.000843 0.006451 0.000873 0.000656 0.000524
1170300000.000000 6.082291 0.210251 0.089297 -0.000369 0.007063 0.001020 0.000871 0.000915
1183700000.000000 6.078053 0.177798 0.148093 0.001284 0.007014 0.001001 0.000868 0.000834
1197000000.000000 6.090818 0.159221 0.168228 0.000208 0.007158 0.000776 0.000862 0.000663
1210400000.000000 6.096556 0.109216 0.202597 -0.000297 0.007254 0.000858 0.001064 0.000799
1223800000.000000 6.085025 0.088775 0.211540 0.000006 0.006846 0.000907 0.001110 0.000784
1237200000.000000 6.081500 0.047978 0.226653 -0.000449 0.006238 0.000705 0.000907 0.000583
1250500000.000000 6.105266 0.010214 0.233910 -0.000183 0.006442 0.000744 0.000876 0.000594
1263900000.000000 6.100756 -0.011599 0.233124 -0.000352 0.006499 0.000921 0.000883 0.000758
1277300000.000000 6.137677 -0.067028 0.232112 -0.001864 0.008616 0.001146 0.001194 0.001050
1290700000.000000 6.110738 -0.092879 0.217637 0.000825 0.006280 0.000812 0.000779 0.000669
1304000000.000000 6.078502 -0.123062 0.198616 0.000525 0.005504 0.000563 0.000876 0.000400
1317400000.000000 6.080208 -0.151811 0.178706 -0.000418 0.005561 0.000620 0.000800 0.000326
1330800000.000000 6.079136 -0.175368 0.157736 -0.000026 0.005292 0.000626 0.000679 0.000378
1344200000.000000 6.079462 -0.197446 0.132887 -0.000371 0.005142 0.000658 0.000760 0.000397
1357500000.000000 6.077795 -0.214729 0.106064 0.000184 0.005372 0.000742 0.000688 0.000349
1370900000.000000 6.075961 -0.228177 0.078604 0.000478 0.005352 0.000717 0.000643 0.000372
1384300000.000000 6.079293 -0.238201 0.049868 0.000179 0.005389 0.000756 0.000777 0.000370
1397700000.000000 6.072426 -0.241651 0.022137 0.000155 0.005446 0.000740 0.000671 0.000449
1411000000.000000 6.071083 -0.246166 -0.002456 0.000449 0.005263 0.000740 0.000545 0.000378
1424400000.000000 6.063056 -0.242962 -0.028416 0.000002 0.005007 0.000878 0.000606 0.000410
1437800000.000000 6.063381 -0.239679 -0.055266 -0.000438 0.005082 0.000821 0.000586 0.000334
1451200000.000000 6.060396 -0.234491 -0.081054 0.000211 0.005282 0.000822 0.000555 0.000361
1464500000.000000 6.054793 -0.226184 -0.105756 0.000957 0.005187 0.000782 0.000550 0.000370
1477900000.000000 6.049611 -0.215890 -0.126301 -0.000081 0.005299 0.000884 0.000556 0.000335
1491300000.000000 6.047977 -0.203089 -0.146431 0.000009 0.005264 0.000830 0.000550 0.000389
1504700000.000000 6.041614 -0.188710 -0.165080 0.000199 0.004956 0.000762 0.000515 0.000398
1518000000.000000 6.037074 -0.174558 -0.181428 -0.000081 0.004887 0.000754 0.000522 0.000369
1531400000.000000 6.061672 -0.156878 -0.197364 0.000200 0.006140 0.000885 0.000817 0.000703
1544800000.000000 6.049893 -0.140922 -0.215478 -0.002246 0.006090 0.001165 0.000980 0.001072
1558200000.000000 6.030721 -0.116722 -0.227484 0.000234 0.005299 0.000854 0.000840 0.000894
1571500000.000000 6.015325 -0.107488 -0.234257 -0.000675 0.005781 0.000888 0.000946 0.000671
1584900000.000000 6.006840 -0.086367 -0.241415 0.000074 0.005982 0.000853 0.000836 0.000647
1598300000.000000 6.005467 -0.066344 -0.245904 0.000145 0.005991 0.000807 0.001056 0.000656
1611700000.000000 5.982726 -0.049704 -0.252304 -0.000053 0.005090 0.000756 0.000817 0.000435
1625000000.000000 5.972636 -0.030325 -0.251701 -0.000033 0.004835 0.000632 0.000781 0.000519
1638400000.000000 5.965177 -0.014085 -0.257046 -0.000059 0.004972 0.000610 0.000743 0.000430
1651800000.000000 5.954614 -0.003660 -0.260423 -0.001100 0.005011 0.000780 0.000924 0.000751
