# # J1733-1304 QU data converted from WAPITI text output
# # Date (ISO): 2023-10-06T13:54:50.039
# # Columns: freq(Hz) I(Jy) Q(Jy) U(Jy) V(Jy) dI(Jy) dQ(Jy) dU(Jy) dV(Jy)
# 
902800000.000000 5.818739 0.070853 0.150212 -0.000012 0.012592 0.001001 0.001533 0.001013
916200000.000000 5.835241 0.019013 0.167857 0.000650 0.011759 0.000947 0.001218 0.000749
929500000.000000 5.849877 -0.044766 0.170473 -0.000199 0.011437 0.001109 0.001141 0.000945
942900000.000000 6.041614 -0.143562 0.140937 0.004750 0.017816 0.003018 0.002505 0.002579
956300000.000000 5.868547 -0.168110 0.093930 -0.001118 0.010254 0.001308 0.000914 0.000822
969700000.000000 5.861201 -0.197068 0.031296 -0.000360 0.009949 0.001095 0.000809 0.000554
983000000.000000 5.870246 -0.204173 -0.036683 -0.000394 0.009109 0.001086 0.000910 0.000572
996400000.000000 5.877903 -0.189613 -0.097051 0.000810 0.009159 0.000910 0.001011 0.000514
1009800000.000000 5.890095 -0.154949 -0.150174 0.000340 0.008903 0.000854 0.000992 0.000608
1023200000.000000 5.894044 -0.111862 -0.190609 -0.000335 0.008646 0.000727 0.001056 0.000543
1036500000.000000 5.896781 -0.056558 -0.223961 -0.000195 0.008485 0.000603 0.001286 0.000548
1049900000.000000 5.901734 -0.002277 -0.234061 0.000105 0.008256 0.000698 0.001163 0.000449
1063300000.000000 5.905930 0.046477 -0.231297 -0.000393 0.007879 0.000628 0.000969 0.000435
1076700000.000000 5.911594 0.097044 -0.211094 0.000098 0.007181 0.000840 0.001045 0.000543
1090000000.000000 5.913595 0.142206 -0.179562 0.000128 0.007662 0.000839 0.000950 0.000585
1103400000.000000 5.920436 0.179311 -0.138901 0.000000 0.006985 0.000852 0.000885 0.000447
1116800000.000000 5.928658 0.202941 -0.094971 0.000588 0.007374 0.000956 0.000807 0.000485
1130200000.000000 5.925120 0.216518 -0.048746 -0.000098 0.007039 0.000964 0.000653 0.000485
1143500000.000000 5.939746 0.219617 -0.000168 -0.000607 0.007387 0.000990 0.000659 0.000480
1156900000.000000 5.946391 0.216687 0.043698 0.000667 0.007035 0.001036 0.000698 0.000493
1170300000.000000 5.957002 0.205520 0.074100 -0.000418 0.006909 0.000966 0.000782 0.000709
1183700000.000000 5.957038 0.166715 0.123366 -0.000496 0.006922 0.000952 0.000819 0.000636
1197000000.000000 5.953595 0.149269 0.152021 -0.000850 0.007204 0.000834 0.000819 0.000602
1210400000.000000 5.973808 0.107631 0.180029 -0.000056 0.008294 0.000834 0.000879 0.000665
1223800000.000000 5.946150 0.076939 0.175218 -0.000218 0.007063 0.000924 0.000816 0.000562
1237200000.000000 5.956511 0.042541 0.191883 0.000588 0.006839 0.000796 0.000899 0.000516
1250500000.000000 5.961367 0.008774 0.214883 0.000174 0.006408 0.000717 0.000902 0.000478
1263900000.000000 5.972751 -0.015713 0.215396 0.000295 0.006959 0.000726 0.001036 0.000566
1277300000.000000 5.992734 -0.062088 0.211489 0.000011 0.008426 0.000832 0.001081 0.000753
1290700000.000000 5.976448 -0.091367 0.198539 0.000576 0.006105 0.000651 0.000960 0.000421
1304000000.000000 5.948589 -0.123657 0.183137 -0.000298 0.005965 0.000609 0.000823 0.000368
1317400000.000000 5.949841 -0.150495 0.162999 -0.000313 0.005842 0.000734 0.000791 0.000399
1330800000.000000 5.949375 -0.173537 0.142365 -0.000364 0.005933 0.000680 0.000864 0.000408
1344200000.000000 5.950260 -0.194783 0.118429 -0.000619 0.005910 0.000641 0.000756 0.000387
1357500000.000000 5.947731 -0.210988 0.091587 -0.000229 0.005678 0.000686 0.000838 0.000394
1370900000.000000 5.943525 -0.224358 0.065024 0.000009 0.005771 0.000811 0.000703 0.000383
1384300000.000000 5.946036 -0.231317 0.036843 -0.000032 0.005496 0.000766 0.000719 0.000398
1397700000.000000 5.945601 -0.238208 0.012053 0.000608 0.005728 0.000911 0.000621 0.000357
1411000000.000000 5.937482 -0.239128 -0.014488 0.000027 0.005697 0.000892 0.000575 0.000344
1424400000.000000 5.937480 -0.239279 -0.040461 0.000140 0.005678 0.000912 0.000579 0.000419
1437800000.000000 5.935931 -0.233300 -0.065980 -0.000333 0.005342 0.000840 0.000615 0.000345
1451200000.000000 5.930703 -0.227153 -0.089642 0.000626 0.005592 0.000895 0.000541 0.000401
1464500000.000000 5.928020 -0.217556 -0.114367 0.000113 0.005796 0.000877 0.000582 0.000367
1477900000.000000 5.924974 -0.206296 -0.137490 0.000623 0.005652 0.000871 0.000566 0.000363
1491300000.000000 5.923565 -0.196038 -0.154916 -0.000056 0.005590 0.000889 0.000667 0.000366
1504700000.000000 5.916904 -0.180132 -0.174606 -0.000656 0.005692 0.000877 0.000594 0.000435
1518000000.000000 5.916614 -0.166647 -0.188249 0.000219 0.005801 0.000810 0.000662 0.000387
1531400000.000000 5.939296 -0.147021 -0.206687 0.001066 0.007358 0.001238 0.001040 0.000740
1544800000.000000 5.951586 -0.134675 -0.219502 0.000506 0.007580 0.001218 0.000982 0.000765
1558200000.000000 5.911692 -0.115009 -0.226747 -0.000297 0.006104 0.000901 0.000863 0.000584
1571500000.000000 5.901980 -0.101299 -0.230859 -0.000985 0.006831 0.000906 0.000909 0.000608
1584900000.000000 5.894824 -0.085060 -0.243257 -0.000331 0.006532 0.000877 0.000896 0.000514
1598300000.000000 5.890901 -0.067868 -0.242638 0.000667 0.007404 0.000972 0.001101 0.000523
1611700000.000000 5.877218 -0.050890 -0.248995 -0.000561 0.006178 0.000759 0.000977 0.000507
1625000000.000000 5.877017 -0.030526 -0.251293 0.000356 0.005531 0.000878 0.001008 0.000735
1638400000.000000 5.873852 -0.020723 -0.250477 0.001034 0.006203 0.000755 0.001002 0.000490
1651800000.000000 5.866114 -0.007657 -0.250444 -0.000740 0.005461 0.001030 0.001119 0.000804
