# # J1733-1304 QU data converted from WAPITI text output
# # Date (ISO): 2023-10-14T12:39:08.232
# # Columns: freq(Hz) I(Jy) Q(Jy) U(Jy) V(Jy) dI(Jy) dQ(Jy) dU(Jy) dV(Jy)
# 
902800000.000000 5.923834 0.083391 0.170870 0.000641 0.010632 0.000814 0.001321 0.000993
916200000.000000 5.936387 0.024218 0.193606 0.000204 0.010495 0.000943 0.001330 0.000690
929500000.000000 5.958022 -0.038789 0.198286 0.000711 0.010493 0.000974 0.001143 0.000789
942900000.000000 5.988505 -0.142740 0.152808 -0.001102 0.012454 0.002102 0.001786 0.001553
956300000.000000 5.973136 -0.162196 0.115994 0.000416 0.009191 0.001194 0.000740 0.000575
969700000.000000 5.974954 -0.196285 0.053072 -0.000087 0.008841 0.001158 0.000715 0.000552
983000000.000000 5.977328 -0.203459 -0.017362 -0.000263 0.009033 0.001063 0.000889 0.000461
996400000.000000 5.985045 -0.192260 -0.081198 0.000303 0.008005 0.000965 0.000837 0.000530
1009800000.000000 5.991824 -0.160650 -0.137826 0.000125 0.007817 0.000798 0.001005 0.000509
1023200000.000000 5.998801 -0.117092 -0.180803 0.000219 0.008128 0.000698 0.001032 0.000501
1036500000.000000 6.005890 -0.061295 -0.205981 0.000576 0.007371 0.000729 0.001129 0.000480
1049900000.000000 6.010235 -0.007051 -0.213696 0.000444 0.007357 0.000717 0.000983 0.000535
1063300000.000000 6.016745 0.048435 -0.210028 -0.000380 0.007510 0.000670 0.000916 0.000481
1076700000.000000 6.025599 0.100384 -0.192210 0.000233 0.007321 0.000780 0.000940 0.000447
1090000000.000000 6.020400 0.142778 -0.160570 0.000803 0.006986 0.000956 0.000953 0.000559
1103400000.000000 6.031571 0.179685 -0.122593 0.000367 0.006928 0.000903 0.000768 0.000427
1116800000.000000 6.036232 0.205957 -0.080781 -0.000317 0.006696 0.000828 0.000693 0.000494
1130200000.000000 6.037793 0.219329 -0.034590 0.000270 0.006885 0.000896 0.000763 0.000479
1143500000.000000 6.057007 0.225789 0.011363 -0.000046 0.006241 0.000959 0.000698 0.000529
1156900000.000000 6.059553 0.219906 0.062304 0.000031 0.006178 0.000902 0.000636 0.000475
1170300000.000000 6.073662 0.210507 0.094448 -0.000862 0.006450 0.000956 0.000819 0.000826
1183700000.000000 6.072395 0.180074 0.149771 0.000778 0.005938 0.000884 0.000759 0.000656
1197000000.000000 6.083968 0.158169 0.171824 -0.000245 0.006262 0.000938 0.000776 0.000619
1210400000.000000 6.114121 0.111375 0.207498 -0.000357 0.007194 0.000926 0.001073 0.000795
1223800000.000000 6.116647 0.089651 0.220745 -0.000085 0.008293 0.000888 0.000963 0.000804
1237200000.000000 6.100389 0.050560 0.234139 -0.001036 0.007262 0.000780 0.001015 0.000637
1250500000.000000 6.086023 0.008994 0.242059 -0.000016 0.005986 0.000790 0.001011 0.000571
1263900000.000000 6.093730 -0.013291 0.241895 -0.000155 0.006138 0.000848 0.001036 0.000735
1277300000.000000 6.133675 -0.068829 0.235996 -0.000363 0.008385 0.000939 0.001260 0.000881
1290700000.000000 6.103972 -0.093671 0.224951 0.000148 0.006517 0.000656 0.000840 0.000538
1304000000.000000 6.076140 -0.122886 0.207698 -0.000314 0.005356 0.000597 0.000727 0.000407
1317400000.000000 6.072331 -0.151575 0.185558 -0.000418 0.005127 0.000638 0.000802 0.000420
1330800000.000000 6.070122 -0.174751 0.164262 0.000263 0.005161 0.000667 0.000751 0.000336
1344200000.000000 6.072376 -0.196690 0.141879 -0.000499 0.005250 0.000637 0.000780 0.000328
1357500000.000000 6.069290 -0.214557 0.114848 0.000134 0.005246 0.000670 0.000715 0.000388
1370900000.000000 6.067682 -0.227724 0.087833 0.000915 0.005092 0.000757 0.000672 0.000395
1384300000.000000 6.070082 -0.237000 0.058937 -0.000282 0.005071 0.000774 0.000629 0.000359
1397700000.000000 6.066069 -0.243028 0.031804 -0.000041 0.004839 0.000793 0.000646 0.000374
1411000000.000000 6.063698 -0.246048 0.004149 -0.000226 0.004892 0.000808 0.000628 0.000385
1424400000.000000 6.062290 -0.243724 -0.021768 0.000389 0.005053 0.000730 0.000594 0.000469
1437800000.000000 6.059871 -0.241868 -0.048991 0.000239 0.004964 0.000785 0.000619 0.000393
1451200000.000000 6.050578 -0.236109 -0.075002 0.000215 0.005105 0.000900 0.000490 0.000384
1464500000.000000 6.049982 -0.229032 -0.098474 0.001075 0.005176 0.000841 0.000513 0.000367
1477900000.000000 6.044292 -0.217775 -0.118594 0.000508 0.005092 0.000806 0.000562 0.000371
1491300000.000000 6.042126 -0.205428 -0.141384 -0.000314 0.005292 0.000777 0.000553 0.000383
1504700000.000000 6.038274 -0.189263 -0.159673 -0.000643 0.005332 0.000820 0.000585 0.000384
1518000000.000000 6.035765 -0.176978 -0.175480 -0.000406 0.005418 0.000786 0.000571 0.000439
1531400000.000000 6.062138 -0.159389 -0.188564 0.000389 0.006597 0.001053 0.000962 0.000675
1544800000.000000 6.039896 -0.137001 -0.203353 0.001240 0.006918 0.001008 0.001314 0.001436
1558200000.000000 6.051642 -0.123618 -0.219554 -0.000295 0.006146 0.000847 0.000787 0.000730
1571500000.000000 6.024479 -0.105730 -0.227105 -0.001809 0.006230 0.000867 0.000913 0.000753
1584900000.000000 6.018584 -0.089711 -0.234343 -0.000048 0.005906 0.000859 0.000840 0.000640
1598300000.000000 6.012060 -0.068222 -0.239465 -0.000483 0.005657 0.000977 0.001028 0.000739
1611700000.000000 5.986763 -0.050992 -0.242090 -0.000029 0.005292 0.000653 0.000719 0.000424
1625000000.000000 5.982090 -0.033009 -0.244053 0.000223 0.005781 0.000705 0.000866 0.000622
1638400000.000000 5.973944 -0.015700 -0.247962 0.000235 0.005445 0.000604 0.000794 0.000395
1651800000.000000 5.966378 -0.004451 -0.251440 -0.000440 0.005003 0.000845 0.000891 0.000695
