# # J1733-1304 QU data converted from WAPITI text output
# # Date (ISO): 2023-10-06T14:13:09.574
# # Columns: freq(Hz) I(Jy) Q(Jy) U(Jy) V(Jy) dI(Jy) dQ(Jy) dU(Jy) dV(Jy)
# 
902800000.000000 5.768072 0.082528 0.182490 -0.000043 0.014279 0.001068 0.001760 0.001133
916200000.000000 5.785520 0.034459 0.198993 0.000946 0.012243 0.001039 0.001414 0.000823
929500000.000000 5.814830 -0.030163 0.199556 -0.000422 0.012321 0.001176 0.001198 0.000835
942900000.000000 5.855554 -0.136068 0.150867 -0.000843 0.012762 0.002002 0.001804 0.001504
956300000.000000 5.823749 -0.161917 0.129129 -0.000316 0.010292 0.001438 0.000871 0.000623
969700000.000000 5.828114 -0.194564 0.044286 -0.001087 0.009591 0.001603 0.000848 0.000631
983000000.000000 5.841132 -0.202177 -0.024482 -0.000049 0.009406 0.001389 0.000939 0.000538
996400000.000000 5.850446 -0.183861 -0.096305 0.000167 0.009086 0.001234 0.001213 0.000596
1009800000.000000 5.858574 -0.153149 -0.144075 -0.000454 0.008387 0.000975 0.001255 0.000605
1023200000.000000 5.874258 -0.111183 -0.183205 0.000470 0.008596 0.000842 0.001319 0.000588
1036500000.000000 5.876743 -0.058157 -0.209111 0.000052 0.008255 0.000829 0.001294 0.000634
1049900000.000000 5.876693 -0.014834 -0.219848 0.000185 0.007851 0.000745 0.001413 0.000438
1063300000.000000 5.883166 0.052050 -0.214215 -0.000637 0.007766 0.000914 0.001308 0.000521
1076700000.000000 5.895325 0.100584 -0.198163 0.000265 0.007434 0.000821 0.001275 0.000460
1090000000.000000 5.911628 0.144723 -0.162579 -0.000204 0.006766 0.001071 0.001114 0.000655
1103400000.000000 5.907419 0.181429 -0.126673 0.000130 0.007345 0.001162 0.000976 0.000558
1116800000.000000 5.903998 0.205053 -0.086058 0.000216 0.007251 0.001212 0.000945 0.000478
1130200000.000000 5.919534 0.221613 -0.045252 -0.000931 0.007444 0.001256 0.000802 0.000507
1143500000.000000 5.925429 0.221818 0.018760 0.000062 0.007357 0.001302 0.000716 0.000551
1156900000.000000 5.923958 0.219015 0.068163 0.000295 0.006744 0.001183 0.000728 0.000433
1170300000.000000 5.952314 0.207333 0.097181 0.000621 0.007410 0.001137 0.000759 0.000687
1183700000.000000 5.944720 0.169360 0.146185 -0.000725 0.006775 0.001009 0.000876 0.000678
1197000000.000000 5.937201 0.152738 0.169794 -0.000059 0.006685 0.001043 0.000969 0.000545
1210400000.000000 5.956927 0.108650 0.196523 -0.000151 0.007179 0.000991 0.001132 0.000725
1223800000.000000 5.941264 0.073895 0.195032 0.000023 0.006672 0.000953 0.001003 0.000541
1237200000.000000 5.948825 0.040450 0.207739 -0.000239 0.006130 0.000833 0.001093 0.000443
1250500000.000000 5.948167 0.012670 0.226591 0.000171 0.006243 0.000748 0.001106 0.000503
1263900000.000000 5.955697 -0.012455 0.228892 -0.001636 0.006473 0.000933 0.001251 0.000634
1277300000.000000 5.977806 -0.058769 0.220778 0.001010 0.007320 0.000797 0.001262 0.000668
1290700000.000000 5.951613 -0.091940 0.210643 -0.000038 0.006231 0.000649 0.001205 0.000547
1304000000.000000 5.944150 -0.121506 0.194445 -0.000288 0.005837 0.000632 0.001050 0.000417
1317400000.000000 5.941973 -0.151248 0.173917 0.000320 0.005897 0.000655 0.000971 0.000393
1330800000.000000 5.944919 -0.174492 0.154298 0.000894 0.006024 0.000685 0.000975 0.000430
1344200000.000000 5.942895 -0.196243 0.131475 -0.000144 0.005854 0.000638 0.000862 0.000366
1357500000.000000 5.947347 -0.211357 0.103907 0.000093 0.005914 0.000762 0.000858 0.000384
1370900000.000000 5.941263 -0.224427 0.075981 0.000223 0.005925 0.000865 0.000752 0.000430
1384300000.000000 5.940927 -0.234199 0.049575 -0.000020 0.005775 0.001018 0.000761 0.000418
1397700000.000000 5.937702 -0.237790 0.027724 -0.000605 0.005863 0.000919 0.000747 0.000343
1411000000.000000 5.932118 -0.239592 -0.007270 -0.000304 0.005865 0.001001 0.000643 0.000430
1424400000.000000 5.932068 -0.238137 -0.035957 0.001256 0.005747 0.000971 0.000644 0.000467
1437800000.000000 5.924756 -0.233862 -0.060044 0.000683 0.006087 0.000935 0.000699 0.000417
1451200000.000000 5.931029 -0.228516 -0.086370 -0.000015 0.005803 0.000872 0.000692 0.000390
1464500000.000000 5.919872 -0.218358 -0.109706 -0.000147 0.005599 0.000866 0.000658 0.000453
1477900000.000000 5.916792 -0.206589 -0.131091 0.000157 0.005981 0.000973 0.000659 0.000434
1491300000.000000 5.915923 -0.193345 -0.150236 -0.000196 0.006005 0.000974 0.000643 0.000425
1504700000.000000 5.909122 -0.180273 -0.168511 -0.000449 0.006162 0.000959 0.000749 0.000443
1518000000.000000 5.902912 -0.167404 -0.186744 0.000141 0.006237 0.000894 0.000730 0.000421
1531400000.000000 5.928748 -0.151985 -0.203429 -0.001524 0.007594 0.001111 0.001019 0.000601
1544800000.000000 5.932194 -0.137842 -0.212835 0.000409 0.009280 0.001361 0.001096 0.000887
1558200000.000000 5.905413 -0.119392 -0.221524 -0.000318 0.006829 0.000909 0.000989 0.000607
1571500000.000000 5.900413 -0.106145 -0.227010 -0.001141 0.007395 0.001087 0.001109 0.000609
1584900000.000000 5.889051 -0.091558 -0.238571 -0.000284 0.007376 0.001028 0.001105 0.000606
1598300000.000000 5.883831 -0.073169 -0.239139 0.000384 0.007616 0.000910 0.001064 0.000510
1611700000.000000 5.871955 -0.056840 -0.242655 -0.000171 0.006720 0.000822 0.001073 0.000464
1625000000.000000 5.870340 -0.038686 -0.240266 -0.000138 0.007088 0.000886 0.001028 0.000683
1638400000.000000 5.864845 -0.022567 -0.240813 0.000244 0.006947 0.000908 0.001051 0.000645
1651800000.000000 5.861525 -0.009165 -0.241111 0.000240 0.006836 0.001235 0.001360 0.001026
