# # J1733-1304 QU data converted from WAPITI text output
# # Date (ISO): 2023-10-16T15:45:47.891
# # Columns: freq(Hz) I(Jy) Q(Jy) U(Jy) V(Jy) dI(Jy) dQ(Jy) dU(Jy) dV(Jy)
# 
902700000.000000 5.862497 0.089998 0.183703 0.001167 0.011532 0.001020 0.001789 0.000916
916100000.000000 5.882444 0.037434 0.201912 0.000807 0.010245 0.001069 0.001504 0.000674
929500000.000000 5.917315 -0.028023 0.204500 0.000657 0.011070 0.001160 0.001419 0.000720
942800000.000000 6.039851 -0.121741 0.154640 0.000660 0.017040 0.002282 0.002150 0.002237
956200000.000000 5.941449 -0.158713 0.129061 -0.000809 0.009638 0.001514 0.000817 0.000626
969600000.000000 5.928723 -0.192207 0.069625 0.000520 0.009608 0.001455 0.000755 0.000558
983000000.000000 5.929958 -0.203835 0.000360 -0.000464 0.009250 0.001287 0.000865 0.000484
996300000.000000 5.948752 -0.194091 -0.065095 -0.000554 0.008701 0.001204 0.001043 0.000420
1009700000.000000 5.961691 -0.163623 -0.123078 -0.000522 0.008718 0.000975 0.001154 0.000458
1023100000.000000 5.968222 -0.119879 -0.166068 0.000302 0.008470 0.000846 0.001288 0.000566
1036500000.000000 5.974318 -0.065540 -0.186439 0.000422 0.008003 0.000645 0.001294 0.000431
1049800000.000000 5.974803 -0.015248 -0.190245 -0.000380 0.008249 0.000630 0.001189 0.000444
1063200000.000000 5.980225 0.039446 -0.186243 -0.000157 0.008184 0.000768 0.001104 0.000490
1076600000.000000 5.984945 0.089542 -0.170012 0.000095 0.007659 0.000768 0.001099 0.000489
1090000000.000000 6.003181 0.135239 -0.143922 -0.000221 0.007720 0.001072 0.001126 0.000623
1103300000.000000 5.996880 0.175503 -0.113865 0.000193 0.007545 0.001130 0.000884 0.000394
1116700000.000000 5.999308 0.201569 -0.070796 0.000215 0.007342 0.001137 0.000639 0.000483
1130100000.000000 6.011981 0.218580 -0.026256 -0.000240 0.007476 0.001234 0.000783 0.000559
1143500000.000000 6.028931 0.222960 0.021285 -0.000327 0.007590 0.001358 0.000767 0.000543
1156800000.000000 6.032399 0.219056 0.069566 -0.000173 0.007484 0.001303 0.000757 0.000552
1170200000.000000 6.044009 0.211370 0.101025 0.000167 0.008072 0.001272 0.000973 0.000593
1183600000.000000 6.045719 0.180624 0.157882 0.001132 0.007298 0.001206 0.000902 0.000705
1197000000.000000 6.059789 0.160271 0.176231 -0.000409 0.008038 0.000979 0.001113 0.000633
1210300000.000000 6.082839 0.113578 0.211124 -0.000553 0.009551 0.001131 0.001335 0.000889
1223700000.000000 6.070610 0.094802 0.225920 0.001619 0.008842 0.001100 0.001396 0.000731
1237100000.000000 6.061845 0.049724 0.242023 0.000697 0.007691 0.000757 0.001181 0.000561
1250500000.000000 6.055824 0.012013 0.253648 0.000316 0.007863 0.000706 0.001391 0.000512
1263800000.000000 6.056038 -0.006395 0.255731 -0.000121 0.006965 0.000946 0.001283 0.000690
1277200000.000000 6.090212 -0.061429 0.247081 0.000470 0.010860 0.001129 0.002040 0.000942
1290600000.000000 6.065762 -0.086898 0.238305 -0.001035 0.008602 0.000800 0.001281 0.000721
1304000000.000000 6.035857 -0.120524 0.223994 -0.000021 0.007277 0.000679 0.001177 0.000402
1317300000.000000 6.030346 -0.148413 0.204826 0.000534 0.006650 0.000756 0.001159 0.000391
1330700000.000000 6.025860 -0.173603 0.182134 0.000947 0.007303 0.000818 0.001044 0.000429
1344100000.000000 6.021195 -0.194929 0.159555 -0.000606 0.006782 0.000849 0.000950 0.000343
1357500000.000000 6.019880 -0.212211 0.134336 0.000222 0.007164 0.000903 0.001014 0.000314
1370800000.000000 6.021922 -0.226677 0.107900 0.000313 0.006973 0.001008 0.000873 0.000379
1384200000.000000 6.018532 -0.236591 0.075893 0.000067 0.006519 0.001094 0.000813 0.000399
1397600000.000000 6.010124 -0.242955 0.047758 0.000498 0.006709 0.001040 0.000778 0.000357
1411000000.000000 6.010043 -0.247392 0.018552 0.000120 0.006603 0.001028 0.000579 0.000346
1424300000.000000 6.006260 -0.249617 -0.008107 0.000090 0.006907 0.001098 0.000668 0.000380
1437700000.000000 6.002690 -0.247008 -0.034097 0.000189 0.006639 0.001105 0.000656 0.000318
1451100000.000000 5.996629 -0.242450 -0.057726 -0.000385 0.006649 0.000997 0.000704 0.000371
1464500000.000000 5.994426 -0.233951 -0.082204 0.000223 0.006454 0.001044 0.000592 0.000352
1477800000.000000 5.990368 -0.223128 -0.102655 -0.000715 0.006792 0.001106 0.000619 0.000400
1491200000.000000 5.980987 -0.211963 -0.122962 0.000172 0.006616 0.001011 0.000663 0.000371
1504600000.000000 5.980349 -0.200228 -0.142373 -0.000025 0.006905 0.001022 0.000730 0.000394
1518000000.000000 5.975977 -0.183934 -0.158293 -0.000208 0.006735 0.000945 0.000639 0.000398
1531300000.000000 5.979552 -0.162673 -0.183321 0.000785 0.008919 0.001790 0.001228 0.001045
1544700000.000000 5.974041 -0.147786 -0.193108 0.000144 0.008510 0.001276 0.001187 0.001088
1558100000.000000 5.989667 -0.130335 -0.199974 0.001018 0.008328 0.001044 0.000919 0.000701
1571500000.000000 5.971809 -0.114277 -0.212065 0.000480 0.008909 0.001250 0.001131 0.000730
1584800000.000000 5.960255 -0.095104 -0.217136 -0.001180 0.007796 0.001077 0.001135 0.000701
1598200000.000000 5.957332 -0.078691 -0.226246 0.000441 0.007690 0.001014 0.001077 0.000473
1611600000.000000 5.932435 -0.058566 -0.229707 0.000082 0.007902 0.000924 0.000927 0.000435
1625000000.000000 5.921633 -0.040862 -0.235220 0.000200 0.008021 0.000964 0.001059 0.000545
1638300000.000000 5.917819 -0.027004 -0.231985 -0.000258 0.008195 0.000967 0.000987 0.000414
1651700000.000000 5.907850 -0.010360 -0.223531 -0.000156 0.007832 0.000991 0.001098 0.000659
