# # J1733-1304 QU data converted from WAPITI text output
# # Date (ISO): 2023-10-06T14:30:41.129
# # Columns: freq(Hz) I(Jy) Q(Jy) U(Jy) V(Jy) dI(Jy) dQ(Jy) dU(Jy) dV(Jy)
# 
902800000.000000 5.785805 0.054186 0.142800 0.000392 0.012999 0.001216 0.001592 0.000914
916200000.000000 5.796191 -0.001180 0.157385 0.000412 0.013221 0.001095 0.001507 0.000667
929500000.000000 5.818495 -0.061832 0.159020 -0.000099 0.012693 0.001203 0.001408 0.000808
942900000.000000 5.865033 -0.155765 0.122812 -0.000938 0.011511 0.001900 0.001541 0.001350
956300000.000000 5.827057 -0.179219 0.085794 -0.001158 0.010143 0.001463 0.000901 0.000586
969700000.000000 5.835175 -0.206370 0.027781 0.001171 0.010582 0.001520 0.000826 0.000595
983000000.000000 5.839377 -0.211185 -0.034505 0.000601 0.009640 0.001279 0.000957 0.000552
996400000.000000 5.853772 -0.196935 -0.097715 0.000066 0.009117 0.001179 0.000993 0.000492
1009800000.000000 5.864064 -0.166777 -0.152028 0.000084 0.008639 0.000994 0.001189 0.000651
1023200000.000000 5.866676 -0.126786 -0.191219 -0.000860 0.008322 0.000913 0.001184 0.000501
1036500000.000000 5.875621 -0.076695 -0.224883 -0.000559 0.007563 0.000704 0.001247 0.000492
1049900000.000000 5.869981 -0.028579 -0.236679 0.000552 0.007945 0.000694 0.001310 0.000520
1063300000.000000 5.881536 0.024848 -0.236530 0.000157 0.007954 0.000679 0.001302 0.000466
1076700000.000000 5.885199 0.076213 -0.215103 0.000628 0.007078 0.000888 0.001075 0.000424
1090000000.000000 5.889227 0.121788 -0.182246 -0.000200 0.007030 0.000956 0.001171 0.000560
1103400000.000000 5.909666 0.161049 -0.144226 0.000703 0.007219 0.001052 0.000859 0.000427
1116800000.000000 5.908052 0.187039 -0.101006 -0.000390 0.007259 0.001222 0.000716 0.000479
1130200000.000000 5.908479 0.201062 -0.053814 -0.000159 0.007090 0.001340 0.000687 0.000477
1143500000.000000 5.931352 0.204893 -0.005758 -0.000409 0.007224 0.001147 0.000863 0.000539
1156900000.000000 5.924851 0.198748 0.039201 -0.000532 0.006545 0.001195 0.000597 0.000568
1170300000.000000 5.947518 0.190029 0.068112 0.000691 0.007216 0.000995 0.000871 0.000736
1183700000.000000 5.942925 0.153063 0.126021 -0.000200 0.006806 0.001217 0.000912 0.000793
1197000000.000000 5.940387 0.140878 0.148944 0.000118 0.006999 0.001107 0.000999 0.000609
1210400000.000000 5.973421 0.096504 0.181428 0.001173 0.008643 0.001320 0.001038 0.001019
1223800000.000000 5.951127 0.054172 0.183277 -0.001831 0.006618 0.000831 0.001192 0.000648
1237200000.000000 5.957161 0.020305 0.192398 -0.000092 0.006644 0.000813 0.001042 0.000645
1250500000.000000 5.955207 -0.006764 0.206504 0.000251 0.005970 0.000791 0.001024 0.000626
1263900000.000000 5.962067 -0.031373 0.206683 0.001551 0.006488 0.000839 0.001101 0.000679
1277300000.000000 5.985793 -0.077115 0.204713 0.000642 0.008310 0.001074 0.001284 0.000864
1290700000.000000 5.957243 -0.109247 0.194804 -0.000046 0.006731 0.000705 0.000948 0.000536
1304000000.000000 5.942338 -0.139003 0.179519 0.000071 0.006392 0.000704 0.001070 0.000382
1317400000.000000 5.939926 -0.167990 0.158016 -0.000493 0.005888 0.000753 0.000956 0.000352
1330800000.000000 5.934996 -0.190583 0.135741 -0.000594 0.006008 0.000746 0.000900 0.000420
1344200000.000000 5.935942 -0.210693 0.114242 -0.000368 0.006140 0.000796 0.000878 0.000396
1357500000.000000 5.939097 -0.226616 0.085115 0.000634 0.005883 0.000813 0.000820 0.000373
1370900000.000000 5.938172 -0.240113 0.057534 0.000009 0.005994 0.000870 0.000760 0.000359
1384300000.000000 5.934868 -0.248690 0.033551 0.000344 0.005763 0.000910 0.000788 0.000370
1397700000.000000 5.930235 -0.252125 0.007515 0.000050 0.005785 0.000880 0.000639 0.000328
1411000000.000000 5.927723 -0.253023 -0.017765 0.000210 0.005707 0.000922 0.000680 0.000355
1424400000.000000 5.925188 -0.249698 -0.042441 0.000400 0.006100 0.000935 0.000660 0.000446
1437800000.000000 5.925388 -0.244524 -0.066250 0.000696 0.006102 0.001043 0.000654 0.000401
1451200000.000000 5.920472 -0.240079 -0.094217 0.000415 0.006072 0.000860 0.000598 0.000406
1464500000.000000 5.918961 -0.232316 -0.119806 -0.000153 0.005992 0.001002 0.000691 0.000382
1477900000.000000 5.915069 -0.220633 -0.141832 0.000263 0.006124 0.000967 0.000677 0.000361
1491300000.000000 5.910308 -0.209541 -0.162015 0.000267 0.006032 0.000983 0.000732 0.000376
1504700000.000000 5.904831 -0.196508 -0.179235 0.000246 0.006147 0.000883 0.000789 0.000432
1518000000.000000 5.899591 -0.183928 -0.193709 0.000279 0.006254 0.000833 0.000759 0.000403
1531400000.000000 5.921934 -0.169146 -0.213907 -0.000383 0.007948 0.001141 0.001143 0.000679
1544800000.000000 5.925315 -0.153479 -0.218124 -0.001461 0.008062 0.001194 0.001127 0.000789
1558200000.000000 5.897260 -0.136102 -0.227607 -0.001431 0.007256 0.000960 0.000987 0.000628
1571500000.000000 5.893563 -0.119241 -0.235035 -0.001047 0.007843 0.001138 0.001146 0.000735
1584900000.000000 5.888505 -0.106255 -0.243181 -0.000488 0.007492 0.000998 0.001143 0.000668
1598300000.000000 5.881083 -0.084621 -0.242822 -0.001588 0.007740 0.000946 0.001124 0.000764
1611700000.000000 5.858676 -0.062726 -0.249058 -0.000409 0.007164 0.000839 0.001025 0.000453
1625000000.000000 5.853478 -0.045725 -0.249129 0.000236 0.006979 0.001018 0.001008 0.000572
1638400000.000000 5.846847 -0.026760 -0.248321 0.000028 0.007237 0.000997 0.001064 0.000432
1651800000.000000 5.838587 -0.013556 -0.246075 0.000410 0.006998 0.001124 0.001105 0.000793
