# # J1733-1304 QU data converted from WAPITI text output
# # Date (ISO): 2023-10-28T12:21:30.502
# # Columns: freq(Hz) I(Jy) Q(Jy) U(Jy) V(Jy) dI(Jy) dQ(Jy) dU(Jy) dV(Jy)
# 
902800000.000000 5.861975 0.092105 0.187089 -0.001012 0.012994 0.001273 0.001309 0.000919
916200000.000000 5.876308 0.036321 0.209658 -0.000077 0.010609 0.000937 0.001312 0.000736
929500000.000000 5.891257 -0.030942 0.216634 -0.000737 0.010405 0.001097 0.001269 0.000874
942900000.000000 5.977642 -0.135046 0.164827 0.000660 0.012073 0.001795 0.001855 0.001773
956300000.000000 5.910125 -0.161216 0.135050 0.000520 0.008927 0.001072 0.000709 0.000620
969700000.000000 5.895328 -0.194578 0.071969 0.000161 0.008134 0.001044 0.000760 0.000555
983000000.000000 5.903342 -0.205299 0.003861 0.000189 0.007495 0.000999 0.000689 0.000570
996400000.000000 5.919859 -0.196212 -0.064579 -0.000228 0.007527 0.000870 0.000789 0.000500
1009800000.000000 5.931159 -0.163674 -0.120025 0.000467 0.006773 0.000792 0.000852 0.000514
1023200000.000000 5.937986 -0.121001 -0.164152 0.000105 0.007058 0.000661 0.001002 0.000496
1036500000.000000 5.943284 -0.068083 -0.194477 -0.000602 0.006550 0.000619 0.000924 0.000484
1049900000.000000 5.944078 -0.011620 -0.205751 0.000289 0.006679 0.000615 0.000796 0.000490
1063300000.000000 5.955935 0.042275 -0.202492 -0.000376 0.006794 0.000621 0.000910 0.000439
1076700000.000000 5.965397 0.094960 -0.188664 0.000646 0.006375 0.000752 0.000839 0.000416
1090000000.000000 5.971852 0.141182 -0.157787 0.000107 0.006379 0.000819 0.000782 0.000430
1103400000.000000 5.972399 0.180246 -0.119099 0.000719 0.006060 0.000900 0.000764 0.000396
1116800000.000000 5.976711 0.206499 -0.076273 0.000526 0.006063 0.000858 0.000603 0.000386
1130200000.000000 5.984778 0.222987 -0.029800 -0.000563 0.006157 0.000831 0.000653 0.000421
1143500000.000000 6.000728 0.227020 0.012693 -0.000422 0.005992 0.000895 0.000574 0.000479
1156900000.000000 5.998784 0.223520 0.060156 -0.000246 0.005708 0.000908 0.000678 0.000421
1170300000.000000 6.017620 0.213842 0.099207 -0.000122 0.005390 0.000958 0.000856 0.000595
1183700000.000000 6.020828 0.183714 0.154007 -0.000305 0.006205 0.000840 0.000769 0.000608
1197000000.000000 6.019316 0.160301 0.171918 -0.000586 0.005757 0.000813 0.000832 0.000419
1210400000.000000 6.031116 0.118061 0.211985 -0.000818 0.006206 0.000787 0.000854 0.000605
1223800000.000000 6.013585 0.092883 0.222134 0.000534 0.006125 0.000760 0.000822 0.000539
1237200000.000000 6.018842 0.050442 0.236307 -0.000495 0.006170 0.000642 0.000872 0.000556
1250500000.000000 6.034597 0.012588 0.247963 -0.000334 0.005987 0.000629 0.000845 0.000422
1263900000.000000 6.027819 -0.010452 0.254017 -0.000037 0.005103 0.000788 0.000944 0.000604
1277300000.000000 6.062574 -0.060922 0.260584 -0.000220 0.006578 0.000782 0.001020 0.000618
1290700000.000000 6.039330 -0.092114 0.238412 0.001055 0.005233 0.000628 0.000845 0.000427
1304000000.000000 6.012980 -0.123791 0.210896 -0.000072 0.005323 0.000572 0.000806 0.000368
1317400000.000000 6.015736 -0.152188 0.190846 0.000449 0.005120 0.000594 0.000761 0.000358
1330800000.000000 6.016003 -0.178491 0.168501 0.000480 0.005183 0.000593 0.000654 0.000348
1344200000.000000 6.013960 -0.198887 0.142889 0.000325 0.004805 0.000644 0.000704 0.000412
1357500000.000000 6.016021 -0.215993 0.115906 -0.000006 0.005142 0.000723 0.000662 0.000333
1370900000.000000 6.008055 -0.229533 0.089722 -0.000160 0.004899 0.000573 0.000693 0.000358
1384300000.000000 6.007882 -0.240102 0.062059 0.000383 0.004984 0.000724 0.000603 0.000379
1397700000.000000 6.006760 -0.246385 0.035854 -0.000335 0.005075 0.000682 0.000538 0.000350
1411000000.000000 6.004237 -0.250210 0.008291 -0.000393 0.004948 0.000739 0.000512 0.000340
1424400000.000000 6.001583 -0.249319 -0.016770 0.000106 0.004887 0.000759 0.000633 0.000442
1437800000.000000 5.999172 -0.247566 -0.043886 -0.000017 0.005221 0.000734 0.000552 0.000372
1451200000.000000 5.993470 -0.242767 -0.066920 0.000439 0.005015 0.000761 0.000582 0.000358
1464500000.000000 5.994511 -0.234815 -0.089937 0.000134 0.005170 0.000800 0.000583 0.000409
1477900000.000000 5.987620 -0.223173 -0.111821 -0.000263 0.005315 0.000759 0.000618 0.000374
1491300000.000000 5.984169 -0.212323 -0.131688 0.000457 0.005512 0.000853 0.000568 0.000343
