# # J1733-1304 QU data converted from WAPITI text output
# # Date (ISO): 2023-09-23T15:21:44.031
# # Columns: freq(Hz) I(Jy) Q(Jy) U(Jy) V(Jy) dI(Jy) dQ(Jy) dU(Jy) dV(Jy)
# 
902800000.000000 5.657157 0.032936 0.161425 0.000940 0.010321 0.001163 0.001428 0.000934
916200000.000000 5.687877 -0.019099 0.164347 0.000967 0.010106 0.001086 0.001268 0.000615
929500000.000000 5.719721 -0.081162 0.157826 0.000546 0.010575 0.001349 0.001268 0.000725
942900000.000000 5.865299 -0.155686 0.100415 0.002041 0.012825 0.002351 0.001628 0.001512
956300000.000000 5.764430 -0.182583 0.064318 -0.000445 0.008393 0.001365 0.000765 0.000659
969700000.000000 5.761800 -0.198066 0.004386 0.000168 0.008213 0.001327 0.000799 0.000489
983000000.000000 5.778011 -0.191988 -0.057613 -0.001068 0.007742 0.001111 0.000999 0.000475
996400000.000000 5.800744 -0.170638 -0.115619 0.000138 0.007508 0.000984 0.001146 0.000485
1009800000.000000 5.813670 -0.134156 -0.161060 -0.000124 0.007285 0.000838 0.001213 0.000448
1023200000.000000 5.821096 -0.087396 -0.194817 0.000068 0.007044 0.000695 0.001210 0.000470
1036500000.000000 5.835390 -0.038470 -0.214098 -0.000425 0.006958 0.000651 0.001177 0.000450
1049900000.000000 5.833567 0.014818 -0.216883 -0.000058 0.007469 0.000707 0.001141 0.000420
1063300000.000000 5.855018 0.064534 -0.207102 -0.000532 0.006878 0.000702 0.001076 0.000436
1076700000.000000 5.865338 0.111184 -0.181656 -0.000010 0.006617 0.000847 0.001017 0.000426
1090000000.000000 5.874846 0.151409 -0.148327 0.000559 0.006457 0.000919 0.000833 0.000487
1103400000.000000 5.883119 0.182446 -0.104821 0.000022 0.006822 0.001003 0.000780 0.000436
1116800000.000000 5.896502 0.202095 -0.060366 0.000055 0.006836 0.001169 0.000644 0.000367
1130200000.000000 5.904609 0.207862 -0.014655 -0.000206 0.006599 0.001150 0.000606 0.000438
1143500000.000000 5.931290 0.207369 0.032289 -0.000007 0.006671 0.001192 0.000706 0.000472
1156900000.000000 5.937910 0.197057 0.074557 -0.000029 0.006475 0.001045 0.000664 0.000420
1170300000.000000 5.954553 0.185066 0.101969 0.000251 0.006460 0.001083 0.000951 0.000591
1183700000.000000 5.958434 0.139970 0.151390 0.000085 0.007078 0.001108 0.000953 0.000631
1197000000.000000 5.975832 0.125278 0.171967 0.000906 0.007241 0.000941 0.001033 0.000636
1210400000.000000 5.988948 0.081706 0.202143 0.000372 0.008024 0.001098 0.001332 0.000723
1223800000.000000 5.977305 0.041204 0.203899 -0.000709 0.006466 0.000805 0.001012 0.000586
1237200000.000000 5.978505 0.005436 0.206346 0.000597 0.006194 0.000754 0.001201 0.000517
1250500000.000000 5.982509 -0.022268 0.214800 -0.000198 0.006367 0.000650 0.001130 0.000528
1263900000.000000 5.984129 -0.046118 0.212252 -0.000450 0.006811 0.000821 0.001373 0.000692
1277300000.000000 6.006771 -0.094183 0.201153 -0.000180 0.008849 0.000899 0.001374 0.000795
1290700000.000000 5.987926 -0.124659 0.191807 0.000287 0.006851 0.000673 0.001066 0.000495
1304000000.000000 5.970157 -0.151893 0.174218 -0.000624 0.005644 0.000665 0.000941 0.000336
1317400000.000000 5.969931 -0.176808 0.154387 -0.000011 0.005454 0.000657 0.000874 0.000329
1330800000.000000 5.968971 -0.197807 0.130423 -0.000333 0.005547 0.000673 0.000778 0.000344
1344200000.000000 5.967235 -0.212706 0.106829 0.000139 0.005618 0.000752 0.000767 0.000320
1357500000.000000 5.972986 -0.226311 0.078639 0.000445 0.005469 0.000791 0.000650 0.000332
1370900000.000000 5.970194 -0.236732 0.052316 -0.000219 0.005422 0.000803 0.000721 0.000330
1384300000.000000 5.967391 -0.243268 0.028041 0.000228 0.005441 0.000835 0.000628 0.000423
1397700000.000000 5.964028 -0.247493 0.001815 0.000064 0.005327 0.000860 0.000629 0.000372
1411000000.000000 5.961887 -0.247968 -0.024151 0.000365 0.005383 0.000839 0.000576 0.000355
1424400000.000000 5.959954 -0.243712 -0.049416 0.000332 0.005549 0.000811 0.000501 0.000388
1437800000.000000 5.959205 -0.238815 -0.073040 0.000030 0.005689 0.000830 0.000541 0.000318
1451200000.000000 5.955022 -0.230961 -0.097145 -0.000373 0.005726 0.000862 0.000509 0.000370
1464500000.000000 5.953784 -0.222837 -0.120728 0.000390 0.005593 0.000843 0.000643 0.000366
1477900000.000000 5.947547 -0.210466 -0.141216 -0.000055 0.005968 0.000781 0.000586 0.000361
1491300000.000000 5.944261 -0.196853 -0.160426 -0.000364 0.005789 0.000781 0.000601 0.000337
1504700000.000000 5.938474 -0.183532 -0.177073 -0.000385 0.005990 0.000732 0.000659 0.000314
1518000000.000000 5.934862 -0.168012 -0.189200 0.000128 0.005971 0.000771 0.000677 0.000447
1531400000.000000 5.941915 -0.150389 -0.206970 0.000407 0.006895 0.001123 0.000816 0.000604
1544800000.000000 5.936964 -0.137528 -0.216436 -0.000223 0.008504 0.001167 0.001104 0.000839
1558200000.000000 5.928949 -0.118538 -0.227013 0.000686 0.007768 0.000983 0.000879 0.000613
1571500000.000000 5.928738 -0.107659 -0.233839 0.000104 0.007170 0.001060 0.001107 0.000648
1584900000.000000 5.919207 -0.090435 -0.238851 -0.000882 0.007359 0.000825 0.001070 0.000628
1598300000.000000 5.910319 -0.066311 -0.244126 0.000167 0.008448 0.000779 0.001053 0.000464
1611700000.000000 5.889838 -0.047671 -0.246747 -0.000587 0.007570 0.000761 0.000938 0.000429
1625000000.000000 5.884733 -0.024520 -0.244584 -0.000041 0.007784 0.000936 0.001053 0.000672
1638400000.000000 5.875501 -0.012450 -0.244954 0.000187 0.007457 0.000753 0.000830 0.000462
1651800000.000000 5.864113 0.002128 -0.244825 -0.000149 0.006566 0.001044 0.001071 0.000774
