# # J1733-1304 QU data converted from WAPITI text output
# # Date (ISO): 2023-09-04T15:28:51.439
# # Columns: freq(Hz) I(Jy) Q(Jy) U(Jy) V(Jy) dI(Jy) dQ(Jy) dU(Jy) dV(Jy)
# 
902800000.000000 5.813311 -0.005381 0.195261 -0.001503 0.010308 0.001076 0.001317 0.000831
916200000.000000 5.844779 -0.062129 0.188149 -0.000748 0.010576 0.001114 0.001039 0.000764
929500000.000000 5.857858 -0.115035 0.163405 0.000755 0.009955 0.001254 0.001037 0.000623
942900000.000000 5.963249 -0.183790 0.085860 0.001385 0.014132 0.002022 0.001908 0.001656
956300000.000000 5.906008 -0.192790 0.042789 0.000700 0.009083 0.001230 0.000930 0.000662
969700000.000000 5.910316 -0.194934 -0.020790 0.000102 0.008004 0.001042 0.000881 0.000549
983000000.000000 5.934065 -0.177826 -0.081584 0.000507 0.007756 0.000948 0.000952 0.000513
996400000.000000 5.939861 -0.140889 -0.130441 0.000031 0.008041 0.000720 0.000938 0.000570
1009800000.000000 5.963447 -0.096359 -0.167943 0.000019 0.008139 0.000710 0.001095 0.000463
1023200000.000000 5.976963 -0.046671 -0.187552 0.000260 0.007134 0.000795 0.001125 0.000559
1036500000.000000 5.982325 0.015962 -0.195207 0.000197 0.007377 0.000755 0.001032 0.000552
1049900000.000000 6.000501 0.061596 -0.188394 0.000513 0.007503 0.000778 0.000914 0.000458
1063300000.000000 6.011143 0.109281 -0.168444 0.000424 0.006946 0.000765 0.000923 0.000445
1076700000.000000 6.028310 0.149829 -0.134653 -0.000027 0.006815 0.000865 0.000789 0.000425
1090000000.000000 6.032851 0.179482 -0.098902 -0.000676 0.006625 0.001051 0.000925 0.000625
1103400000.000000 6.055327 0.202438 -0.055239 0.000328 0.006692 0.000989 0.000686 0.000459
1116800000.000000 6.057454 0.212077 -0.012417 0.000109 0.006995 0.000942 0.000777 0.000416
1130200000.000000 6.061423 0.213596 0.032804 0.000262 0.006694 0.001058 0.000586 0.000510
1143500000.000000 6.086583 0.205041 0.076195 -0.001393 0.006214 0.000961 0.000710 0.000635
1156900000.000000 6.085093 0.188171 0.116293 0.000651 0.006062 0.000873 0.000785 0.000523
1170300000.000000 6.118263 0.172805 0.141852 0.000159 0.005959 0.000935 0.000914 0.000760
1183700000.000000 6.121962 0.128668 0.185962 0.000505 0.006130 0.000952 0.000978 0.000704
1197000000.000000 6.140077 0.104249 0.202740 -0.000112 0.007167 0.000871 0.001041 0.000654
1210400000.000000 6.147945 0.055530 0.225241 -0.000887 0.007679 0.001111 0.001098 0.000800
1223800000.000000 6.126812 0.030661 0.230073 0.000697 0.006497 0.000835 0.001039 0.000588
1237200000.000000 6.144997 -0.006976 0.236762 -0.000704 0.006671 0.000742 0.001070 0.000606
1250500000.000000 6.145113 -0.042572 0.234848 0.000652 0.006076 0.000670 0.000958 0.000479
1263900000.000000 6.155693 -0.064679 0.230479 -0.000394 0.006089 0.000775 0.000990 0.000737
1277300000.000000 6.201910 -0.111594 0.219082 -0.002006 0.009792 0.000911 0.001414 0.000972
1290700000.000000 6.171295 -0.132898 0.202988 -0.000423 0.005896 0.000796 0.000917 0.000476
1304000000.000000 6.144254 -0.162036 0.177398 0.000428 0.005632 0.000700 0.000757 0.000404
1317400000.000000 6.144796 -0.181685 0.154048 -0.000152 0.005234 0.000753 0.000688 0.000341
1330800000.000000 6.148975 -0.199489 0.128592 -0.000356 0.005386 0.000694 0.000736 0.000368
1344200000.000000 6.148645 -0.216240 0.102796 0.000294 0.005332 0.000782 0.000634 0.000339
1357500000.000000 6.149395 -0.227183 0.076998 0.000148 0.005228 0.000797 0.000587 0.000408
1370900000.000000 6.151746 -0.233352 0.049181 -0.000365 0.005349 0.000817 0.000629 0.000390
1384300000.000000 6.154758 -0.238046 0.022166 0.000055 0.005343 0.000747 0.000599 0.000383
1397700000.000000 6.153585 -0.237872 -0.002454 0.000153 0.005222 0.000847 0.000576 0.000448
1411000000.000000 6.148086 -0.234140 -0.028706 0.000225 0.005030 0.000816 0.000542 0.000387
1424400000.000000 6.148469 -0.229826 -0.055152 0.000900 0.004958 0.000900 0.000558 0.000454
1437800000.000000 6.147401 -0.221764 -0.077835 -0.000174 0.005108 0.000812 0.000613 0.000415
1451200000.000000 6.142085 -0.210277 -0.101919 -0.000046 0.005011 0.000862 0.000602 0.000330
1464500000.000000 6.139508 -0.198595 -0.119953 0.000251 0.005111 0.000836 0.000540 0.000331
1477900000.000000 6.138160 -0.184053 -0.139760 -0.000540 0.005030 0.000778 0.000542 0.000409
1491300000.000000 6.130691 -0.169709 -0.155842 -0.000333 0.004966 0.000750 0.000584 0.000355
1504700000.000000 6.125515 -0.154929 -0.172974 -0.000237 0.004956 0.000743 0.000644 0.000369
1518000000.000000 6.124191 -0.139419 -0.182639 0.000009 0.004585 0.000783 0.000569 0.000491
1531400000.000000 6.132291 -0.113485 -0.201960 -0.000473 0.005730 0.001352 0.001016 0.001141
1544800000.000000 6.134447 -0.100039 -0.211620 -0.000336 0.005695 0.001111 0.001030 0.001217
1558200000.000000 6.138077 -0.082948 -0.217251 -0.000318 0.005600 0.000890 0.000977 0.000627
1571500000.000000 6.116160 -0.068116 -0.220381 -0.000615 0.005986 0.000895 0.001044 0.000813
1584900000.000000 6.105585 -0.047480 -0.223626 -0.000292 0.005703 0.000844 0.000915 0.000605
1598300000.000000 6.097644 -0.030401 -0.228651 -0.000512 0.005328 0.000811 0.000982 0.000719
1611700000.000000 6.085072 -0.015168 -0.229998 -0.000396 0.004776 0.000661 0.000802 0.000424
1625000000.000000 6.075035 0.001834 -0.230862 0.000015 0.005181 0.000685 0.000899 0.000516
1638400000.000000 6.063147 0.019738 -0.228524 0.000585 0.005840 0.000675 0.000888 0.000432
1651800000.000000 6.057485 0.030214 -0.224909 0.000267 0.005108 0.000841 0.001073 0.000772
