# Source: SwiftJ1727
# Position: RA=-98.069500 deg, Dec=-16.205326 deg
# MS: 1696597476_sdp_l0_1k_1024ch_SwiftJ1727.ms
# Scan: all
# Start MJD: 60223.5933974562
# End MJD: 60223.6036708876
# Middle MJD: 60223.5985341719
# Duration: 0.2466 hours
# Columns: Channel Freq[GHz] I[mJy] Q[mJy] U[mJy] V[mJy] Plin[mJy] rms_I rms_Q rms_U rms_V rms_Plin
#
   0     0.9020   225.8760    -0.1918    -2.2101    -0.5465     2.4655     0.6021     0.4600     0.5312     0.4816     0.7027
   1     0.9036   223.2132     0.3550    -3.0224    -0.0775     3.1594     0.4782     0.3399     0.3466     0.3571     0.4854
   2     0.9053   224.1133    -0.1697    -1.9193     0.1986     2.1550     0.4608     0.3367     0.3365     0.3008     0.4760
   3     0.9070   223.7516     0.1067    -2.1166    -0.4770     2.3034     0.4323     0.3591     0.3746     0.3334     0.5189
   4     0.9087   223.2626    -0.3105    -1.6601     0.1330     2.1825     0.3934     0.3817     0.3340     0.3605     0.5072
   5     0.9103   223.7438     0.1257    -1.9651    -0.1352     2.1795     0.4440     0.3727     0.3507     0.3692     0.5118
   6     0.9120   224.9030    -0.2580    -2.4675     0.3755     2.6205     0.3857     0.3511     0.3322     0.3272     0.4834
   7     0.9137   223.6790    -0.0885    -2.7696    -0.2083     2.8474     0.4376     0.4074     0.3764     0.3355     0.5547
   8     0.9153   224.0360    -0.0834    -2.1541     0.1694     2.1450     0.3840     0.2966     0.3249     0.3498     0.4400
   9     0.9170   223.0554     0.4040    -2.7027     0.2470     2.6142     0.3847     0.3478     0.3157     0.3539     0.4697
  10     0.9187   222.6506     0.0403    -3.0061    -0.0675     3.0820     0.4192     0.3506     0.3329     0.3243     0.4834
  11     0.9204   222.0258     0.0541    -2.2852     0.0873     2.4139     0.4142     0.3817     0.3557     0.3427     0.5217
  12     0.9220   222.0845     0.2437    -2.0779    -0.0075     2.2596     0.4163     0.3714     0.3211     0.3601     0.4909
  13     0.9237   222.0595     0.1667    -1.8710    -0.6169     2.0655     0.4077     0.3647     0.3554     0.3100     0.5092
  14     0.9254   221.7952     0.6478    -2.3800     0.2437     2.4233     0.3906     0.3567     0.3467     0.3607     0.4974
  15     0.9270   221.9382     0.9498    -2.4062    -0.4728     2.6948     0.4322     0.3561     0.3695     0.3189     0.5131
  16     0.9287   221.8846     0.3422    -1.5499     0.0669     1.7925     0.3963     0.3292     0.3415     0.3626     0.4744
  17     0.9304   222.0049     1.1353    -1.6940    -0.6436     2.1836     0.3866     0.3262     0.3483     0.3390     0.4772
  18     0.9321   222.9742     0.5560    -2.5355     0.0657     2.7100     0.3807     0.3845     0.3725     0.3767     0.5353
  19     0.9337   225.4483    -0.7138    -1.0404    -3.0508     2.6692     1.0919     1.0266     1.1108     1.2159     1.5126
  20     0.9354   225.5939     7.5214     1.9267    -3.6931    14.8667    10.7319     5.3685     3.4634     2.9997     6.3887
  21     0.9371   221.3808    19.2127     7.6127     4.5453    20.9167     4.0516     3.0652     0.6533     2.7567     3.1340
  22     0.9454   207.3935    26.6217    -0.9984    19.6777    32.5452     9.7805    14.9271     5.6527    12.2032    15.9615
  23     0.9471   229.4323    -5.4149    -1.1093     2.5669     8.1704     4.7235     3.3722     2.6137     5.3096     4.2665
  24     0.9488   222.3629    -0.3108    -1.7255     0.1541     1.9690     0.4329     0.4824     0.3797     0.3701     0.6139
  25     0.9504   218.9380     0.3208    -1.5489    -0.4870     1.8301     0.3775     0.3436     0.3156     0.3893     0.4665
  26     0.9521   219.5694     0.8596    -1.4393     0.5880     2.1285     0.4538     0.3305     0.3408     0.3345     0.4748
  27     0.9538   219.1865     0.8844    -2.2308     0.1641     2.5193     0.3484     0.3246     0.3523     0.3148     0.4791
  28     0.9555   219.3328     0.3004    -2.2958     0.1453     2.4034     0.3807     0.3030     0.3123     0.3446     0.4351
  29     0.9571   217.5969    -0.1158    -1.9758     0.5499     2.0700     0.3696     0.3530     0.3101     0.3669     0.4699
  30     0.9588   218.3866    -0.1619    -1.9644     0.7472     2.1296     0.3613     0.3388     0.3095     0.3062     0.4589
  31     0.9605   218.1114     0.9562    -1.4484     0.6650     2.0111     0.4121     0.3263     0.2923     0.3333     0.4381
  32     0.9622   218.0935     0.5804    -1.4082     0.0690     1.8132     0.3311     0.3466     0.3133     0.2983     0.4672
  33     0.9638   217.7546     0.3020    -1.2958    -0.6119     1.6748     0.3853     0.3852     0.2940     0.3287     0.4846
  34     0.9655   216.8829     0.3862    -1.1950    -0.0899     1.7832     0.3830     0.3262     0.3282     0.3101     0.4627
  35     0.9672   216.7441     0.6855    -1.2425    -0.2147     1.6432     0.3703     0.3315     0.3343     0.3477     0.4708
  36     0.9688   217.1599     0.7253    -1.4331    -0.3407     1.8786     0.3767     0.3342     0.3194     0.3003     0.4623
  37     0.9705   217.3164     0.5889    -1.3240    -0.3580     1.6341     0.3417     0.3240     0.3044     0.2997     0.4446
  38     0.9722   217.4504     0.6166    -0.7315    -0.6710     1.1882     0.3595     0.3168     0.3340     0.2858     0.4603
  39     0.9739   217.4196     0.0464    -1.3871    -0.3813     1.5815     0.3347     0.2751     0.3394     0.3297     0.4369
  40     0.9755   217.2805     0.5838    -1.0224    -0.3444     1.5485     0.3794     0.3017     0.3077     0.3424     0.4310
  41     0.9772   216.2749     1.3129    -1.5042    -0.3697     2.2243     0.3675     0.2998     0.3270     0.3752     0.4436
  42     0.9789   216.4881     0.5849    -1.6117     0.1413     1.9127     0.3601     0.3403     0.2991     0.3071     0.4530
  43     0.9805   216.5039     0.4051    -1.3959     0.4249     1.6206     0.3583     0.3259     0.2770     0.2815     0.4278
  44     0.9822   216.3717     0.9339    -0.9765    -0.0190     1.5799     0.3530     0.3212     0.3344     0.2979     0.4637
  45     0.9839   214.8051     0.6971    -1.2194    -0.3079     1.6795     0.3738     0.3421     0.3323     0.3174     0.4769
  46     0.9856   213.9611     0.8577    -2.0770     0.5266     2.4420     0.3610     0.3229     0.3032     0.3162     0.4430
  47     0.9872   214.6620     0.5886    -1.0382    -0.2269     1.6731     0.3836     0.3089     0.3030     0.2735     0.4327
  48     0.9889   213.8094     0.9600    -1.8937    -0.2766     2.3650     0.3614     0.3054     0.3644     0.3267     0.4755
  49     0.9906   214.3886     0.0028    -1.3778    -0.1613     1.8091     0.3166     0.3326     0.3162     0.2761     0.4590
  50     0.9922   214.1858     1.3722    -0.7034    -0.5544     2.0422     0.3309     0.3080     0.3098     0.3248     0.4368
  51     0.9939   213.9500     0.7781    -1.4584     0.2402     1.8720     0.3428     0.3211     0.3226     0.2854     0.4551
  52     0.9956   213.4909     0.4918    -1.2186     0.1274     1.7253     0.3395     0.3147     0.3206     0.3029     0.4493
  53     0.9973   213.7183     0.9906    -1.2805     0.0965     1.8325     0.3777     0.3160     0.3336     0.3031     0.4595
  54     0.9989   213.7074     0.5749    -1.4862    -0.1221     2.0848     0.3287     0.2998     0.3139     0.2954     0.4341
  55     1.0006   213.3714     1.2066    -1.4977     0.5947     2.1310     0.3271     0.2665     0.2733     0.3070     0.3818
  56     1.0023   212.9666     0.6614    -1.5898     0.2496     1.8419     0.3642     0.3202     0.3214     0.3285     0.4537
  57     1.0039   211.5356     0.5725    -1.0949    -0.2240     1.4522     0.3247     0.3154     0.2799     0.3458     0.4217
  58     1.0056   211.0823     0.9570    -1.5955    -0.0102     2.0936     0.3169     0.2964     0.2840     0.2987     0.4105
  59     1.0073   211.1796     0.8496    -2.2019    -0.3601     2.6667     0.3426     0.2657     0.2897     0.2633     0.3931
  60     1.0090   211.6258     0.8861    -1.4970    -0.4741     2.0302     0.3989     0.3016     0.2792     0.2862     0.4110
  61     1.0106   212.6732     1.5147    -1.6881    -0.2011     2.4780     0.3375     0.2907     0.3240     0.2707     0.4353
  62     1.0123   212.3728     0.5140    -2.0548    -0.2210     2.2211     0.3271     0.3055     0.2883     0.3108     0.4201
  63     1.0140   213.0067     0.5393    -0.8567    -0.1546     1.2497     0.3591     0.2881     0.3051     0.2689     0.4197
  64     1.0157   212.5524     0.8031    -1.2835    -0.3971     1.6297     0.3099     0.3117     0.3037     0.2908     0.4351
  65     1.0173   212.5155     0.7350    -1.1214    -0.1773     1.4741     0.3426     0.2991     0.3466     0.2967     0.4578
  66     1.0190   212.1237     0.5037    -1.4751    -0.1211     1.6732     0.3239     0.2837     0.3056     0.2795     0.4170
  67     1.0207   211.7566     1.1532    -1.1889    -0.5463     1.7679     0.3166     0.3108     0.2855     0.2929     0.4220
  68     1.0223   211.8914     0.7514    -1.4510    -0.0310     2.0574     0.3598     0.3072     0.3006     0.2972     0.4298
  69     1.0240   213.3867     1.1194    -1.5020    -0.1693     2.0206     0.3512     0.3133     0.3195     0.3047     0.4475
  70     1.0257   212.4497     0.6697    -1.7456     0.0685     2.0098     0.3828     0.3526     0.3048     0.3182     0.4661
  71     1.0274   211.0694     1.0367    -1.9152    -0.3695     2.3026     0.3927     0.3437     0.3303     0.3312     0.4767
  72     1.0290   208.8597     1.6114    -2.6227     0.3376     3.1839     0.5404     0.4273     0.4114     0.4308     0.5932
  73     1.0307   208.8172    -0.0456    -2.3729    -1.4511     2.7174     0.6079     0.5411     0.4731     0.5155     0.7187
  74     1.0324   212.0113    -0.1612    -1.4523     0.6870     1.6178     0.4019     0.3233     0.3573     0.3493     0.4819
  75     1.0340   212.4151     0.8503    -2.0207    -0.7531     2.3606     0.3363     0.3210     0.3166     0.2855     0.4508
  76     1.0357   211.3322     0.9555    -1.4306    -0.3119     1.9295     0.3209     0.2875     0.3222     0.3233     0.4318
  77     1.0374   212.2783     0.8487    -1.4229     0.3181     1.7494     0.3494     0.2982     0.2945     0.2791     0.4191
  78     1.0391   212.3475     1.1555    -2.0174     0.0686     2.4386     0.3222     0.3276     0.2976     0.3019     0.4426
  79     1.0407   207.2106    -0.0181    -2.5006    -0.0359     2.5610     0.4359     0.3824     0.4049     0.3434     0.5570
  80     1.0424   210.8435     0.8798    -2.1736    -0.1822     2.4220     0.3353     0.3033     0.3335     0.3385     0.4508
  81     1.0441   208.7274     0.4838    -1.6457    -0.3687     1.9206     0.3427     0.3195     0.3117     0.2979     0.4464
  82     1.0457   208.5258     1.5424    -2.3654    -0.0958     2.8847     0.3185     0.3194     0.3313     0.2572     0.4602
  83     1.0474   208.0775     1.2290    -2.1575    -0.5615     2.6103     0.2930     0.2945     0.3272     0.3019     0.4402
  84     1.0491   208.1632     1.1861    -1.6980     0.6112     2.2968     0.3299     0.3090     0.2846     0.3112     0.4201
  85     1.0508   209.6359     0.6651    -2.5022    -0.4189     2.7461     0.3479     0.3204     0.3011     0.3405     0.4397
  86     1.0524   205.5964     0.8370    -3.2394     0.4578     3.5291     0.4245     0.3583     0.4162     0.4006     0.5492
  87     1.0541   209.8721     0.5843    -2.1393    -0.0640     2.2804     0.3181     0.3112     0.3209     0.3024     0.4470
  88     1.0558   209.4919     1.3737    -1.7830    -0.1660     2.7364     0.3262     0.3049     0.2991     0.2951     0.4271
  89     1.0574   208.2088     0.2906    -2.0962    -0.3059     2.0024     0.3126     0.3126     0.2889     0.2999     0.4257
  90     1.0591   207.9200     0.8516    -2.4205    -0.5062     2.6166     0.3347     0.2895     0.3249     0.2754     0.4352
  91     1.0608   208.0920     0.4346    -1.6586    -0.3024     1.8793     0.3554     0.3012     0.2921     0.2679     0.4195
  92     1.0625   208.2284     0.5728    -1.6380    -0.0635     1.9314     0.3226     0.2929     0.3050     0.3132     0.4229
  93     1.0641   203.4034     0.9573    -3.5769     0.4751     3.8501     0.4312     0.3773     0.4063     0.3686     0.5545
  94     1.0658   208.2222     0.7620    -2.5796    -0.4397     2.8685     0.3239     0.2899     0.3063     0.3016     0.4218
  95     1.0675   208.4624     0.7310    -2.7929     0.3203     2.9433     0.3038     0.3049     0.3066     0.2905     0.4324
  96     1.0692   207.8319     0.3899    -2.6957    -0.5958     2.8887     0.3331     0.3264     0.3230     0.2587     0.4592
  97     1.0708   207.0624     0.3680    -2.0500    -0.0612     2.2264     0.3274     0.3131     0.3259     0.2914     0.4519
  98     1.0725   207.3714     0.2497    -2.1595     0.5504     2.2983     0.3283     0.3011     0.3150     0.2784     0.4358
  99     1.0742   207.7450     1.0260    -2.2728    -0.0281     2.6443     0.3302     0.2967     0.3019     0.2811     0.4233
 100     1.0758   207.0197     0.7490    -2.2059     0.1333     2.4173     0.3013     0.2839     0.3140     0.3054     0.4233
 101     1.0775   208.3101     0.9751    -1.6474     0.0827     2.1287     0.3039     0.2866     0.3027     0.2818     0.4169
 102     1.0792   208.1210     0.5675    -2.2962    -0.2210     2.5184     0.3133     0.2801     0.3001     0.3066     0.4105
 103     1.0809   207.4262     0.7886    -1.3138     0.4133     1.8599     0.3277     0.2705     0.2773     0.3394     0.3874
 104     1.0825   206.0990     0.8148    -2.5829    -0.3094     2.7710     0.3386     0.3077     0.3063     0.3027     0.4342
 105     1.0842   206.2377     0.8729    -2.2490     0.5127     2.6024     0.3316     0.3036     0.3315     0.3177     0.4495
 106     1.0859   205.0571     0.6103    -3.1165     0.7430     3.3041     0.4496     0.4016     0.3955     0.4072     0.5636
 107     1.0875   199.6038     2.6778     0.9013    -8.5333    15.9971     6.6557     3.1859     7.1183     7.4176     7.7987
 108     1.0926   206.7619    -0.4791    -1.9634    -1.4300     2.8703     1.5717     1.2343     1.2514     1.4711     1.7577
 109     1.0942   206.6784     0.4534    -2.1659     0.0172     2.2559     0.3805     0.3602     0.3049     0.3085     0.4719
 110     1.0959   207.6573     0.6880    -1.6682    -0.1383     2.1482     0.3318     0.3171     0.3196     0.3053     0.4503
 111     1.0976   206.1881     1.3540    -1.5083    -0.4451     2.2372     0.3083     0.2840     0.3003     0.2747     0.4133
 112     1.0992   205.3230     0.6143    -1.4260     0.3022     1.7271     0.3262     0.3024     0.2563     0.3097     0.3964
 113     1.1009   205.0358     1.3107    -1.3774    -0.4109     2.1063     0.4222     0.3696     0.4438     0.3806     0.5776
 114     1.1026   197.8649     0.4603    -4.4326     1.2635     5.0133     1.3269     1.3879     1.2730     1.1212     1.8833
 115     1.1043   206.5610     2.4573    -1.5609     0.8965     3.2179     0.8690     0.7004     0.7326     0.6097     1.0136
 116     1.1059   206.2024     1.7907    -1.5146    -0.0366     2.4846     0.3236     0.3262     0.3139     0.3036     0.4527
 117     1.1076   203.8799     0.4459    -2.8447     0.0484     3.0316     0.3867     0.3049     0.3117     0.3101     0.4360
 118     1.1093   206.5247     1.0524    -1.5098    -0.2243     2.0469     0.3118     0.3033     0.2771     0.3122     0.4108
 119     1.1109   205.2437     1.0159    -1.4381     0.1226     1.9254     0.3798     0.3438     0.3280     0.3196     0.4752
 120     1.1126   202.0196     0.1053    -1.9895     0.0459     2.1814     0.4492     0.4099     0.4192     0.3906     0.5863
 121     1.1143   207.0157     0.1844    -1.2026    -0.1217     1.4924     0.3099     0.3340     0.2817     0.2626     0.4370
 122     1.1160   206.5534     1.2152    -1.5854    -0.0874     2.1179     0.3235     0.3053     0.2884     0.2729     0.4200
 123     1.1176   205.3933     0.8698    -1.4818    -0.2644     1.8263     0.3043     0.2805     0.2990     0.2712     0.4100
 124     1.1193   205.9790     0.6405    -1.3000    -0.6834     1.5955     0.3157     0.2595     0.2756     0.2868     0.3786
 125     1.1210   205.5770     0.6438    -1.1583     0.1242     1.5135     0.2825     0.2681     0.2834     0.2892     0.3901
 126     1.1227   202.2523     0.0508    -1.4693     0.1940     1.7666     0.3812     0.3617     0.3291     0.3022     0.4890
 127     1.1243   203.3920     1.3415    -1.0776     0.0950     1.8169     0.3498     0.3304     0.3088     0.3339     0.4522
 128     1.1260   204.6838     1.1604    -1.5870    -0.3247     2.1467     0.3323     0.3612     0.3248     0.3007     0.4858
 129     1.1277   199.4020     0.4081    -2.4909     0.5215     2.8151     0.4798     0.3876     0.4165     0.4421     0.5689
 130     1.1293   204.7586    -0.1717    -0.8261    -0.7363     1.1792     0.3597     0.3068     0.2856     0.2893     0.4192
 131     1.1310   204.1492     0.0187    -1.2090    -0.4268     1.3771     0.3030     0.2831     0.2680     0.3022     0.3898
 132     1.1327   204.2401     0.6011    -1.1862    -0.4939     1.6965     0.2829     0.2646     0.2772     0.3206     0.3832
 133     1.1344   204.1363     0.2208    -1.2136     0.2062     1.4283     0.3423     0.2797     0.2703     0.2731     0.3890
 134     1.1360   192.9200     0.6201    -4.6934     2.1488     4.8209     0.6228     0.4702     0.4951     0.4426     0.6828
 135     1.1377   199.2468    -0.8466    -2.8291     0.4300     3.0696     0.4898     0.4147     0.4218     0.3763     0.5916
 136     1.1394   205.2782     0.5917    -1.4924    -0.0622     1.8362     0.3215     0.3448     0.2876     0.2765     0.4490
 137     1.1410   201.1584     0.6366    -2.0557    -0.0390     2.3954     0.3350     0.3347     0.3622     0.3315     0.4932
 138     1.1427   204.8926     0.1014    -1.8434    -0.0348     1.9424     0.3216     0.2668     0.2787     0.3215     0.3858
 139     1.1444   206.2020     0.6366    -0.6978     0.9265     1.2800     0.3547     0.2973     0.3058     0.2971     0.4265
 140     1.1461   203.5540     0.3631    -0.5341    -0.2137     0.9994     0.4044     0.3334     0.3395     0.3677     0.4759
 141     1.1477   199.2955     1.4127    -0.5245    -1.5355     1.6247     0.4903     0.3641     0.3549     0.3781     0.5085
 142     1.1494   195.4932     0.4579    -1.7228    -0.8403     2.1440     0.5308     0.3875     0.4635     0.4189     0.6041
 143     1.1511   197.7193     1.1944    -1.2350    -0.9112     1.9004     0.4340     0.3513     0.3394     0.3558     0.4884
 144     1.1527   202.5143     0.4230    -1.0285     0.0623     1.4295     0.3166     0.3059     0.2849     0.3099     0.4180
 145     1.1544   203.5769     0.2914    -1.4459     0.4088     1.5514     0.2766     0.3049     0.2933     0.2894     0.4231
 146     1.1561   202.9415     0.6088    -1.4613     0.8645     1.7360     0.2995     0.2794     0.2953     0.2813     0.4066
 147     1.1578   204.6700     0.4479    -1.2689     0.4928     1.4780     0.3122     0.2763     0.2729     0.2597     0.3884
 148     1.1594   203.3908     0.6945    -1.2884    -0.0055     1.6390     0.3425     0.2925     0.2710     0.2886     0.3987
 149     1.1611   199.2021     0.9564    -1.5975    -1.0882     1.9422     0.3763     0.3011     0.3203     0.3275     0.4396
 150     1.1628   200.7772     0.9667    -1.6112    -0.4737     2.0006     0.3463     0.3046     0.3007     0.3082     0.4281
 151     1.1644   201.7353     0.2722    -0.9883     0.0711     1.3534     0.3356     0.3148     0.2876     0.2909     0.4264
 152     1.1661   201.9711     0.5698    -0.9938    -0.3593     1.2683     0.3275     0.2997     0.2810     0.2606     0.4108
 153     1.1678   201.9494     0.7414    -0.9096     0.6338     1.6745     0.3768     0.3021     0.3324     0.3570     0.4492
 154     1.1695   200.1454     0.9023    -1.5096     0.9030     1.9359     0.7296     0.6445     0.6857     0.7127     0.9411
 155     1.1711   216.2488     2.5901    -8.3558    -1.5475     9.7962     2.3467     1.2756     1.3003     1.7967     1.8215
 156     1.1812   186.2951    -9.5210     5.3041    13.6042    15.3753     5.4122     3.8877     4.8554     5.3952     6.2201
 157     1.1828   208.0045     0.7321    -1.7603    -0.9868     2.4137     1.2043     1.0920     0.9340     0.9735     1.4369
 158     1.1845   202.1440     0.1061    -0.5959     0.7255     0.8447     0.4652     0.4272     0.3830     0.4281     0.5737
 159     1.1862   201.9943     0.2213    -0.8408    -0.1112     1.2574     0.3356     0.3117     0.2741     0.2957     0.4150
 160     1.1879   200.9790     1.2219    -0.6336     0.2527     1.5071     0.3126     0.2968     0.2625     0.2799     0.3962
 161     1.1895   198.8228     0.9582    -0.8133     0.1032     1.4753     0.3459     0.3138     0.3021     0.3254     0.4356
 162     1.1912   195.6697     0.8264    -1.3948     0.5484     1.8674     0.4035     0.3230     0.3025     0.3420     0.4425
 163     1.1929   197.8942     0.6703    -0.7269    -0.1813     1.2065     0.3822     0.2983     0.3037     0.3064     0.4257
 164     1.1945   202.5203     0.6694    -0.4513     0.0035     1.1730     0.3272     0.2806     0.3011     0.2876     0.4115
 165     1.1962   203.2589     0.8017    -1.0165     0.1632     1.5555     0.3251     0.2852     0.2963     0.3094     0.4113
 166     1.1979   204.2998     1.4908    -1.0474     0.4762     1.9262     0.3315     0.3373     0.2779     0.2866     0.4370
 167     1.1996   201.6404     1.7371    -0.4831    -0.6215     1.9518     0.4573     0.3613     0.3637     0.3509     0.5126
 168     1.2012   195.7063     2.4666    -0.2036     0.0634     2.6190     0.6191     0.5023     0.4911     0.5399     0.7025
 169     1.2029   187.5943     1.6207    -0.8112    -0.7243     2.3430     1.0209     0.7161     0.6018     0.7405     0.9354
 170     1.2046   200.9783     3.2240     1.3421    -0.7625     3.7293     1.1298     0.8161     0.9264     0.9769     1.2346
 171     1.2062   193.0006     2.3060     4.2149    -2.5485     5.1973     1.4387     1.0536     1.1660     1.1424     1.5715
 172     1.2079   194.1949     1.8534    -1.0724    -2.0614     2.7772     1.3806     1.0091     0.9523     1.2725     1.3875
 173     1.2096   203.2551     2.1575     2.2067     0.9630     3.3622     1.2026     0.8413     0.8792     0.9070     1.2169
 174     1.2113   187.5335     2.4304    -1.5419    -0.4488     3.1788     0.9891     0.6173     0.6902     0.6903     0.9260
 175     1.2129   195.7036     1.6472     0.5622    -0.3922     1.9762     0.5727     0.4658     0.4709     0.5348     0.6624
 176     1.2146   200.8899     0.5470    -0.4863    -0.1103     0.9714     0.4215     0.3234     0.3525     0.3505     0.4783
 177     1.2163   201.6522    -0.0676    -1.2275     0.4785     1.4341     0.3528     0.3121     0.3157     0.3034     0.4440
 178     1.2179   198.5409    -0.0629    -0.9644     0.0869     1.1332     0.3554     0.2736     0.3035     0.2962     0.4087
 179     1.2196   199.5875     0.6413    -0.8229     0.0798     1.2751     0.3526     0.3235     0.2816     0.3080     0.4289
 180     1.2213   198.8918     0.2598    -0.4805     0.7258     0.7679     0.3623     0.3324     0.3251     0.3260     0.4650
 181     1.2230   196.3779     1.0111     0.4841    -1.0467     1.2527     0.4830     0.3310     0.3678     0.4017     0.4948
 182     1.2246   200.7267     2.0742    -0.3867    -0.1954     2.2542     0.5635     0.3834     0.4020     0.4190     0.5555
 183     1.2263   195.0182     3.0046     0.8658    -1.3847     3.3268     0.6463     0.4713     0.5356     0.4590     0.7134
 184     1.2280   181.6352     0.5720     1.4167    -3.3064     2.7322     0.9601     0.6998     0.6371     0.7222     0.9464
 185     1.2297   198.4707     2.0865     0.2771    -0.0160     2.2662     0.5324     0.4396     0.4250     0.4700     0.6115
 186     1.2313   195.4190     1.5933     0.5483    -1.1729     1.9685     0.5058     0.3926     0.3526     0.3742     0.5277
 187     1.2330   198.0566     0.8784    -0.6437     0.0824     1.2789     0.3910     0.3389     0.3208     0.3742     0.4666
 188     1.2347   199.0119     0.6982    -1.5016    -0.4429     1.8776     0.4029     0.3030     0.2930     0.3190     0.4215
 189     1.2363   198.6798     0.7253    -0.8951     0.1322     1.4691     0.3509     0.2871     0.3263     0.3104     0.4346
 190     1.2380   198.8893     0.4916    -1.5708     0.2153     1.8840     0.3460     0.3164     0.2909     0.3122     0.4298
 191     1.2397   200.5039     0.7026    -1.3070     0.8365     1.5889     0.3161     0.2907     0.2675     0.3042     0.3951
 192     1.2414   198.4277     0.4499    -1.3560     0.3497     1.5624     0.3803     0.3526     0.3151     0.3343     0.4729
 193     1.2430   185.2129    -0.0321    -3.6690    -6.8913     4.0378     0.7302     0.4629     0.4754     0.5249     0.6635
 194     1.2447   198.8392     0.8904    -1.1599    -0.1763     1.7224     0.5282     0.3881     0.3706     0.4055     0.5366
 195     1.2464   192.4138     1.2376    -1.1551     1.6586     2.1156     0.6131     0.4638     0.4996     0.5064     0.6817
 196     1.2480   190.2521     3.8477     1.5233     3.8072     4.2626     0.6006     0.4982     0.4702     0.5510     0.6850
 197     1.2497   200.0269     1.6219     0.2946    -1.2140     1.7772     0.3758     0.3392     0.3806     0.4091     0.5098
 198     1.2514   198.5277     1.4423    -0.4153     0.1674     1.6555     0.3052     0.2876     0.2668     0.3123     0.3923
 199     1.2531   196.5763     1.2473    -0.6070     0.3280     1.6434     0.3843     0.3125     0.2909     0.3043     0.4270
 200     1.2547   195.3719     1.1375    -0.2474     0.0821     1.3806     0.3469     0.2728     0.3208     0.2941     0.4211
 201     1.2564   196.9272     1.0131    -0.5630    -0.2025     1.2857     0.3117     0.2953     0.2727     0.3148     0.4019
 202     1.2581   199.3815     1.5423    -0.2270     0.6351     1.7124     0.3178     0.2801     0.2567     0.2791     0.3799
 203     1.2597   198.2000     1.6341     0.1839     0.2837     1.8474     0.3694     0.3179     0.3154     0.3471     0.4478
 204     1.2614   193.3149     2.2276    -0.6329    -1.4113     2.4879     0.5290     0.3740     0.4130     0.4253     0.5572
 205     1.2631   189.9357     4.2838     1.2849    -0.0438     4.5245     0.8082     0.6081     0.5124     0.6543     0.7952
 206     1.2648   208.7454     5.6994     2.5855     3.0617     6.3176     1.4513     0.8893     1.0150     0.9104     1.3495
 207     1.2664   195.2730     5.5284     3.0730    -2.2025     7.6203     2.2879     1.6366     1.4584     1.5088     2.1921
 208     1.2681   183.9503     0.1634    11.1584    -7.4714    13.0109     3.2756     2.2819     2.4820     2.2077     3.3715
 209     1.2698   191.5474     5.8192     5.9220     1.9817     9.1703     2.4191     1.8798     1.4813     1.8304     2.3932
 210     1.2714   183.1825     4.8576     3.6521     0.4503     6.8513     1.6713     0.9691     1.1045     1.1461     1.4694
 211     1.2731   193.8856     4.5262     2.7094     1.0437     5.5986     0.9501     0.7110     0.6926     0.7484     0.9926
 212     1.2748   201.5719     2.3841     0.9002     0.2295     2.8482     0.7457     0.5980     0.6240     0.6282     0.8643
 213     1.2765   201.3297     1.4412    -1.1913    -0.9323     2.4213     0.6994     0.5431     0.5889     0.6073     0.8011
 214     1.2781   186.0332     0.5565    -3.4444    -5.2377     4.3594     0.9245     0.6085     0.6015     0.7034     0.8556
 215     1.2798   185.3305    -0.2802    -1.6589    -6.0145     2.2429     0.9237     0.6343     0.5972     0.6617     0.8712
 216     1.2815   198.7266     1.7485    -0.3094     0.6316     2.1919     0.5668     0.4962     0.4925     0.5465     0.6991
 217     1.2832   201.3174     1.6975    -0.8768     3.2597     2.0855     0.4306     0.4012     0.3165     0.3590     0.5111
 218     1.2848   197.9108     2.0455    -0.2976    -0.0665     2.3436     0.3839     0.4052     0.3882     0.3859     0.5612
 219     1.2865   198.8236     2.2133    -0.1746    -0.2674     2.3006     0.5016     0.4732     0.4772     0.4396     0.6720
 220     1.2882   196.1809     1.0465    -0.2892     0.1293     1.6323     0.5710     0.5692     0.5869     0.5552     0.8176
 221     1.2898   193.5031     2.0523    -1.5478    -1.2653     3.2463     0.7042     0.5446     0.5274     0.5354     0.7581
 222     1.2915   194.6787     1.7419    -1.2574    -0.2745     2.5103     0.5396     0.5693     0.4980     0.5484     0.7564
 223     1.2932   196.6641     1.4164    -0.7671     0.3035     1.8572     0.4236     0.3798     0.4118     0.4314     0.5602
 224     1.2949   196.4813     2.0334    -0.9136     0.1002     2.3182     0.3050     0.2528     0.2658     0.2666     0.3668
 225     1.2965   194.9573     1.9584    -0.8870     0.3403     2.2430     0.2987     0.2786     0.2682     0.2941     0.3867
 226     1.2982   195.1020     2.6522    -0.0145     0.5613     2.7109     0.2824     0.2736     0.2570     0.2821     0.3754
 227     1.2999   195.3525     1.7420    -0.7590    -0.2024     2.0022     0.3004     0.2738     0.2663     0.2700     0.3819
 228     1.3015   194.7058     1.7962    -0.4069     0.0693     1.9554     0.2793     0.2787     0.2820     0.2670     0.3964
 229     1.3032   194.8370     2.3951    -0.9626    -0.5059     2.6778     0.2922     0.2688     0.2818     0.2690     0.3895
 230     1.3049   194.7287     2.1178    -0.7304     0.4928     2.2977     0.2645     0.2712     0.2394     0.2518     0.3617
 231     1.3066   194.6213     2.1921    -0.4744    -0.3293     2.3407     0.2426     0.2513     0.2484     0.2606     0.3533
 232     1.3082   194.8218     2.0534    -0.7402    -0.4075     2.3887     0.2356     0.2383     0.2489     0.2607     0.3446
 233     1.3099   194.5698     2.4563    -0.7247    -0.0356     2.5960     0.2556     0.2698     0.2473     0.2400     0.3659
 234     1.3116   194.0037     2.4321    -1.0446    -0.0392     2.7074     0.2514     0.2529     0.2395     0.2563     0.3483
 235     1.3132   194.6725     1.6842    -0.7225    -0.3053     1.9308     0.2759     0.2719     0.2627     0.2501     0.3780
 236     1.3149   193.8724     2.1848    -0.5703     0.0963     2.3387     0.2690     0.2394     0.2692     0.3021     0.3603
 237     1.3166   194.2271     2.0375    -0.6908     0.2482     2.2691     0.2399     0.2414     0.2551     0.2407     0.3512
 238     1.3183   194.2385     2.1455    -0.6364    -0.4212     2.2981     0.2663     0.2480     0.2440     0.2332     0.3479
 239     1.3199   193.5698     2.2947    -0.5883    -0.2419     2.4147     0.2766     0.2615     0.2820     0.2506     0.3846
 240     1.3216   193.5667     2.4016    -0.8007     0.1538     2.6272     0.2707     0.2509     0.2407     0.2470     0.3477
 241     1.3233   194.4879     2.3263    -0.7956     0.1881     2.5304     0.2435     0.2615     0.2444     0.2562     0.3579
 242     1.3249   194.1625     2.2353    -0.3557    -0.0757     2.3553     0.2413     0.2331     0.2564     0.2227     0.3465
 243     1.3266   193.6541     1.8796    -0.5575    -0.3308     1.9983     0.2866     0.2573     0.2784     0.2606     0.3791
 244     1.3283   193.6568     1.7575    -1.1597    -0.1575     2.1867     0.2470     0.2627     0.2656     0.2502     0.3736
 245     1.3300   193.7032     2.1914    -1.1483    -0.0457     2.5775     0.2602     0.2497     0.2432     0.2451     0.3486
 246     1.3316   193.2702     2.0469    -0.8138     0.0277     2.3484     0.2444     0.2528     0.2500     0.2386     0.3555
 247     1.3333   193.5075     2.0238    -1.0591    -0.2693     2.3457     0.2366     0.2193     0.2365     0.2664     0.3225
 248     1.3350   192.9772     1.8917    -1.0521    -0.1109     2.2479     0.2560     0.2423     0.2564     0.2306     0.3528
 249     1.3367   192.6630     2.1928    -0.5501    -0.0734     2.4096     0.2644     0.2348     0.2625     0.2406     0.3522
 250     1.3383   193.6542     2.1718    -0.2943     0.4992     2.2442     0.2382     0.2747     0.2334     0.2476     0.3604
 251     1.3400   193.1344     2.1470    -0.4689    -0.3643     2.2475     0.2700     0.2609     0.2471     0.2423     0.3594
 252     1.3417   193.1601     2.5010    -0.6479     0.1088     2.6670     0.2572     0.2445     0.2336     0.2455     0.3382
 253     1.3433   192.6150     2.1464    -0.3577     0.3980     2.2299     0.2692     0.2479     0.2427     0.2413     0.3469
 254     1.3450   192.7497     2.3463    -0.6079     0.2158     2.4978     0.2509     0.2351     0.2441     0.2454     0.3389
 255     1.3467   192.8964     1.9451    -0.4368    -0.3294     2.0291     0.2434     0.2573     0.2467     0.2439     0.3565
 256     1.3484   192.3995     1.6990    -0.4223    -0.3838     1.8427     0.2466     0.2288     0.2590     0.2339     0.3456
 257     1.3500   192.7474     1.8339    -0.5407     0.4544     1.9045     0.2476     0.2719     0.2395     0.2713     0.3624
 258     1.3517   192.9103     2.2530    -0.8761     0.0756     2.5623     0.2637     0.2539     0.2486     0.2526     0.3553
 259     1.3534   192.2967     2.1476    -0.9643    -0.4895     2.4583     0.2361     0.2288     0.2483     0.2495     0.3377
 260     1.3550   192.4225     2.1777    -0.4614    -0.4568     2.4060     0.2546     0.2699     0.2216     0.2397     0.3492
 261     1.3567   191.8120     2.2226    -0.8873     0.2056     2.4640     0.2653     0.2391     0.2498     0.2413     0.3458
 262     1.3584   191.8225     1.9611    -1.0048    -0.2925     2.3038     0.2645     0.2184     0.2571     0.2437     0.3374
 263     1.3601   192.1169     1.7046    -0.8269     0.1221     1.9577     0.2397     0.2455     0.2352     0.2323     0.3400
 264     1.3617   192.7489     1.8772    -0.7879     0.1758     2.1534     0.2601     0.2533     0.2399     0.2638     0.3489
 265     1.3634   191.9210     2.4086    -0.7800    -0.2732     2.5711     0.2725     0.2326     0.2293     0.2564     0.3266
 266     1.3651   191.6430     1.8860    -0.9921     0.1714     2.2084     0.2706     0.2319     0.2357     0.2586     0.3307
 267     1.3667   191.8226     1.6307    -0.5277     0.2493     1.8030     0.2747     0.2381     0.2395     0.2413     0.3377
 268     1.3684   191.9793     1.5199    -0.5295    -0.4452     1.7349     0.2321     0.2598     0.2440     0.2569     0.3564
 269     1.3701   191.3708     1.9878    -0.5932     0.1238     2.1591     0.2533     0.2405     0.2465     0.2507     0.3444
 270     1.3718   191.6177     1.8243    -1.0643     0.0972     2.1924     0.2538     0.2419     0.2705     0.2625     0.3628
 271     1.3734   191.1685     2.3645    -0.4366     0.2212     2.4775     0.2489     0.2434     0.2383     0.2474     0.3406
 272     1.3751   191.5473     2.2629    -0.7053    -0.0997     2.4490     0.2683     0.2549     0.2426     0.2346     0.3519
 273     1.3768   191.2038     1.6567    -0.7617    -0.4701     1.8587     0.2495     0.2505     0.2478     0.2536     0.3523
 274     1.3784   191.6408     2.1770    -1.0231     0.1847     2.4519     0.2764     0.2622     0.2489     0.2426     0.3616
 275     1.3801   190.6216     2.3783    -0.2123    -0.5375     2.4955     0.2771     0.2704     0.2788     0.2410     0.3884
 276     1.3818   190.2514     1.9617    -0.8544    -0.4750     2.1837     0.2805     0.2947     0.2618     0.2616     0.3942
 277     1.3835   191.4102     1.8318    -0.7373     0.2803     2.0309     0.2609     0.2408     0.2413     0.2353     0.3409
 278     1.3851   191.3391     2.1641    -0.7422     0.1824     2.4100     0.2427     0.2405     0.2429     0.2281     0.3419
 279     1.3868   190.5559     1.8034    -0.7431     0.2035     1.9791     0.2346     0.2603     0.2295     0.2569     0.3470
 280     1.3885   190.8986     1.6932    -0.8443    -0.5138     1.9871     0.2365     0.2330     0.2543     0.2459     0.3449
 281     1.3902   190.5931     1.8373    -0.4064    -0.1236     1.9851     0.2520     0.2506     0.2409     0.2593     0.3476
 282     1.3918   190.6210     2.1422    -0.2946    -0.2551     2.2678     0.2487     0.2435     0.2283     0.2443     0.3338
 283     1.3935   190.6972     2.2029    -0.4705    -0.2902     2.2979     0.2317     0.2246     0.2500     0.2483     0.3361
 284     1.3952   190.5665     2.5782    -0.2959    -0.1041     2.6506     0.2487     0.2704     0.2432     0.2363     0.3637
 285     1.3968   190.5643     2.3711    -0.5238     0.0575     2.5201     0.2336     0.2249     0.2430     0.2658     0.3311
 286     1.3985   189.8941     1.6855    -0.5188     0.0356     1.8653     0.2561     0.2499     0.2632     0.2316     0.3630
 287     1.4002   190.5070     1.7316    -0.6988    -0.1918     1.9428     0.2292     0.2645     0.2475     0.2524     0.3622
 288     1.4019   190.5118     2.0666    -0.4741    -0.3569     2.1718     0.2711     0.2375     0.2385     0.2464     0.3366
 289     1.4035   190.4163     2.1064    -0.3782     0.1671     2.2384     0.2487     0.2447     0.2352     0.2473     0.3394
 290     1.4052   190.1051     2.0773    -0.1513    -0.3906     2.1862     0.2312     0.2425     0.2332     0.2531     0.3364
 291     1.4069   190.1428     2.1489    -0.9402    -0.0688     2.5039     0.2620     0.2515     0.2374     0.2307     0.3458
 292     1.4085   190.3354     2.0491    -0.7281    -0.0502     2.2270     0.2382     0.2413     0.2305     0.2290     0.3337
 293     1.4102   189.5621     1.9138    -0.4640    -0.2646     1.9746     0.2552     0.2595     0.2439     0.2427     0.3562
 294     1.4119   189.7579     1.9754    -0.6459    -0.2701     2.2429     0.2662     0.2586     0.2491     0.2361     0.3590
 295     1.4136   190.0959     1.7584    -0.5771    -0.2519     1.9501     0.2440     0.2612     0.2623     0.2586     0.3702
 296     1.4152   189.9310     2.3465    -0.6040    -0.2080     2.4710     0.2643     0.2399     0.2340     0.2274     0.3352
 297     1.4169   189.6979     2.2560    -0.7212    -0.1747     2.4461     0.2536     0.2547     0.2551     0.2379     0.3605
 298     1.4236   189.8046     2.2208    -0.3483    -0.0669     2.3144     0.2405     0.2511     0.2458     0.2214     0.3514
 299     1.4253   189.1588     2.5609    -0.3501     0.0465     2.6559     0.2562     0.2573     0.2467     0.2379     0.3564
 300     1.4269   189.2530     1.6572    -0.4167     0.3535     1.7541     0.2244     0.2449     0.2412     0.2349     0.3437
 301     1.4286   189.3505     2.1806    -0.4805     0.0518     2.3195     0.2351     0.2407     0.2337     0.2354     0.3355
 302     1.4303   189.1851     1.9307    -0.0971    -0.3208     2.0623     0.2687     0.2583     0.2402     0.2479     0.3527
 303     1.4319   188.7795     1.4466    -0.4983    -0.1286     1.6685     0.2840     0.2439     0.2351     0.2340     0.3387
 304     1.4336   188.8319     2.0458    -0.4437     0.0097     2.1607     0.2278     0.2394     0.2412     0.2394     0.3398
 305     1.4353   188.7032     1.6257    -0.2894     0.4933     1.8116     0.2449     0.2586     0.2431     0.2418     0.3549
 306     1.4370   188.7436     1.7531    -0.2392    -0.4177     1.7872     0.2502     0.2316     0.2620     0.2734     0.3497
 307     1.4386   188.7806     1.2813    -0.5034     0.0678     1.4576     0.2525     0.2517     0.2365     0.2400     0.3454
 308     1.4403   188.7634     1.4361    -0.6201     0.3788     1.6705     0.2402     0.2399     0.2659     0.2532     0.3581
 309     1.4420   188.6833     1.6940    -0.4773    -0.3053     1.8354     0.2664     0.2537     0.2259     0.2398     0.3397
 310     1.4437   188.5332     1.5788    -0.6472    -0.0096     1.8044     0.2644     0.2437     0.2347     0.2509     0.3384
 311     1.4453   188.8389     2.4264    -0.7595     0.2946     2.6009     0.2602     0.2745     0.2603     0.2299     0.3783
 312     1.4470   188.4238     2.0146    -0.4749     0.2702     2.1373     0.2526     0.2494     0.2664     0.2572     0.3649
 313     1.4487   188.3120     1.9347    -0.3530    -0.2156     2.0276     0.2238     0.2449     0.2575     0.2518     0.3553
 314     1.4503   187.9908     1.9550    -0.4410    -0.2128     2.1264     0.2554     0.2515     0.2465     0.2495     0.3522
 315     1.4520   188.1371     1.6147    -0.5866    -0.4988     1.8006     0.2534     0.2574     0.2440     0.2353     0.3547
 316     1.4537   187.8899     1.9698    -0.7116     0.5306     2.1821     0.2630     0.2520     0.2736     0.2343     0.3719
 317     1.4554   187.9133     2.0119    -0.4922     0.1470     2.1669     0.2656     0.2586     0.2362     0.2279     0.3502
 318     1.4570   187.8241     1.8288    -0.5463     0.4312     2.0556     0.2573     0.2405     0.2369     0.2616     0.3376
 319     1.4587   188.0120     1.6564    -0.5503    -0.0971     1.8146     0.2625     0.2327     0.2201     0.2445     0.3203
 320     1.4604   187.8104     1.8618    -0.4613     0.2640     1.9421     0.2624     0.2459     0.2422     0.2261     0.3452
 321     1.4620   187.6871     1.7044    -0.1657    -0.0716     1.7584     0.2365     0.2512     0.2407     0.2400     0.3479
 322     1.4637   187.6156     1.5873    -0.5901    -0.3901     1.8262     0.2535     0.2352     0.2462     0.2474     0.3405
 323     1.4654   187.2586     2.0584    -0.3026    -0.1299     2.2500     0.2474     0.2497     0.2574     0.2399     0.3586
 324     1.4671   187.7893     1.8640    -0.3497     0.5285     1.9800     0.2474     0.2569     0.2630     0.2613     0.3676
 325     1.4687   187.4277     1.4988    -1.0968     0.2958     1.8985     0.2603     0.2512     0.2494     0.2426     0.3540
 326     1.4704   187.1377     1.7651    -0.3249    -0.1988     1.9160     0.2434     0.2339     0.2311     0.2404     0.3289
 327     1.4721   187.2732     1.3181    -0.2733    -0.0891     1.4238     0.2279     0.2613     0.2656     0.2261     0.3726
 328     1.4737   186.8326     1.1652    -0.7471    -0.5606     1.4729     0.2537     0.2508     0.2587     0.2574     0.3603
 329     1.4754   186.9607     1.4042    -0.4431     0.4231     1.5433     0.2890     0.2461     0.2457     0.2613     0.3477
 330     1.4771   187.0491     1.7006    -0.4037     0.3227     1.9400     0.2785     0.2684     0.2496     0.2417     0.3666
 331     1.4788   187.1385     1.1659    -0.6802     0.1645     1.4293     0.2415     0.2707     0.2441     0.2632     0.3645
 332     1.4804   186.8736     1.7362    -0.3839    -0.0001     1.8221     0.2369     0.2243     0.2305     0.2353     0.3216
 333     1.4821   186.8563     1.2710     0.0199    -0.4000     1.3899     0.2507     0.2327     0.2562     0.2362     0.3462
 334     1.4838   186.7879     1.3168    -0.1532     0.1814     1.5262     0.2577     0.2427     0.2568     0.2492     0.3534
 335     1.4854   186.7118     0.7698    -0.4965    -0.3726     1.0814     0.2494     0.2737     0.2713     0.2491     0.3853
 336     1.4871   186.7115     1.1635    -0.5365     0.0590     1.4599     0.2520     0.2451     0.2453     0.2435     0.3468
 337     1.4888   186.7275     0.9105    -0.7010     0.0061     1.2158     0.2497     0.2663     0.2510     0.2459     0.3660
 338     1.4905   186.6011     1.1122     0.0402     0.2220     1.2670     0.2587     0.2674     0.2520     0.2590     0.3674
 339     1.4921   186.7759     0.8165    -0.2767    -0.1432     1.1019     0.2624     0.2511     0.2417     0.2792     0.3486
 340     1.4938   186.3824     1.0773    -0.2221     0.1856     1.2773     0.2587     0.2658     0.2383     0.2324     0.3570
 341     1.4955   186.8772     1.1823    -0.2769     0.3036     1.2984     0.2327     0.2544     0.2519     0.2535     0.3581
 342     1.4972   185.8082     1.1557    -0.4723    -0.2297     1.4719     0.2738     0.2421     0.2514     0.2442     0.3490
 343     1.4988   185.9229     0.6205    -0.2839     0.2163     1.0337     0.2644     0.2577     0.2495     0.2403     0.3587
 344     1.5005   186.4579     0.6775    -0.1579     0.1272     1.0237     0.2319     0.2544     0.2418     0.2535     0.3510
 345     1.5022   185.9452     0.7640    -0.1142     0.1633     0.9312     0.2361     0.2599     0.2347     0.2456     0.3502
 346     1.5038   186.1356     0.7490    -0.0080     0.5952     1.0157     0.2444     0.2327     0.2440     0.2457     0.3372
 347     1.5055   185.5824     1.3272    -0.7821     0.1688     1.6560     0.2447     0.2391     0.2500     0.2489     0.3459
 348     1.5072   185.9208     0.9548     0.0275     0.2006     1.1242     0.2586     0.2623     0.2529     0.2570     0.3643
 349     1.5089   185.7927     1.1838    -0.0271     0.0639     1.3173     0.2576     0.2507     0.2363     0.2324     0.3445
 350     1.5105   185.8416     0.9350    -0.2844     0.1211     1.2360     0.2561     0.2330     0.2480     0.2497     0.3403
 351     1.5122   185.1644     0.8040    -0.2958    -0.1546     0.9716     0.2633     0.2380     0.2440     0.2523     0.3408
 352     1.5139   185.2426     0.7495     0.1049     0.4524     0.8553     0.2656     0.2556     0.2287     0.2463     0.3430
 353     1.5155   185.5596     0.6079     0.1961    -0.2921     0.7504     0.2601     0.2462     0.2695     0.2503     0.3650
 354     1.5172   185.7819     0.4842     0.0939     0.1107     0.8144     0.2434     0.2660     0.2384     0.2356     0.3572
 355     1.5189   185.1581     0.4488    -0.0122    -0.2767     0.6766     0.2702     0.2558     0.2424     0.2495     0.3524
 356     1.5206   185.1350     0.9724    -0.2498     0.2360     1.2201     0.2540     0.2250     0.2319     0.2466     0.3231
 357     1.5222   185.7676     0.5141    -0.7276     0.6237     1.0202     0.2591     0.2338     0.2406     0.2469     0.3355
 358     1.5239   182.9682     0.2065    -2.1434    -0.8632     2.3762     0.5978     0.5304     0.4984     0.5243     0.7278
 359     1.5256   184.5268     1.5427    -1.7263    -1.1998     2.6293     0.6573     0.5675     0.5639     0.5570     0.8000
 360     1.5272   185.0045     2.0304    -2.6533    -1.3346     3.8177     0.8570     0.6390     0.6498     0.6524     0.9113
 361     1.5289   183.1004     1.7879    -2.6383    -0.0018     3.6549     1.1312     0.8096     0.8547     0.8477     1.1773
 362     1.5306   190.5432     0.4311     0.9281     0.2804     2.1386     0.7900     0.7139     0.7183     0.6909     1.0127
 363     1.5323   185.5656     0.1253    -1.1308    -0.9290     1.5071     0.5710     0.5316     0.5568     0.5378     0.7698
 364     1.5339   188.9858     0.3253    -0.3317     0.6884     1.1054     0.4489     0.4036     0.4185     0.4082     0.5814
 365     1.5356   186.4706    -0.7515    -1.6923     1.2305     2.1007     0.6500     0.6333     0.5694     0.5945     0.8516
 366     1.5373   177.7131    -0.6563    -3.6231    -3.6698     4.1931     1.1654     0.8150     0.8603     0.9238     1.1851
 367     1.5389   186.3045     1.4900    -1.4462     3.2025     3.7041     1.4125     1.3691     1.1717     1.7067     1.8020
 368     1.5406   183.1029     0.3017    -5.4092    -4.8987     6.1461     1.8552     1.3944     1.4370     1.6295     2.0023
 369     1.5423   188.5900     0.0548    -1.4680    -0.0201     1.7217     0.5858     0.4616     0.5830     0.4735     0.7436
 370     1.5440   184.4030     0.5777     0.6542     1.5522     1.1529     0.7735     0.5741     0.5253     0.6642     0.7781
 371     1.5456   177.1744    -0.2540     0.7746     1.3163     1.8836     1.3107     0.8525     0.8293     0.8817     1.1893
 372     1.5473   176.6629     2.7935     0.0178    -2.6359     3.2262     1.0810     0.6758     0.5479     0.6584     0.8700
 373     1.5490   191.6775     0.9153    -0.4294     1.5653     1.1338     0.5079     0.4669     0.4233     0.4155     0.6302
 374     1.5507   185.8670     1.6333    -2.0352    -0.5500     3.0837     0.9755     0.7611     0.7065     0.8620     1.0385
 375     1.5523   168.9625     2.1911     0.0102    -7.2065     2.4570     1.6372     1.0930     0.9121     1.3083     1.4235
 376     1.5540   186.9186     0.5616     0.6486    -0.7205     1.0635     0.5678     0.5532     0.4665     0.5736     0.7237
 377     1.5557   185.4435     0.3141     0.4893     0.5517     0.8518     0.3112     0.2875     0.2801     0.2831     0.4014
 378     1.5573   183.4637    -0.1800    -0.1087     0.0670     0.7744     0.3784     0.3146     0.3693     0.3375     0.4851
 379     1.5590   185.9861     0.5255    -0.4661    -1.1872     2.2163     0.8181     0.6849     0.7069     0.7149     0.9842
 380     1.5607   157.3740     0.8924     0.2585    -2.7246     3.1496     2.8232     1.5508     1.3316     1.5130     2.0441
 381     1.5624   183.8237    -0.7266    -0.7147     1.5129     1.8395     0.8565     0.7150     0.7115     0.8971     1.0087
 382     1.5640   187.3074     0.2806     0.0642     0.4446     0.6949     0.3957     0.3236     0.3191     0.3199     0.4545
 383     1.5657   183.9984    -0.6824     0.2178     0.5063     0.9234     0.3418     0.2669     0.2916     0.2860     0.3953
 384     1.5674   184.7336     0.1846     0.8266     0.3647     1.0653     0.3081     0.2745     0.2687     0.3139     0.3841
 385     1.5690   180.0179    -0.0397     1.9346     0.1847     2.0229     0.4266     0.3092     0.3262     0.3440     0.4494
 386     1.5707   180.5689     0.9934     3.0337    -1.5739     3.6145     0.4360     0.3232     0.3406     0.3806     0.4696
 387     1.5724   182.3616     1.8204     3.7458    -0.4745     4.4439     0.5706     0.4628     0.4619     0.4457     0.6539
 388     1.5741   175.6161    -3.0581     2.7734     3.6650     7.6377     3.9768     3.3437     2.8518     3.2321     4.3946
 389     1.5757   140.1479   -20.7317    13.7731    -2.3616    30.9214    14.1818     7.0265     9.3707     7.2505    11.7125
 390     1.5774   185.6988     1.3451     4.6934    -0.2756     5.9320     1.8305     1.4434     1.6045     1.7361     2.1582
 391     1.5791   179.9465    -0.0489     1.8651    -1.5170     2.3580     0.4395     0.4274     0.3704     0.4076     0.5656
 392     1.5807   179.8739    -0.1305     1.6346    -0.2177     1.7246     0.3804     0.3152     0.3298     0.3485     0.4562
 393     1.5824   183.6972    -0.0409     0.8834     0.4747     1.1215     0.3573     0.2878     0.2842     0.3150     0.4044
 394     1.5841   185.3203    -0.2846     0.7209     0.6094     1.0445     0.2876     0.2718     0.2765     0.2778     0.3878
 395     1.5858   184.9218    -0.2330     0.2599     0.5883     0.5676     0.2801     0.2654     0.2561     0.2733     0.3688
 396     1.5874   186.0492    -0.5489     0.7352     1.4621     1.1592     0.3573     0.2780     0.3207     0.2916     0.4245
 397     1.5891   178.7321    -1.6564    -1.2270    -0.8405     2.4655     0.6622     0.5670     0.5837     0.6237     0.8138
 398     1.5908   168.3925    -2.1626    -1.1484    -5.5234     3.4573     1.0868     0.7581     0.7524     0.6751     1.0681
 399     1.5924   183.0645    -0.1234     0.7999     0.1654     0.9973     0.4255     0.4093     0.3927     0.3760     0.5672
 400     1.5941   184.1438     0.1310     0.6379     0.7495     1.0120     0.3256     0.2723     0.2680     0.2928     0.3821
 401     1.5958   181.9575    -0.5332     0.3325    -0.6128     0.8625     0.3553     0.2952     0.2931     0.3276     0.4160
 402     1.5975   178.9104    -1.0837     1.4352    -1.8411     2.0289     0.4655     0.3866     0.3864     0.3806     0.5466
 403     1.5991   182.3328    -1.0659     1.5597    -3.2085     2.1774     0.4418     0.4557     0.4142     0.4055     0.6158
 404     1.6008   182.4584    -1.9904    -0.5820    -0.2971     2.3631     0.4339     0.3973     0.4434     0.3892     0.5954
 405     1.6025   178.8518    -1.1966     1.1069     1.7730     2.1578     0.5526     0.4777     0.5342     0.4879     0.7167
 406     1.6042   177.5916    -2.9431    -2.7108     3.5670     4.2501     0.6171     0.5015     0.4801     0.5089     0.6942
 407     1.6058   178.6538    -2.8399    -2.0278    -0.4976     3.6268     0.4420     0.3368     0.3184     0.3983     0.4635
 408     1.6075   182.2761    -0.2979     0.6140     0.4335     0.8869     0.2824     0.2666     0.2668     0.2517     0.3772
 409     1.6092   182.0547    -0.2260     0.2984     0.2491     0.6652     0.2387     0.2395     0.2391     0.2337     0.3384
 410     1.6108   182.2069     0.2403     0.2441    -0.0687     0.6768     0.2490     0.2515     0.2596     0.2471     0.3614
 411     1.6125   181.6379    -0.1883     1.2249     0.0474     1.3366     0.2489     0.2433     0.2445     0.2440     0.3449
 412     1.6142   182.1637    -0.3772     0.5699     0.4268     0.9204     0.2458     0.2326     0.2460     0.2363     0.3386
 413     1.6159   181.4912    -0.0528     0.7441     0.3253     0.9812     0.2599     0.2394     0.2356     0.2372     0.3359
 414     1.6175   180.6883    -0.6185     0.3686     0.1856     0.9634     0.2589     0.2422     0.2434     0.2327     0.3434
 415     1.6192   182.5333    -0.3198    -1.2174    -0.4216     1.3537     0.3310     0.3134     0.3122     0.3142     0.4423
 416     1.6209   181.8541    -0.3835    -1.4547     0.3909     1.7230     0.4066     0.3742     0.3887     0.3743     0.5396
 417     1.6225   173.9890    -0.7675    -3.1660     0.4819     3.5554     0.7227     0.5862     0.5858     0.6002     0.8288
 418     1.6242   176.5271     0.1204    -4.0764    -1.2798     4.4760     1.2830     0.8323     0.8624     1.0505     1.1986
 419     1.6276   180.0017    -0.6559     5.4836    -2.7409     9.1556     6.1897     3.1395     2.6129     3.9148     4.0846
 420     1.6292   180.7545    -0.3780     0.7655     0.0745     1.0290     0.2476     0.2369     0.2585     0.2480     0.3506
 421     1.6309   180.8917    -0.1373     0.7659    -0.0941     0.9014     0.2490     0.2489     0.2506     0.2287     0.3532
 422     1.6326   180.7301    -0.2841     0.7444    -0.0516     0.9407     0.2383     0.2418     0.2487     0.2704     0.3469
 423     1.6342   180.4955    -0.1688     1.1232     0.0752     1.2565     0.2478     0.2342     0.2399     0.2457     0.3353
 424     1.6359   180.6162    -0.0617     1.2011     0.2405     1.2846     0.2487     0.2480     0.2437     0.2325     0.3477
 425     1.6376   179.9982     0.0029     0.8443     0.0680     0.9816     0.2711     0.2595     0.2354     0.2546     0.3504
 426     1.6393   180.6390    -0.1162     0.9451    -0.3150     1.0469     0.2563     0.2569     0.2472     0.2404     0.3566
 427     1.6409   180.3508    -0.3725     0.8845     0.3611     1.2140     0.2487     0.2435     0.2478     0.2214     0.3475
 428     1.6426   180.2914    -0.4652     0.6484     0.0023     0.9573     0.2558     0.2392     0.2570     0.2537     0.3510
 429     1.6443   180.2997     0.2755     0.4956    -0.1062     0.9775     0.2425     0.2643     0.2437     0.2831     0.3595
 430     1.6459   180.4294    -0.1355     1.3669    -0.4283     1.5105     0.2553     0.2724     0.2483     0.2447     0.3686
 431     1.6476   179.6001    -0.2208     1.3281     0.5821     1.4446     0.2654     0.2657     0.2734     0.2628     0.3812
