# Source: SwiftJ1727
# Position: RA=-98.069534 deg, Dec=-16.205324 deg
# MS: 1697283077_sdp_l0_1024ch_SwiftJ1727.ms
# Scan: all
# Start MJD: 60231.5280578663
# End MJD: 60231.5383312977
# Middle MJD: 60231.5331945820
# Duration: 0.2466 hours
# Columns: Channel Freq[GHz] I[mJy] Q[mJy] U[mJy] V[mJy] Plin[mJy] rms_I rms_Q rms_U rms_V rms_Plin
#
   0     0.9020   908.1303     0.8693    -2.5455    -0.5253     2.8677     0.6417     0.5408     0.4702     0.4637     0.7166
   1     0.9036   907.1754     0.8764    -4.2438     0.1421     4.4818     0.4809     0.3940     0.3679     0.3579     0.5390
   2     0.9053   906.6330     1.5952    -3.0897    -0.1992     3.5742     0.4607     0.3516     0.3881     0.3022     0.5237
   3     0.9070   905.8244     1.0970    -3.8036    -0.6940     4.0403     0.4707     0.3753     0.3738     0.3211     0.5297
   4     0.9087   906.8887     1.2147    -3.8599     0.2912     4.1780     0.4137     0.3529     0.3609     0.3064     0.5047
   5     0.9103   906.3718     1.2339    -4.1984     0.1431     4.4393     0.4614     0.3454     0.3895     0.3077     0.5205
   6     0.9120   906.0209     2.3151    -3.4962     0.0053     4.3298     0.4846     0.3762     0.3633     0.3362     0.5230
   7     0.9137   906.0912     1.4706    -3.9138    -0.4005     4.3392     0.4532     0.3639     0.3210     0.3470     0.4853
   8     0.9153   906.5455     1.9025    -3.7720    -0.3746     4.3028     0.4639     0.3356     0.3329     0.3468     0.4727
   9     0.9170   904.9507     0.8668    -4.0169     0.3209     4.2148     0.4573     0.3724     0.3664     0.3552     0.5224
  10     0.9187   905.9891     1.5612    -3.5271    -0.3059     3.9205     0.4780     0.3378     0.3567     0.3641     0.4912
  11     0.9204   905.4114     1.7056    -3.5350    -0.3124     4.0449     0.4288     0.3290     0.3549     0.3257     0.4839
  12     0.9220   905.9218     0.9377    -3.3692     0.4162     3.6041     0.4631     0.3428     0.3756     0.3417     0.5085
  13     0.9237   906.1383     1.9979    -3.5731     0.3893     4.1720     0.5043     0.3645     0.3322     0.3325     0.4932
  14     0.9254   904.4035     0.7777    -2.9791     0.0428     3.1468     0.4596     0.3488     0.3530     0.3099     0.4962
  15     0.9270   904.8760     1.2894    -2.6968     0.2040     3.1457     0.4584     0.3648     0.3878     0.3142     0.5324
  16     0.9287   905.0405     0.6494    -2.9754     1.1979     3.1443     0.4461     0.3275     0.3022     0.3337     0.4456
  17     0.9304   903.8950     0.9697    -2.4765    -0.4133     2.8473     0.4441     0.3348     0.3071     0.3648     0.4543
  18     0.9321   904.9409    -0.0812    -1.9581     0.2777     2.0344     0.4079     0.3644     0.3471     0.3628     0.5033
  19     0.9337   917.7943     2.2944    -0.1740     1.3316     3.5285     1.1975     1.0539     1.0928     1.0150     1.5182
  20     0.9354   913.4549    -0.8847    -2.7225    -6.8977    11.4640     7.8998     5.5257     5.4941     6.8185     7.7922
  21     0.9371   918.1118   -12.2660   -22.6287     2.7846    28.1369     5.7998     3.9493     3.0552     5.0533     4.9931
  22     0.9454   905.9025     3.0431    -3.1231    -5.5744    10.1715     5.9686     4.6593     4.3475     3.3575     6.3726
  23     0.9471   918.6781    -3.6724    -3.2311    -2.5140     6.3390     2.3532     1.8339     1.5982     1.8983     2.4326
  24     0.9488   921.9280    -0.8471    -2.6264     0.0659     3.2568     1.1169     0.6797     0.6937     0.6243     0.9711
  25     0.9504   903.1074     0.6346    -1.1426     0.2732     1.4685     0.4985     0.4160     0.3502     0.3508     0.5438
  26     0.9521   901.8738     0.8013    -1.4086    -0.6728     1.7526     0.3758     0.3325     0.3266     0.3464     0.4661
  27     0.9538   902.9627     1.3589    -1.0412    -0.2849     1.9452     0.4280     0.3595     0.3637     0.3228     0.5114
  28     0.9555   905.3528     2.4484    -1.4747     0.8255     3.0244     0.4840     0.3618     0.4046     0.4218     0.5428
  29     0.9571   905.0958     1.1803    -2.2335    -0.7260     2.7136     0.5428     0.3836     0.4448     0.3923     0.5873
  30     0.9588   905.9384     0.1254    -2.1207     0.2670     2.4956     0.4931     0.4367     0.4435     0.4592     0.6224
  31     0.9605   906.8719     0.7246    -1.1547     0.2473     1.9735     0.5322     0.4405     0.4239     0.4465     0.6113
  32     0.9622   900.9638     1.0370    -1.8959    -0.3051     2.3348     0.3693     0.3016     0.3470     0.3301     0.4597
  33     0.9638   899.3089     1.1553    -2.1207     0.4926     2.4523     0.3666     0.3172     0.3361     0.2979     0.4622
  34     0.9655   899.0905     0.3236    -1.6955    -0.1308     1.8899     0.4144     0.3265     0.3376     0.3211     0.4697
  35     0.9672   899.4010     0.8219    -1.4013     0.1172     1.9363     0.3911     0.3148     0.2955     0.3278     0.4318
  36     0.9688   898.3614     1.3086    -1.3450    -0.5414     2.0774     0.3780     0.3123     0.3150     0.3530     0.4435
  37     0.9705   899.0958     1.2052    -2.1235    -0.9296     2.4554     0.4123     0.3182     0.3280     0.3102     0.4569
  38     0.9722   898.8255     0.9453    -1.8221     0.2754     2.1978     0.3710     0.3447     0.3178     0.3321     0.4689
  39     0.9739   898.5828     1.0880    -1.8246     0.3077     2.2496     0.3875     0.3583     0.3128     0.3048     0.4757
  40     0.9755   898.5775     1.9950    -2.2978     0.2889     3.1482     0.3406     0.2680     0.3067     0.3109     0.4073
  41     0.9772   898.4063     1.6179    -0.9749     0.0898     2.0303     0.3667     0.3194     0.3600     0.2766     0.4813
  42     0.9789   898.0206     0.8867    -2.0154     0.2013     2.3690     0.3401     0.3282     0.3068     0.3212     0.4493
  43     0.9805   897.6718     1.0681    -2.0989    -0.2923     2.4670     0.3836     0.2749     0.2744     0.3078     0.3884
  44     0.9822   896.5924     1.1523    -1.4255    -0.5971     1.9533     0.3326     0.3137     0.3489     0.3159     0.4692
  45     0.9839   895.9680     1.4711    -2.2953    -0.6019     2.8538     0.3729     0.2777     0.2946     0.2734     0.4049
  46     0.9856   895.2477     1.1736    -1.9614    -0.0955     2.4276     0.3581     0.3051     0.2723     0.3044     0.4090
  47     0.9872   896.3594     1.4894    -1.8984    -0.0734     2.5876     0.3628     0.3049     0.3369     0.3199     0.4544
  48     0.9889   896.0016     1.5056    -2.3253    -0.3115     2.7538     0.3560     0.2727     0.3478     0.3214     0.4420
  49     0.9906   895.7717     1.8335    -2.3904     0.0139     3.0877     0.3852     0.2919     0.3161     0.2980     0.4303
  50     0.9922   896.1927     1.9537    -1.4436     0.3583     2.5676     0.3610     0.2873     0.3043     0.3009     0.4185
  51     0.9939   895.6376     1.4926    -1.5196    -0.1057     2.2658     0.3394     0.3043     0.3004     0.2999     0.4276
  52     0.9956   895.4595     1.6361    -2.1227     0.1686     2.7725     0.3285     0.2960     0.3082     0.3056     0.4273
  53     0.9973   894.5651     1.7114    -1.5588    -0.2065     2.4728     0.3715     0.3160     0.2630     0.3079     0.4111
  54     0.9989   894.1479     1.5492    -2.5323    -0.0912     3.0581     0.4009     0.2862     0.2803     0.2611     0.4006
  55     1.0006   895.0511     1.7333    -2.1713     0.2981     2.8635     0.3555     0.3120     0.2897     0.2762     0.4258
  56     1.0023   894.7700     1.1522    -2.4623    -0.3664     2.8031     0.4217     0.3140     0.2748     0.2887     0.4173
  57     1.0039   893.2036     1.7689    -2.1770     0.3124     2.9976     0.3736     0.3119     0.3054     0.3236     0.4366
  58     1.0056   893.0591     2.1481    -1.8026     0.1095     2.9834     0.3698     0.2956     0.3503     0.3032     0.4583
  59     1.0073   893.6099     1.4973    -1.5462    -0.0638     2.2246     0.3771     0.3498     0.2910     0.3164     0.4551
  60     1.0090   892.6001     1.6763    -1.8277     0.3055     2.6089     0.3565     0.3211     0.3630     0.2804     0.4847
  61     1.0106   893.3387     1.7801    -1.6219     0.3937     2.5330     0.3862     0.3338     0.3423     0.2833     0.4781
  62     1.0123   892.8136     2.7099    -2.3452    -0.2894     3.6516     0.3416     0.2895     0.2843     0.3209     0.4058
  63     1.0140   892.8782     2.1838    -1.6158    -0.1730     2.7425     0.3509     0.2934     0.2625     0.3007     0.3937
  64     1.0157   894.4016     2.0879    -1.0340     0.2585     2.5145     0.3321     0.2983     0.3063     0.2923     0.4276
  65     1.0173   892.7177     1.6159    -1.7285     0.1488     2.6318     0.3471     0.2854     0.2929     0.3024     0.4089
  66     1.0190   892.5858     0.9616    -0.9726     0.1692     1.6096     0.3507     0.3114     0.2917     0.2911     0.4267
  67     1.0207   892.3233     0.9146    -1.2405     0.3738     1.6984     0.3418     0.2928     0.2957     0.2736     0.4161
  68     1.0223   892.6901     1.0394    -0.4179    -0.0720     1.3723     0.2797     0.3116     0.3254     0.3028     0.4505
  69     1.0240   893.5235     1.9676    -1.0478    -0.3327     2.3145     0.3408     0.3319     0.3270     0.2823     0.4659
  70     1.0257   892.9213     1.8281    -1.3885    -0.4822     2.4940     0.3482     0.2696     0.2974     0.3222     0.4014
  71     1.0274   891.9992     1.0239    -1.4432     0.4623     1.9734     0.3477     0.3248     0.2981     0.2818     0.4409
  72     1.0290   889.6513     2.8855    -3.9309     0.0832     4.9826     0.4396     0.3533     0.3673     0.3092     0.5097
  73     1.0307   891.2951     2.8037    -3.4047     0.1337     4.4414     0.4646     0.3767     0.3622     0.3880     0.5226
  74     1.0324   892.9232     1.5848    -2.0005    -0.0830     2.6049     0.3765     0.3284     0.3059     0.2805     0.4488
  75     1.0340   891.9417     1.7211    -1.5104    -0.1123     2.4748     0.3359     0.3119     0.2901     0.3126     0.4259
  76     1.0357   891.6156     1.6792    -1.3008     0.2103     2.3254     0.3408     0.2865     0.3233     0.2918     0.4320
  77     1.0374   891.5856     2.4448    -0.7372    -0.3766     2.7016     0.3408     0.3207     0.2985     0.2943     0.4381
  78     1.0391   891.0928     1.6182    -1.1597     0.1642     2.1003     0.3753     0.3047     0.3151     0.2739     0.4383
  79     1.0407   890.2993     1.9789    -1.2130    -0.0147     2.3369     0.3369     0.2928     0.3052     0.3526     0.4229
  80     1.0424   890.3476     1.2655    -0.7616     0.0338     1.6197     0.3371     0.2813     0.2901     0.2950     0.4040
  81     1.0441   888.9332     1.9474    -1.0221     0.0728     2.2663     0.3416     0.3156     0.3255     0.3232     0.4533
  82     1.0457   888.9666     1.3739    -0.4782    -0.0066     1.6754     0.3696     0.2852     0.2900     0.2977     0.4067
  83     1.0474   888.6965     2.3240    -0.7788     0.3879     2.6793     0.3357     0.2802     0.3152     0.3557     0.4218
  84     1.0491   888.7414     1.5733    -0.8960    -0.6161     1.9479     0.4166     0.3041     0.2981     0.3161     0.4259
  85     1.0508   888.9853     1.9852    -0.8272    -0.3509     2.3382     0.3534     0.2752     0.2840     0.2887     0.3955
  86     1.0524   888.4348     1.6138    -1.4963    -0.3434     2.3161     0.3607     0.2978     0.2908     0.2878     0.4162
  87     1.0541   888.8260     2.0091    -0.6582     0.7028     2.2450     0.3506     0.2913     0.2978     0.2578     0.4165
  88     1.0558   888.2394     2.1153    -1.1592     0.4232     2.5252     0.3573     0.2888     0.2997     0.3155     0.4162
  89     1.0574   888.6560     1.8873    -1.1964     0.0656     2.4869     0.3654     0.2777     0.2884     0.2608     0.4004
  90     1.0591   888.9449     1.4196    -0.9210    -0.3685     1.8250     0.3379     0.2764     0.3036     0.3262     0.4106
  91     1.0608   887.8432     1.7902    -0.8183    -0.2076     2.1262     0.3289     0.2802     0.2767     0.2840     0.3938
  92     1.0625   888.0666     2.3456    -1.3454     0.2809     2.9383     0.3641     0.2613     0.3204     0.3157     0.4134
  93     1.0641   888.0947     1.6622    -1.3281     0.1793     2.2402     0.3728     0.2984     0.2759     0.2653     0.4064
  94     1.0658   887.7937     1.9324    -0.8721    -0.2784     2.3122     0.3070     0.2762     0.2799     0.2873     0.3932
  95     1.0675   887.8180     1.5272    -1.5561    -0.0337     2.3073     0.3622     0.3240     0.3171     0.2836     0.4534
  96     1.0692   887.3625     0.9801    -0.8978    -0.2697     1.4675     0.3423     0.3004     0.3043     0.2788     0.4276
  97     1.0708   886.9954     1.4015    -1.4772     0.0887     2.1899     0.3712     0.2729     0.3135     0.3115     0.4156
  98     1.0725   886.1974     2.1008    -1.2304     0.1748     2.5604     0.3584     0.2602     0.3117     0.2724     0.4061
  99     1.0742   886.6463     1.1215    -1.7141    -0.0108     2.1287     0.3617     0.2862     0.2775     0.2889     0.3987
 100     1.0758   887.3258     2.0492    -0.5696     0.0688     2.3006     0.3674     0.3258     0.2786     0.2639     0.4287
 101     1.0775   887.6330     1.4491    -0.1014     0.1817     1.7068     0.3195     0.2521     0.2707     0.2909     0.3699
 102     1.0792   887.9277     0.9663    -0.3694    -0.2069     1.1243     0.3342     0.2798     0.3135     0.3060     0.4202
 103     1.0809   886.3947     1.1826    -0.9700    -0.0105     1.6673     0.3266     0.2935     0.2897     0.2856     0.4124
 104     1.0825   884.2399     1.5712    -2.3442     0.1567     2.9064     0.3671     0.2843     0.3211     0.3125     0.4289
 105     1.0842   885.1143     1.6353    -2.7257    -0.2786     3.2674     0.3563     0.2822     0.3137     0.2769     0.4220
 106     1.0859   885.4421     1.6731    -1.9577     0.4948     2.6371     0.3651     0.2891     0.3302     0.2926     0.4389
 107     1.0875   898.1799    -1.0675    -0.9349     0.3495     2.1818     1.0179     0.7923     0.8469     0.7860     1.1598
 108     1.0926   891.0968     2.0000    -2.0506     0.3292     3.5552     0.8971     0.6396     0.6238     0.6497     0.8934
 109     1.0942   885.8226     1.3291    -0.2300     0.1138     1.5001     0.3952     0.2792     0.2994     0.2651     0.4094
 110     1.0959   885.2190     0.9081    -0.4407    -0.2605     1.2167     0.3589     0.2823     0.2853     0.2743     0.4014
 111     1.0976   884.3204     1.4668    -0.7495    -0.3325     1.8205     0.3755     0.2752     0.3012     0.2949     0.4081
 112     1.0992   884.7775     1.7641    -0.3281    -0.0459     1.9689     0.3401     0.2956     0.3257     0.3008     0.4398
 113     1.1009   885.0970     1.6398    -0.3751    -0.2897     1.9294     0.2904     0.2733     0.3192     0.2461     0.4203
 114     1.1026   884.8021     1.5839    -1.8550     0.3838     2.5355     0.3912     0.3686     0.3361     0.3198     0.4988
 115     1.1043   885.4985     1.6858    -0.8418     0.1954     1.9279     0.3642     0.3146     0.2955     0.2721     0.4316
 116     1.1059   884.5122     0.9156    -0.8893     0.1063     1.3903     0.3609     0.2718     0.2880     0.3154     0.3960
 117     1.1076   883.1332     0.8192    -0.3459    -0.2747     1.1666     0.3766     0.2874     0.3175     0.3038     0.4283
 118     1.1093   883.9639     1.0795    -1.1832     0.1796     1.6876     0.3450     0.2972     0.2884     0.2581     0.4141
 119     1.1109   883.8804     0.9987    -0.4655     0.2520     1.3124     0.3613     0.3016     0.2722     0.2781     0.4062
 120     1.1126   883.7779     1.3994    -0.8341    -0.0774     1.7691     0.4137     0.2944     0.3239     0.3050     0.4377
 121     1.1143   884.0512     0.3250    -0.3047     0.1716     0.8881     0.3459     0.2768     0.3078     0.2808     0.4139
 122     1.1160   883.9492     1.7610    -0.1854    -0.1813     1.9115     0.3567     0.2751     0.2884     0.2503     0.3986
 123     1.1176   883.4470     0.9296    -0.6522    -0.0434     1.4340     0.3090     0.2826     0.2982     0.2803     0.4109
 124     1.1193   883.1570     0.9564    -0.8420     0.3926     1.4207     0.3361     0.2680     0.2751     0.2716     0.3841
 125     1.1210   882.2474     1.7698    -1.2974    -0.3421     2.2818     0.3151     0.2979     0.2754     0.2884     0.4058
 126     1.1227   882.9933     0.8136    -0.9596    -0.3812     1.4716     0.3443     0.2997     0.2769     0.2750     0.4080
 127     1.1243   882.3290     1.6343    -1.0427     0.0837     2.0250     0.3507     0.3196     0.3045     0.3102     0.4414
 128     1.1260   882.7347     1.6465    -0.1700    -0.6175     1.8186     0.3419     0.2788     0.3242     0.3087     0.4276
 129     1.1277   880.4526     1.8678    -1.6141    -0.1407     2.7155     0.3594     0.3226     0.3288     0.3057     0.4606
 130     1.1293   882.4931     1.3855    -0.0430    -0.0530     1.5716     0.3560     0.3179     0.2975     0.2785     0.4354
 131     1.1310   882.2786     1.0579    -0.4863     0.1977     1.3396     0.3061     0.3060     0.2606     0.2725     0.4019
 132     1.1327   882.4247     0.6036    -0.3186     0.0891     1.0497     0.3417     0.2778     0.2530     0.2474     0.3758
 133     1.1344   883.1155     1.9399    -0.9384    -0.4438     2.2641     0.4028     0.2815     0.2696     0.2944     0.3898
 134     1.1360   879.6309     2.7888    -3.1774    -0.7394     4.1930     0.5772     0.4046     0.4336     0.3827     0.5930
 135     1.1377   879.6728     2.1865    -1.9955    -0.0024     3.0134     0.5287     0.3811     0.3640     0.3482     0.5270
 136     1.1394   882.1229     1.2739    -0.7972     0.0276     1.5972     0.3282     0.3115     0.2838     0.2495     0.4214
 137     1.1410   881.5848     1.5421    -0.7247     0.3115     1.8489     0.3308     0.3034     0.2985     0.3105     0.4256
 138     1.1427   882.3644     1.7785    -0.8473    -0.0955     2.0457     0.3602     0.3022     0.2825     0.3114     0.4137
 139     1.1444   883.5789     1.3645    -0.5755    -0.0280     1.7823     0.3728     0.3196     0.3273     0.3347     0.4575
 140     1.1461   882.3936     1.7665    -1.1809    -0.1366     2.2000     0.5003     0.3229     0.3571     0.3527     0.4814
 141     1.1477   881.1774     1.6140    -0.7186    -0.3601     1.9363     0.4576     0.4042     0.3566     0.3213     0.5390
 142     1.1494   881.3138     2.3009    -1.2307    -0.0080     2.6804     0.5007     0.3310     0.3615     0.3494     0.4901
 143     1.1511   881.4566     1.5077    -1.1749     0.0138     2.1656     0.3976     0.2982     0.3277     0.3416     0.4431
 144     1.1527   881.1878     1.9212    -0.6026    -0.3210     2.2153     0.3559     0.3090     0.3163     0.3016     0.4422
 145     1.1544   880.6266     2.1371    -1.0368    -0.0466     2.5154     0.3515     0.2983     0.2742     0.2954     0.4051
 146     1.1561   879.4568     2.2214    -1.4082     0.3806     2.6901     0.3132     0.2934     0.2783     0.2783     0.4044
 147     1.1578   879.9530     1.6998    -0.9021     0.2885     2.0107     0.3522     0.2891     0.2925     0.2737     0.4112
 148     1.1594   881.7018     1.3223    -0.4779     0.1198     1.5087     0.3822     0.3105     0.2853     0.3296     0.4216
 149     1.1611   880.3100     2.0845    -0.7375    -0.2295     2.3508     0.4045     0.2976     0.3579     0.3572     0.4655
 150     1.1628   880.5743     1.6237    -0.8248     0.0130     2.0066     0.4220     0.3014     0.3367     0.3105     0.4519
 151     1.1644   880.6883     1.7437    -0.8073    -0.3808     1.9985     0.4129     0.2925     0.3178     0.3015     0.4319
 152     1.1661   880.0778     2.0855    -0.1482     0.2572     2.2197     0.3499     0.2985     0.3195     0.2835     0.4372
 153     1.1678   884.1543     1.8856    -1.3329    -0.4150     2.3692     0.4369     0.3514     0.3698     0.4067     0.5101
 154     1.1695   887.7338     1.8371    -0.1579     1.2513     3.2823     1.2931     0.9818     1.2788     1.1435     1.6122
 155     1.1711   892.5355     6.7128   -18.0462     9.3986    26.0403     7.6153     6.0360     5.2482     4.1165     7.9985
 156     1.1812   918.4853     0.7954   -16.2951    -7.1257    25.2986    21.0374     5.3073    12.3015     8.9526    13.3975
 157     1.1828   893.2077     5.0903    -0.7368     0.0658     6.5455     2.2457     1.7959     1.8175     1.7501     2.5551
 158     1.1845   883.1614     1.2033     0.4996     0.5340     1.7333     0.5981     0.4461     0.5103     0.4826     0.6778
 159     1.1862   881.2323     1.0793    -0.6931     0.0114     1.5187     0.4003     0.3214     0.2975     0.3193     0.4379
 160     1.1879   878.4161     1.7626    -1.7845    -0.0043     2.6790     0.4145     0.2956     0.3172     0.3550     0.4336
 161     1.1895   877.6162     1.5369    -0.8424     0.0031     2.0152     0.4039     0.2918     0.3342     0.3865     0.4436
 162     1.1912   875.7628     1.8660     0.0904     0.0755     2.0049     0.5270     0.3498     0.3495     0.3510     0.4944
 163     1.1929   878.3565     1.5568    -1.3639    -0.3353     2.2054     0.4596     0.3306     0.3605     0.3565     0.4891
 164     1.1945   880.1240     1.2729    -0.8556     0.0146     1.6876     0.4021     0.3319     0.3503     0.3096     0.4826
 165     1.1962   878.8363     1.7812    -1.2182     0.0630     2.4178     0.4076     0.3185     0.3131     0.3225     0.4466
 166     1.1979   881.2468     1.2816    -1.6635    -0.1997     2.1529     0.4128     0.3255     0.3011     0.3432     0.4434
 167     1.1996   880.5178     1.0209    -0.0678     0.2201     1.1954     0.4906     0.3543     0.3776     0.4301     0.5178
 168     1.2012   881.1994     1.4688    -0.9534     0.0279     1.9692     0.7026     0.5166     0.5350     0.5615     0.7437
 169     1.2029   880.4772     2.9302     0.8323     0.7154     3.2963     1.0342     0.6772     0.8252     0.7921     1.0675
 170     1.2046   890.5658     1.3821     1.9055     0.4358     3.1761     1.3044     0.8659     0.9767     0.8983     1.3053
 171     1.2062   888.0125     1.7575     2.3517    -0.3883     3.5800     1.5775     1.1608     1.2473     1.4903     1.7039
 172     1.2079   884.7978     1.8395     1.5868    -2.0881     3.6583     1.6427     0.9996     1.2822     1.2627     1.6258
 173     1.2096   889.6589    -0.2213    -0.0294     0.5803     2.4617     1.3834     0.8587     0.8461     0.8385     1.2055
 174     1.2113   880.6527     0.0135    -0.2073     1.2420     1.3269     0.9354     0.6901     0.6064     0.6663     0.9187
 175     1.2129   878.7180     1.1049     0.1262     0.2004     1.5395     0.7074     0.4403     0.4904     0.5185     0.6591
 176     1.2146   879.5878     1.5611    -0.9397    -0.2005     2.2290     0.4566     0.3764     0.3709     0.3978     0.5284
 177     1.2163   879.1752     2.1061    -0.8979     0.2615     2.4321     0.4738     0.3281     0.3404     0.3603     0.4727
 178     1.2179   876.1394     1.4414    -1.3135    -0.0670     2.1263     0.4482     0.3449     0.3288     0.3351     0.4765
 179     1.2196   878.5182     0.2719    -0.4597     0.0563     0.9005     0.4849     0.3769     0.3237     0.3427     0.4968
 180     1.2213   877.8479     0.5397    -0.7106    -0.9768     1.2647     0.4902     0.3517     0.4123     0.4323     0.5420
 181     1.2230   877.9042     1.1616     0.0196     0.2131     1.8006     0.5663     0.3983     0.4319     0.4587     0.5875
 182     1.2246   881.2438     0.5247     0.6905     0.3124     1.2696     0.6459     0.4489     0.4309     0.5169     0.6222
 183     1.2263   878.7990     0.5160     1.3513     1.9599     1.7541     0.8044     0.5674     0.5620     0.6340     0.7986
 184     1.2280   872.7028     1.4002    -0.1907    -1.8592     2.0705     0.8844     0.7933     0.8176     0.7911     1.1393
 185     1.2297   880.6354     1.4522     1.2156    -0.3443     2.1186     0.7004     0.4290     0.4656     0.5578     0.6331
 186     1.2313   877.6534     1.1336     0.0014    -0.8697     1.4716     0.6307     0.4036     0.4336     0.4534     0.5923
 187     1.2330   877.8034     0.8604    -0.3013    -0.6934     1.1301     0.5795     0.3757     0.4112     0.4368     0.5570
 188     1.2347   876.8697     1.6759    -1.0279    -0.1507     2.1916     0.5528     0.3521     0.3696     0.3838     0.5105
 189     1.2363   875.8560     2.1259    -1.2906     1.0110     2.6625     0.4739     0.3476     0.3381     0.4114     0.4850
 190     1.2380   875.9940     1.9426    -0.7892     0.0023     2.3792     0.3847     0.3313     0.3017     0.3263     0.4481
 191     1.2397   876.5529     1.9910    -0.8771    -0.3959     2.2461     0.3818     0.2975     0.3085     0.3234     0.4286
 192     1.2414   877.6438     1.5978    -1.0873    -0.1207     2.0970     0.3686     0.3095     0.3035     0.3145     0.4335
 193     1.2430   875.3754     2.2958    -1.1977     0.9046     2.8071     0.5554     0.4208     0.4316     0.4423     0.6028
 194     1.2447   876.7142     1.5424    -0.0869     0.2161     1.6806     0.5324     0.3663     0.4089     0.4074     0.5490
 195     1.2464   876.7375     1.5036     0.2066     1.7353     1.8690     0.6580     0.4265     0.4792     0.4721     0.6415
 196     1.2480   876.7842     2.8645    -3.0325    -0.5926     4.1791     0.5404     0.4011     0.4185     0.4041     0.5797
 197     1.2497   878.2414     1.7633    -1.3273    -0.2904     2.3287     0.4060     0.3083     0.3299     0.3220     0.4516
 198     1.2514   874.7447     1.7511     0.0103    -0.3383     1.8299     0.3730     0.2848     0.3084     0.2869     0.4197
 199     1.2531   875.1909     0.8513    -0.0924     1.0199     1.1335     0.3893     0.3292     0.3038     0.3236     0.4480
 200     1.2547   875.3261     1.4952    -0.0390     0.0641     1.6672     0.3751     0.3299     0.3294     0.3394     0.4662
 201     1.2564   874.8776     1.7070    -0.0424    -0.4049     1.7069     0.3780     0.2667     0.3039     0.2969     0.4043
 202     1.2581   875.7730     1.3094    -0.3214    -0.1359     1.4224     0.3345     0.2693     0.2886     0.2987     0.3947
 203     1.2597   876.2437     1.3057    -1.4520    -0.5200     2.1088     0.3620     0.3435     0.3070     0.2776     0.4607
 204     1.2614   877.8054     1.7329    -1.2440     0.8665     2.3477     0.5713     0.4300     0.4533     0.3997     0.6248
 205     1.2631   882.6865     3.0709    -1.2268    -1.2454     3.8410     0.8337     0.5813     0.7231     0.6706     0.9278
 206     1.2648   895.7999     0.3064     3.2700    -1.2048     3.8222     1.6974     0.9498     1.1736     1.0709     1.5098
 207     1.2664   882.7038     1.1027     2.8679     0.9251     4.7898     2.5429     1.8448     2.1866     1.8065     2.8608
 208     1.2681   869.0460     0.8569     4.4909     1.0798     7.4322     3.6225     2.6207     3.2515     2.4537     4.1762
 209     1.2698   882.4871    -1.5772     6.4096    -2.4544     8.1997     2.3416     2.0709     1.8453     1.9366     2.7738
 210     1.2714   877.5316     1.3953     1.6390     0.3106     3.0991     1.7714     1.1666     1.4250     1.2533     1.8416
 211     1.2731   888.1916    -0.4365    -0.5067    -0.1578     1.7114     0.9319     0.8603     0.8107     0.8766     1.1821
 212     1.2748   884.6042     1.7382    -1.8832     0.0942     2.7418     0.7702     0.6599     0.6252     0.6445     0.9090
 213     1.2765   880.8209     0.9825     0.5365     0.6035     2.0406     0.9637     0.6183     0.6902     0.6923     0.9266
 214     1.2781   873.7714    -0.3142    -1.6338     0.2094     4.0119     1.6770     0.9758     1.2170     0.9648     1.5599
 215     1.2798   879.3498     0.3159    -1.2422     0.2348     2.8737     1.1183     0.9505     0.8874     0.9205     1.3003
 216     1.2815   872.9787     2.3555    -1.6863     0.4467     3.3321     0.8391     0.6654     0.5602     0.6159     0.8698
 217     1.2832   879.3809     2.4735    -1.7006     0.1356     3.2492     0.5592     0.3718     0.3750     0.3787     0.5281
 218     1.2848   879.5446     3.2278     0.5060    -0.4158     3.3342     0.5637     0.4462     0.4298     0.4250     0.6195
 219     1.2865   883.4922     5.5330     0.1227     1.5683     6.2523     1.7590     1.3781     1.4827     1.3523     2.0243
 220     1.2882   883.2559     4.9746    -1.9690     0.9584     7.7789     2.8883     3.4530     1.9633     2.6520     3.9721
 221     1.2898   882.1783     0.2074     0.1809     2.3066     5.8240     2.5678     2.5235     2.2451     2.2019     3.3776
 222     1.2915   882.0547    -0.5248     0.3921    -0.5578     2.9107     2.6692     2.1215     1.9171     2.2112     2.8593
 223     1.2932   881.8752     3.3843    -0.2568    -0.8482     3.5813     0.7063     0.5766     0.6744     0.5733     0.8873
 224     1.2949   875.6500     1.7973    -1.2773    -0.3812     2.3895     0.3560     0.3057     0.3196     0.3136     0.4422
 225     1.2965   875.2691     1.9164    -1.2209     0.3688     2.4409     0.3975     0.3346     0.3019     0.3480     0.4507
 226     1.2982   873.9389     1.2064    -1.6214     0.2870     2.1555     0.3382     0.2870     0.3249     0.2908     0.4335
 227     1.2999   873.4421     1.8459    -2.3558     0.1612     3.0979     0.3236     0.2881     0.2724     0.2947     0.3965
 228     1.3015   873.1114     2.5308    -1.2714    -0.3715     2.8986     0.3324     0.2826     0.3021     0.2893     0.4136
 229     1.3032   873.1507     2.0027    -1.5092    -0.0642     2.6954     0.3420     0.2660     0.2603     0.2668     0.3722
 230     1.3049   872.3404     1.8030    -1.4851    -0.4183     2.4265     0.3208     0.2701     0.2574     0.2702     0.3731
 231     1.3066   872.0059     1.7754    -1.1360     0.0676     2.2291     0.2876     0.2581     0.2730     0.2416     0.3757
 232     1.3082   872.5439     1.9636    -1.1137    -0.0979     2.3278     0.3275     0.2575     0.2437     0.2584     0.3546
 233     1.3099   872.1738     1.6535    -1.1484    -0.4893     2.0558     0.2860     0.2529     0.2661     0.2520     0.3671
 234     1.3116   871.5423     1.6814    -1.6484    -0.0229     2.3804     0.2932     0.2545     0.2568     0.2296     0.3615
 235     1.3132   871.8960     1.8680    -1.2875    -0.2546     2.3479     0.3184     0.2500     0.2422     0.2429     0.3481
 236     1.3149   871.6616     1.8699    -1.6438     0.1732     2.5261     0.2860     0.2426     0.2522     0.2467     0.3499
 237     1.3166   871.6760     1.5967    -0.5019     0.3562     1.7289     0.2897     0.2397     0.2359     0.2417     0.3363
 238     1.3183   871.1343     1.4106    -1.4735    -0.1815     2.0880     0.2841     0.2583     0.2391     0.2502     0.3520
 239     1.3199   870.7875     1.9367    -1.1390    -0.0545     2.3297     0.2515     0.2342     0.2536     0.2587     0.3452
 240     1.3216   870.9379     1.9772    -1.7108     0.0746     2.6476     0.2875     0.2785     0.2582     0.2467     0.3798
 241     1.3233   871.8507     2.0060    -1.2497     0.2569     2.5143     0.3102     0.2109     0.2480     0.2592     0.3255
 242     1.3249   871.1403     1.8645    -1.9913     0.2851     2.7651     0.3000     0.2524     0.2550     0.2194     0.3588
 243     1.3266   870.7496     1.8470    -1.2157    -0.0437     2.2936     0.2948     0.2261     0.2514     0.2447     0.3381
 244     1.3283   871.3592     1.9757    -1.7678    -0.1155     2.6848     0.2974     0.2443     0.2515     0.2498     0.3507
 245     1.3300   871.3129     1.7307    -1.6700    -0.0223     2.4788     0.2777     0.2403     0.2297     0.2501     0.3325
 246     1.3316   871.0926     1.2903    -1.7233    -0.2460     2.3021     0.2971     0.2619     0.2621     0.2755     0.3705
 247     1.3333   870.9319     1.9115    -1.0260     0.2362     2.2343     0.2988     0.2433     0.2341     0.2440     0.3377
 248     1.3350   870.6123     1.7322    -1.0131    -0.0608     2.0048     0.2919     0.2340     0.2567     0.2581     0.3473
 249     1.3367   870.1880     1.5568    -0.8772     0.0866     1.8435     0.2941     0.2397     0.2623     0.2322     0.3554
 250     1.3383   870.1102     1.3499    -1.2133     0.2237     2.1163     0.2700     0.2373     0.2273     0.2310     0.3286
 251     1.3400   870.6154     1.5655    -1.1850     0.2527     2.0613     0.2806     0.2419     0.2431     0.2461     0.3429
 252     1.3417   870.3318     1.2332    -1.4988     0.1421     2.0104     0.3010     0.2413     0.2208     0.2360     0.3271
 253     1.3433   870.0635     1.5903    -0.7384    -0.4361     1.8391     0.2932     0.2326     0.2438     0.2448     0.3369
 254     1.3450   870.2500     1.6185    -0.9300    -0.0144     1.9058     0.2596     0.2245     0.2305     0.2314     0.3218
 255     1.3467   870.1528     1.8822    -0.9789    -0.2059     2.1698     0.2823     0.2509     0.2325     0.2395     0.3421
 256     1.3484   869.8484     1.9537    -1.2288     0.0679     2.3645     0.2972     0.2300     0.2754     0.2482     0.3588
 257     1.3500   870.7311     2.4672    -0.7648    -0.0681     2.6477     0.2758     0.2365     0.2360     0.2313     0.3341
 258     1.3517   869.8358     1.9003    -1.4208     0.0147     2.4325     0.2690     0.2283     0.2280     0.2222     0.3227
 259     1.3534   870.3282     1.8419    -0.8696    -0.0165     2.1803     0.2881     0.2517     0.2236     0.2420     0.3367
 260     1.3550   869.6502     2.1755    -1.0015    -0.0758     2.4830     0.3076     0.2601     0.2644     0.2434     0.3709
 261     1.3567   870.1200     2.2402    -0.9320     0.4095     2.5742     0.2682     0.2347     0.2559     0.2442     0.3473
 262     1.3584   870.0619     2.2738    -0.9694    -0.0079     2.5458     0.2748     0.2454     0.2194     0.2426     0.3292
 263     1.3601   869.8193     2.2226    -0.8076    -0.1828     2.4302     0.2674     0.2457     0.2335     0.2423     0.3390
 264     1.3617   869.3185     2.5142    -1.2847    -0.0133     2.8851     0.2760     0.2419     0.2479     0.2322     0.3464
 265     1.3634   869.5005     2.2044    -0.9421     0.1906     2.5004     0.2736     0.2451     0.2388     0.2477     0.3422
 266     1.3651   869.4670     2.1346    -1.0396     0.0357     2.4528     0.2748     0.2397     0.2453     0.2490     0.3430
 267     1.3667   868.8342     1.7565    -0.9335    -0.3703     2.1282     0.2872     0.2500     0.2460     0.2458     0.3508
 268     1.3684   869.2029     1.9060    -1.3243     0.5459     2.3882     0.2930     0.2477     0.2414     0.2325     0.3459
 269     1.3701   869.4583     2.1327    -0.4438    -0.5035     2.2744     0.3021     0.2285     0.2571     0.2173     0.3440
 270     1.3718   869.4030     2.5816    -0.7869     0.0023     2.7270     0.2805     0.2447     0.2551     0.2107     0.3535
 271     1.3734   868.6159     2.6475    -0.9106     0.0067     2.8457     0.2795     0.2481     0.2290     0.2323     0.3377
 272     1.3751   868.5384     2.9916    -1.2313     0.2745     3.3010     0.2627     0.2278     0.2248     0.2521     0.3201
 273     1.3768   869.0468     1.9919    -1.2387    -0.0514     2.4224     0.2838     0.2412     0.2445     0.2485     0.3435
 274     1.3784   868.6546     1.9056    -1.4094     0.1664     2.4535     0.3013     0.2656     0.2534     0.2374     0.3671
 275     1.3801   868.4449     2.2270    -1.2842    -0.2351     2.6479     0.2553     0.2237     0.2551     0.2246     0.3393
 276     1.3818   868.5181     2.7411    -1.1422    -0.1728     3.0367     0.2915     0.2108     0.2439     0.2533     0.3223
 277     1.3835   868.7643     2.3226    -0.4028     0.0124     2.4026     0.2853     0.2280     0.2633     0.2358     0.3483
 278     1.3851   868.3538     2.9625    -0.7291    -0.1385     3.1319     0.2861     0.2411     0.2190     0.2320     0.3258
 279     1.3868   868.6316     2.4639    -0.8478    -0.3128     2.6718     0.2756     0.2324     0.2256     0.2284     0.3239
 280     1.3885   868.4199     2.6366    -0.9112     0.3037     2.8806     0.2852     0.2393     0.2331     0.2214     0.3341
 281     1.3902   868.3750     2.9772     0.0368     0.2953     3.0277     0.2898     0.2482     0.2509     0.2324     0.3529
 282     1.3918   868.6200     2.5984    -1.1310    -0.2964     2.9110     0.2695     0.2354     0.2472     0.2512     0.3413
 283     1.3935   867.7739     2.9077     0.3630    -0.1186     3.0135     0.2900     0.2468     0.2817     0.2389     0.3745
 284     1.3952   868.2119     2.9692    -0.4977     0.2138     3.0845     0.2780     0.2139     0.2410     0.2290     0.3223
 285     1.3968   867.9796     2.7926    -0.3791     0.4216     2.9247     0.2860     0.2366     0.2620     0.2323     0.3530
 286     1.3985   868.1963     3.1618    -0.3467     0.0622     3.2735     0.2957     0.2411     0.2334     0.2280     0.3356
 287     1.4002   867.9491     2.7992     0.0626     0.1162     2.8517     0.2636     0.2232     0.2576     0.2588     0.3409
 288     1.4019   867.8896     3.0216    -0.3633    -0.0517     3.1230     0.2595     0.2519     0.2232     0.2232     0.3366
 289     1.4035   867.6281     2.9778    -0.6498     0.0686     3.1783     0.2743     0.2244     0.2600     0.2425     0.3435
 290     1.4052   867.8461     2.7019    -0.1192     0.0543     2.7373     0.2923     0.2485     0.2286     0.2311     0.3376
 291     1.4069   867.5149     3.0259     0.2178     0.2784     3.1099     0.2792     0.2263     0.2539     0.2336     0.3401
 292     1.4085   867.4849     3.0750    -0.3123    -0.4622     3.1847     0.2763     0.2444     0.2374     0.2263     0.3408
 293     1.4102   867.5162     3.3491     0.0131    -0.0083     3.3924     0.2734     0.2436     0.2572     0.2621     0.3543
 294     1.4119   867.3165     3.1993     0.1850     0.3953     3.2506     0.2907     0.2321     0.2498     0.2509     0.3409
 295     1.4136   867.4604     3.1090    -0.0172    -0.4116     3.2216     0.2904     0.2126     0.2377     0.2161     0.3190
 296     1.4152   867.7667     3.2270     0.1246     0.0602     3.2941     0.2769     0.2511     0.2206     0.2593     0.3343
 297     1.4169   867.5409     3.3762     0.2919    -0.0024     3.4694     0.2707     0.2383     0.2417     0.2200     0.3394
 298     1.4236   867.4064     3.4100     0.3370    -0.0889     3.4568     0.2742     0.2430     0.2280     0.2399     0.3332
 299     1.4253   867.1763     2.9520    -0.2801     0.3022     3.0522     0.2712     0.2222     0.2579     0.2442     0.3404
 300     1.4269   867.5331     3.3111     0.3163    -0.3504     3.3865     0.2734     0.2306     0.2423     0.2535     0.3345
 301     1.4286   866.6089     3.2636     0.0524     0.0176     3.3072     0.3032     0.2383     0.2273     0.2466     0.3293
 302     1.4303   867.4601     2.9595     0.6985     0.1229     3.1708     0.2758     0.2234     0.2423     0.2105     0.3296
 303     1.4319   867.4449     3.2309    -0.2658    -0.0323     3.3139     0.2789     0.2524     0.2332     0.2162     0.3436
 304     1.4336   867.4680     3.2739     0.0274     0.0246     3.3775     0.2833     0.2274     0.2541     0.2533     0.3410
 305     1.4353   866.5978     3.2216     0.5394     0.2222     3.3569     0.2943     0.2663     0.2420     0.2403     0.3598
 306     1.4370   866.7042     3.3724     0.1531    -0.1796     3.4647     0.2921     0.2476     0.2439     0.2257     0.3475
 307     1.4386   866.6798     3.0506     0.1798    -0.0138     3.1494     0.2720     0.2366     0.2428     0.2719     0.3390
 308     1.4403   866.7451     3.5197     0.3530     0.2300     3.5748     0.2772     0.2328     0.2516     0.2255     0.3428
 309     1.4420   866.3582     3.4417    -0.1503     0.2287     3.5485     0.2739     0.2440     0.2426     0.2610     0.3441
 310     1.4437   866.8085     3.4720     0.1634    -0.2410     3.5236     0.2740     0.2300     0.2392     0.2379     0.3318
 311     1.4453   866.6058     3.6450     0.0400    -0.0289     3.7069     0.2911     0.2447     0.2411     0.2387     0.3436
 312     1.4470   866.6478     3.4035     0.5834     0.2282     3.5754     0.3163     0.2452     0.2348     0.2531     0.3395
 313     1.4487   866.2419     3.6595     0.1538    -0.1455     3.6877     0.2930     0.2369     0.2532     0.2408     0.3467
 314     1.4503   866.0734     3.3599    -0.6167    -0.0529     3.4886     0.2629     0.2236     0.2205     0.2374     0.3140
 315     1.4520   866.3890     4.0994     0.7453    -0.2891     4.2666     0.2805     0.2526     0.2550     0.2601     0.3589
 316     1.4537   866.5025     3.4952    -0.2477     0.2285     3.5542     0.2692     0.2497     0.2323     0.2310     0.3410
 317     1.4554   866.3636     3.5061    -0.1692     0.1912     3.5626     0.2964     0.2487     0.2502     0.2579     0.3528
 318     1.4570   866.1093     3.3174     0.2696     0.1498     3.4260     0.3013     0.2263     0.2325     0.2307     0.3244
 319     1.4587   865.8908     4.2284    -0.0167     0.6681     4.3012     0.2704     0.2442     0.2527     0.2434     0.3514
 320     1.4604   866.4833     4.0104     0.5747    -0.2217     4.0921     0.2927     0.2135     0.2385     0.2253     0.3201
 321     1.4620   865.8307     3.8491     0.5562    -0.1415     3.9669     0.2807     0.2427     0.2476     0.2394     0.3467
 322     1.4637   865.9056     3.8474     0.1893    -0.1612     3.9017     0.2735     0.2278     0.2239     0.2438     0.3194
 323     1.4654   866.0955     3.6876     0.5443    -0.3020     3.7872     0.3098     0.2204     0.2162     0.2473     0.3088
 324     1.4671   865.5517     3.4546     0.1753     0.1619     3.5223     0.2787     0.2549     0.2379     0.2107     0.3487
 325     1.4687   865.3775     3.7592     0.5852    -0.0974     3.8530     0.2724     0.2088     0.2255     0.2314     0.3073
 326     1.4704   865.8882     4.0882     0.7435     0.1894     4.2181     0.2869     0.2560     0.2462     0.2258     0.3551
 327     1.4721   864.9780     3.6798     0.4662     0.3944     3.7792     0.2774     0.2599     0.2462     0.2190     0.3580
 328     1.4737   865.9713     3.7989     0.7373     0.3631     3.9214     0.2829     0.2390     0.2348     0.2178     0.3351
 329     1.4754   865.7206     3.8356     0.2762    -0.4635     3.9195     0.2805     0.2427     0.2460     0.2506     0.3456
 330     1.4771   865.9806     4.3169     0.9397    -0.1842     4.4596     0.2866     0.2424     0.2472     0.2249     0.3462
 331     1.4788   865.6462     4.1293     0.0702    -0.1027     4.1767     0.2767     0.2309     0.2391     0.2478     0.3324
 332     1.4804   865.5747     3.7020     0.5625     0.0385     3.8156     0.2956     0.2262     0.2603     0.2379     0.3448
 333     1.4821   865.4121     3.8321     0.0270     0.2167     3.9126     0.3057     0.2402     0.2481     0.2446     0.3453
 334     1.4838   865.3741     3.3563     0.8853     0.2737     3.6126     0.2914     0.2286     0.2227     0.2423     0.3192
 335     1.4854   865.0795     3.5855     0.7820    -0.2456     3.7346     0.2819     0.2382     0.2182     0.2403     0.3231
 336     1.4871   865.1915     3.7557     0.6177     0.2337     3.8445     0.2886     0.2392     0.2575     0.2485     0.3514
 337     1.4888   865.2717     4.3296     0.9546    -0.0070     4.4832     0.3011     0.2404     0.2460     0.2275     0.3440
 338     1.4905   865.3851     3.7557     0.4331     0.2518     3.8485     0.2628     0.2229     0.2420     0.2353     0.3289
 339     1.4921   865.2181     4.1805     0.4384     0.1831     4.2788     0.2862     0.2633     0.2454     0.2294     0.3599
 340     1.4938   865.0265     3.8997     0.9926     0.0928     4.0872     0.2909     0.2434     0.2410     0.2464     0.3426
 341     1.4955   864.7498     4.0785     0.7667    -0.1779     4.2671     0.2811     0.2427     0.2569     0.2456     0.3534
 342     1.4972   864.8861     4.2137     1.1224    -0.5624     4.4123     0.2898     0.2386     0.2347     0.2207     0.3346
 343     1.4988   864.7071     3.8565     0.8540     0.1148     4.0019     0.2952     0.2366     0.2311     0.2329     0.3307
 344     1.5005   864.8772     4.1547     0.4885    -0.0178     4.2176     0.2999     0.2288     0.2473     0.2290     0.3370
 345     1.5022   864.8794     4.1071     0.7790    -0.1346     4.2742     0.3098     0.2544     0.2558     0.2465     0.3607
 346     1.5038   864.5597     3.5023     0.4113     0.0577     3.5945     0.2910     0.2519     0.2153     0.2461     0.3314
 347     1.5055   864.6312     3.6019     0.7478     0.4408     3.7377     0.2830     0.2460     0.2343     0.2634     0.3397
 348     1.5072   864.4807     3.4794     0.3632    -0.0948     3.5666     0.2792     0.2215     0.2388     0.2365     0.3257
 349     1.5089   864.4217     3.0965     0.3803    -0.0273     3.2258     0.2849     0.2439     0.2460     0.2493     0.3464
 350     1.5105   864.2842     3.7383     0.0617    -0.2223     3.7827     0.2746     0.2231     0.2397     0.2235     0.3275
 351     1.5122   864.2651     3.8398     0.8291     0.0951     4.0007     0.2965     0.2350     0.2575     0.2570     0.3486
 352     1.5139   864.0301     4.0993     0.0521    -0.4656     4.1776     0.2727     0.2524     0.2283     0.2516     0.3403
 353     1.5155   864.6427     3.5663     0.4127     0.0637     3.6303     0.2943     0.2496     0.2434     0.2541     0.3487
 354     1.5172   866.5053     3.9446     0.1924     0.1923     3.9882     0.3217     0.2608     0.2683     0.2620     0.3741
 355     1.5189   867.4907     4.1520    -0.0131     0.0988     4.2098     0.3688     0.3073     0.2746     0.2984     0.4121
 356     1.5206   864.8353     4.0989     0.3442     0.1216     4.1692     0.3412     0.2735     0.2498     0.2713     0.3704
 357     1.5222   864.3387     3.4864     0.4377     0.2017     3.5615     0.3134     0.2267     0.2328     0.2329     0.3250
 358     1.5239   878.8891     4.1761     0.4083     0.3665     4.3219     0.5613     0.3927     0.4827     0.4492     0.6223
 359     1.5256   879.0396     2.6388    -0.7611     1.6421     3.0880     0.8139     0.6004     0.6350     0.6339     0.8740
 360     1.5272   878.4661     3.3085     0.7267    -0.0179     3.6411     0.9506     0.6319     0.5629     0.6810     0.8462
 361     1.5289   879.0588     3.3168     0.9115     0.1243     3.5986     0.7795     0.6345     0.5888     0.6557     0.8656
 362     1.5306   875.0908     4.6639     1.1139    -0.3394     4.7780     0.8724     0.6114     0.6256     0.7345     0.8748
 363     1.5323   879.1311     3.0714     1.5925     0.5205     3.6121     1.0421     0.5572     0.5505     0.6189     0.7833
 364     1.5339   880.2217     2.8343     1.8780     0.0077     3.4567     0.6123     0.4546     0.4406     0.4219     0.6331
 365     1.5356   877.3543     3.3860    -0.0050    -0.6482     3.3913     0.5157     0.4336     0.4875     0.4289     0.6524
 366     1.5373   883.9169     2.7692    -0.0261     0.2590     3.5057     0.7861     0.5810     0.5877     0.5791     0.8264
 367     1.5389   884.5019     4.4923    -0.4797    -0.7343     5.3940     1.8550     1.6672     1.4755     1.4107     2.2263
 368     1.5406   890.7554     1.2742    -0.3103    -0.0366     3.3492     2.7670     1.5569     1.6505     2.0050     2.2689
 369     1.5423   874.5910     3.5015    -0.2034     0.1673     3.7310     0.7290     0.6040     0.5658     0.6104     0.8276
 370     1.5440   872.9872     3.1369    -0.5059     0.1862     3.3583     0.8046     0.5033     0.5241     0.5908     0.7266
 371     1.5456   875.7219     1.6914     1.3634     0.1422     3.2589     1.0747     0.6627     0.6674     0.7906     0.9406
 372     1.5473   875.1518     3.6077    -0.3982    -0.1246     3.7934     0.5709     0.3943     0.4122     0.4036     0.5704
 373     1.5490   870.3597     3.7106    -0.6113     0.5379     3.9180     0.4694     0.3291     0.3151     0.4017     0.4557
 374     1.5507   871.4311     3.1596    -0.1498     0.2474     3.5544     0.7564     0.5018     0.4838     0.5526     0.6971
 375     1.5523   870.0519     3.3067    -1.1205     0.0079     3.6452     0.7857     0.6206     0.4427     0.5897     0.7623
 376     1.5540   872.7989     3.5386    -0.2656    -0.8950     3.8190     0.6804     0.4999     0.4558     0.5586     0.6765
 377     1.5557   864.3073     2.9966    -0.6936     0.7191     3.1504     0.3846     0.2970     0.3050     0.2990     0.4258
 378     1.5573   865.7820     3.0322    -0.7044    -0.7412     3.1972     0.4821     0.3609     0.3996     0.4033     0.5385
 379     1.5590   856.2886    -1.0930    -4.1751     3.6494     6.6219     3.1398     2.2555     2.4224     2.7630     3.3098
 380     1.5607   864.7667    12.1114    -9.6338    13.3243    28.4378    25.7904     7.7647     9.7649     9.4063    12.4757
 381     1.5624   854.5639     0.5865     1.6032    -0.0647     4.0998     3.1686     2.0725     1.7542     1.9558     2.7152
 382     1.5640   865.0433     3.5513    -0.4628     0.0245     3.7393     0.4629     0.3281     0.3410     0.3648     0.4732
 383     1.5657   863.0716     3.4387    -0.1313    -0.2441     3.4971     0.3859     0.2721     0.2644     0.2918     0.3794
 384     1.5674   863.7155     3.4781    -0.2802    -0.2913     3.5767     0.4214     0.2748     0.3348     0.3173     0.4332
 385     1.5690   863.1923     3.3447     0.1268    -0.4272     3.4316     0.4819     0.3648     0.3506     0.3778     0.5060
 386     1.5707   865.1564     3.7645     0.1185     0.2634     3.8435     0.5110     0.3343     0.3791     0.3671     0.5054
 387     1.5724   865.6099     2.4012    -1.6284    -0.1194     3.1201     0.6712     0.4875     0.4950     0.5502     0.6948
 388     1.5774   848.0654     1.8571   -10.5518     1.1746    14.2168    10.2605     4.7140     4.2867     6.0136     6.3717
 389     1.5791   865.5724     4.0688    -0.7716    -0.2042     4.2880     0.5343     0.3536     0.3802     0.4387     0.5192
 390     1.5807   863.2138     3.0014    -0.6404    -0.1297     3.1693     0.4818     0.3564     0.3426     0.3844     0.4943
 391     1.5824   862.6869     3.0640    -0.1133     0.2519     3.1831     0.4259     0.3093     0.3153     0.3572     0.4417
 392     1.5841   862.9058     3.4033     0.0035     0.2737     3.4910     0.3749     0.2723     0.2691     0.2581     0.3829
 393     1.5858   862.5059     3.4037    -0.8800    -0.1156     3.5901     0.3578     0.2775     0.3061     0.2694     0.4132
 394     1.5874   863.5078     3.2291    -0.3558     0.0997     3.3120     0.3948     0.3245     0.3654     0.3226     0.4887
 395     1.5891   865.5510     3.3562     0.8626     1.8171     4.2149     1.4172     1.1044     1.2801     0.9947     1.6906
 396     1.5908   858.1790     1.9886     0.6198     2.4894     5.4134     2.6240     2.0103     2.1834     2.1306     2.9679
 397     1.5924   866.6277     2.1004    -1.0895    -2.4066     2.7231     1.4372     0.6928     0.7596     0.7357     1.0281
 398     1.5941   863.6996     3.0328    -0.0947    -0.3105     3.1107     0.5735     0.2993     0.3044     0.3014     0.4269
 399     1.5958   863.6785     2.9543    -0.2201    -0.1601     3.0735     0.3774     0.2886     0.3101     0.3002     0.4236
 400     1.5975   861.1236     2.3095    -0.7221     0.5166     2.7929     0.6892     0.3149     0.3580     0.3629     0.4768
 401     1.5991   864.2398     3.4033    -0.8593     0.2564     3.6814     0.5772     0.2889     0.3157     0.3322     0.4280
 402     1.6008   865.1615     2.3932    -0.6778    -0.1123     2.7123     0.5051     0.3626     0.3870     0.3502     0.5303
 403     1.6025   864.9319     1.8454     1.2172     0.4117     2.5923     0.6872     0.3974     0.4134     0.4017     0.5734
 404     1.6042   865.4275     3.1990    -1.2688     0.0263     3.4006     0.5579     0.3512     0.4395     0.3745     0.5626
 405     1.6058   861.8010     3.0715    -0.9817    -0.0346     3.3021     0.4276     0.2752     0.3110     0.3230     0.4153
 406     1.6075   861.2242     3.5926    -0.6476    -0.2137     3.7100     0.3108     0.2571     0.2472     0.2397     0.3567
 407     1.6092   861.1939     3.2878    -0.7295    -0.1468     3.4331     0.2792     0.2269     0.2249     0.2325     0.3195
 408     1.6108   860.7653     3.4384    -0.8346     0.2189     3.6240     0.2748     0.2430     0.2549     0.2481     0.3522
 409     1.6125   860.8310     3.2802    -1.1743     0.1892     3.5234     0.3020     0.2210     0.2433     0.2367     0.3287
 410     1.6142   860.4644     3.5991    -1.0049    -0.1867     3.7781     0.2965     0.2269     0.2208     0.2261     0.3166
 411     1.6159   860.8444     3.5848    -0.7191    -0.3490     3.7889     0.2959     0.2112     0.2281     0.2189     0.3108
 412     1.6175   860.0540     3.2888    -1.4972     0.3378     3.6620     0.4150     0.2886     0.2855     0.2503     0.4060
 413     1.6192   861.8957     2.8492    -1.5650    -0.4774     3.3169     0.4251     0.3111     0.3152     0.3528     0.4429
 414     1.6209   855.6257     2.9322    -1.4022    -0.2936     3.4498     0.5419     0.4231     0.4107     0.4021     0.5896
 415     1.6225   853.3302     2.3387    -2.0658    -0.2605     3.5151     1.0412     0.7113     0.7766     0.7500     1.0531
 416     1.6242   847.7937     3.3546     0.2449     2.8840     3.9320     1.3986     0.9395     1.0107     1.0196     1.3799
 417     1.6259   850.4117    21.5217     8.6410    13.6870    28.2303     6.9682     4.8866     6.7872    10.1384     8.3633
 418     1.6276   854.8850     7.9549     7.9877    -5.4056    13.3332     4.3740     3.4306     3.2603     2.8817     4.7327
 419     1.6292   859.7513     3.3802    -0.4032    -0.2934     3.4604     0.3333     0.2253     0.2434     0.2249     0.3317
 420     1.6309   860.0359     3.1957    -0.6112     0.2392     3.3025     0.3226     0.2377     0.2275     0.2502     0.3290
 421     1.6326   860.3292     3.0090    -0.9383     0.1274     3.2114     0.3153     0.2439     0.2827     0.2568     0.3734
 422     1.6342   860.2075     2.6349    -1.1853    -0.1228     2.9719     0.2971     0.2330     0.2199     0.2524     0.3203
 423     1.6359   859.4328     2.5045    -0.7132     0.1267     2.6409     0.2951     0.2565     0.2377     0.2495     0.3497
 424     1.6376   858.6874     2.8611    -0.9908     0.2658     3.0862     0.3509     0.2270     0.2596     0.2392     0.3448
 425     1.6393   860.9540     3.2975    -0.8343    -0.3781     3.4759     0.3144     0.2262     0.2405     0.2510     0.3302
 426     1.6409   859.4608     3.0231    -1.0609    -0.0809     3.2858     0.3144     0.2622     0.2457     0.2197     0.3594
 427     1.6426   859.1881     3.4980    -1.3062     0.0725     3.7772     0.3199     0.2384     0.2594     0.2533     0.3523
 428     1.6443   857.4151     3.1566    -1.4497     0.1457     3.5217     0.3357     0.2460     0.2512     0.2573     0.3516
 429     1.6459   859.6597     3.1797    -1.6476    -0.0792     3.6198     0.3142     0.2336     0.2327     0.2402     0.3298
 430     1.6476   858.0601     3.2406    -2.3453     0.3020     4.0708     0.3276     0.2588     0.2620     0.2775     0.3682
