# Source: SwiftJ1727
# Position: RA=-98.069500 deg, Dec=-16.205358 deg
# MS: 1695478381_sdp_l0_1024ch_SwiftJ1727.ms
# Scan: all
# Start MJD: 60210.6410647659
# End MJD: 60210.6513381973
# Middle MJD: 60210.6462014816
# Duration: 0.2466 hours
# Columns: Channel Freq[GHz] I[mJy] Q[mJy] U[mJy] V[mJy] Plin[mJy] rms_I rms_Q rms_U rms_V rms_Plin
#
   0     0.9011   111.7547    -1.0835     2.8591     0.0886     3.2145     0.5098     0.4395     0.4439     0.4503     0.6246
   1     0.9045   112.7955    -0.9701     3.2597     0.4041     3.4736     0.2811     0.2565     0.2374     0.2272     0.3495
   2     0.9078   112.4170    -0.9186     3.2498    -0.2216     3.4349     0.2607     0.2266     0.2333     0.2172     0.3252
   3     0.9112   112.3185    -0.8863     3.2435    -0.1665     3.4428     0.2769     0.2309     0.2228     0.2165     0.3208
   4     0.9145   112.2001    -1.1676     2.9642    -0.1526     3.2707     0.2771     0.2338     0.2202     0.2120     0.3211
   5     0.9178   111.6115    -0.8669     3.6196     0.2457     3.8090     0.2763     0.2345     0.1999     0.2242     0.3081
   6     0.9212   111.9137    -0.9055     3.0177     0.1346     3.2766     0.2777     0.2200     0.2213     0.2159     0.3121
   7     0.9245   112.2552    -0.8324     3.0446    -0.2876     3.2240     0.2486     0.2492     0.2131     0.2030     0.3279
   8     0.9279   111.7889    -1.1708     2.9914     0.0603     3.2476     0.2757     0.2061     0.2090     0.2029     0.2935
   9     0.9312   111.4286    -1.0858     3.1686    -0.3919     3.4054     0.2729     0.2160     0.2196     0.1877     0.3080
  10     0.9346   112.2126    -2.0424     5.5271     0.4762     5.9907     1.2193     0.8007     0.8851     0.9301     1.1936
  11     0.9479   113.2350    -1.0655     3.6235     0.1806     4.0317     0.7148     0.4965     0.4844     0.5587     0.6937
  12     0.9513   112.4717    -0.9029     3.2055     0.0367     3.3894     0.2791     0.2102     0.2181     0.2259     0.3029
  13     0.9546   112.4732    -1.2748     3.1637    -0.0012     3.4576     0.3098     0.2370     0.2448     0.2137     0.3407
  14     0.9580   113.3822    -0.9690     3.1418     0.0550     3.3623     0.3612     0.3024     0.2906     0.3065     0.4194
  15     0.9613   112.6684    -1.3806     3.5572    -0.4515     3.8341     0.2728     0.2232     0.2292     0.2069     0.3199
  16     0.9647   112.0014    -0.9527     3.5974    -0.1041     3.7852     0.2373     0.2074     0.2087     0.1930     0.2942
  17     0.9680   112.4113    -1.2231     3.1327    -0.2351     3.4049     0.2479     0.2070     0.2128     0.2305     0.2969
  18     0.9713   112.2219    -1.1778     3.3322     0.1849     3.5973     0.2481     0.1967     0.2024     0.1903     0.2822
  19     0.9747   112.4288    -1.2930     3.5031    -0.2807     3.7745     0.2752     0.1965     0.1907     0.1845     0.2739
  20     0.9780   111.5046    -1.3961     3.2864     0.2595     3.6189     0.2390     0.2170     0.2101     0.2186     0.3020
  21     0.9814   112.8490    -0.9523     3.2857    -0.1482     3.4828     0.2465     0.2242     0.2006     0.2018     0.3009
  22     0.9847   111.6511    -1.2233     3.2792    -0.0880     3.5251     0.2469     0.1905     0.2026     0.1730     0.2782
  23     0.9881   111.8164    -1.3912     3.1995     0.0342     3.5136     0.2384     0.1899     0.1948     0.1960     0.2721
  24     0.9914   111.3876    -1.7825     2.9443    -0.0236     3.4736     0.2236     0.1962     0.2023     0.1925     0.2818
  25     0.9948   111.5123    -1.1748     3.1788    -0.0524     3.4528     0.2573     0.2208     0.2099     0.1885     0.3047
  26     0.9981   112.0409    -1.6068     3.0482     0.2786     3.4833     0.2395     0.2078     0.2055     0.1994     0.2923
  27     1.0014   111.7161    -1.5582     2.8721    -0.2246     3.3014     0.2553     0.2160     0.2162     0.2002     0.3056
  28     1.0048   110.9417    -1.3810     2.7966     0.0881     3.1847     0.2601     0.2049     0.2006     0.2200     0.2868
  29     1.0081   111.3117    -1.3329     3.2413    -0.0316     3.5476     0.2563     0.2077     0.1822     0.1888     0.2763
  30     1.0115   111.5244    -1.3067     2.9844     0.1551     3.3002     0.2458     0.2085     0.1855     0.2168     0.2791
  31     1.0148   110.8390    -1.2475     3.1001    -0.1084     3.4438     0.2259     0.2278     0.1871     0.2016     0.2948
  32     1.0182   111.1382    -1.4678     3.0677     0.1221     3.4316     0.2438     0.2116     0.2104     0.1815     0.2984
  33     1.0215   110.8657    -1.2839     2.7252     0.2128     3.0585     0.2118     0.2143     0.2062     0.2011     0.2974
  34     1.0248   110.4104    -1.3460     3.0603    -0.0621     3.3790     0.2419     0.1948     0.2221     0.1902     0.2954
  35     1.0282   109.5703    -1.8557     3.1181     0.2566     3.6741     0.2610     0.1983     0.2136     0.2127     0.2915
  36     1.0315   109.1342    -1.5383     2.2932     0.2102     2.8062     0.2577     0.2207     0.2173     0.2185     0.3097
  37     1.0349   109.9863    -1.5917     2.4854    -0.0393     3.0155     0.2256     0.1727     0.2023     0.1981     0.2660
  38     1.0382   109.8497    -1.7649     2.5280    -0.1039     3.1233     0.2056     0.1882     0.1907     0.1946     0.2679
  39     1.0416   109.1866    -1.5499     2.5729     0.0362     3.0389     0.2308     0.2121     0.1888     0.2074     0.2840
  40     1.0449   109.0681    -1.4503     2.5139     0.0434     2.9335     0.2417     0.1981     0.1988     0.1906     0.2807
  41     1.0483   108.8011    -1.5628     2.9770    -0.3073     3.4045     0.2522     0.1920     0.1835     0.1790     0.2656
  42     1.0516   108.6005    -1.4806     2.5023    -0.0737     2.9319     0.2332     0.1953     0.1861     0.1915     0.2697
  43     1.0549   108.9704    -1.7011     2.5439    -0.2130     3.0872     0.2080     0.1810     0.1769     0.1877     0.2531
  44     1.0583   108.3759    -1.7631     2.5817     0.0916     3.1760     0.2113     0.1919     0.2077     0.2032     0.2828
  45     1.0616   108.8586    -1.6093     2.3922    -0.4658     2.9378     0.2485     0.1798     0.1998     0.1941     0.2688
  46     1.0650   108.6530    -1.8803     2.5593    -0.0691     3.2087     0.2080     0.1946     0.1936     0.1980     0.2745
  47     1.0683   108.6591    -1.6772     2.7131     0.1133     3.2342     0.2136     0.2050     0.2028     0.2086     0.2883
  48     1.0717   108.1247    -1.9641     2.7364    -0.3658     3.3987     0.2257     0.1841     0.1922     0.1889     0.2662
  49     1.0750   108.6493    -1.7156     2.7998     0.2212     3.3061     0.2144     0.1834     0.1787     0.2060     0.2561
  50     1.0783   108.6401    -1.2687     2.6283    -0.2548     3.0059     0.2308     0.1984     0.1945     0.1896     0.2778
  51     1.0817   108.5137    -1.5321     2.4628    -0.0489     2.9221     0.2007     0.1957     0.1974     0.1839     0.2779
  52     1.0850   107.4195    -1.7504     2.3531     0.2031     2.9825     0.2178     0.1894     0.2021     0.1978     0.2770
  53     1.0884   107.3733    -2.8455     3.0385    -0.1647     4.2503     0.5423     0.4538     0.4891     0.4512     0.6672
  54     1.0917   107.8203    -0.4766     2.3251     0.6833     2.6502     0.6158     0.5644     0.5314     0.4939     0.7752
  55     1.0951   108.1332    -1.4975     2.4322    -0.1357     2.8861     0.2203     0.2011     0.1816     0.1910     0.2709
  56     1.0984   108.4588    -1.8933     2.3635    -0.3806     3.0730     0.2110     0.1844     0.1891     0.1858     0.2641
  57     1.1018   107.7602    -1.6537     2.3511     0.5368     2.9047     0.2349     0.2092     0.2036     0.2253     0.2919
  58     1.1051   107.9095    -1.6731     2.4936    -0.0263     3.0385     0.2194     0.1761     0.1988     0.1932     0.2656
  59     1.1084   107.5578    -1.8055     2.1074    -0.1595     2.8028     0.2256     0.1847     0.1901     0.1867     0.2651
  60     1.1118   107.9682    -1.5779     2.2572    -0.2118     2.8286     0.1956     0.1844     0.1682     0.1771     0.2496
  61     1.1151   107.7870    -1.5756     2.5708    -0.1579     3.0420     0.1972     0.1884     0.1727     0.1898     0.2556
  62     1.1185   107.8306    -1.5765     2.2665    -0.2352     2.8007     0.2157     0.1876     0.1847     0.1765     0.2633
  63     1.1218   108.2417    -1.6935     2.3808    -0.1925     2.9564     0.1948     0.2025     0.1904     0.1697     0.2779
  64     1.1252   107.8973    -1.3880     2.1870     0.2149     2.6134     0.2136     0.1735     0.1902     0.2025     0.2574
  65     1.1285   107.7833    -1.5022     2.5696    -0.1742     3.0144     0.2140     0.1821     0.1873     0.1929     0.2612
  66     1.1318   108.0170    -1.7309     2.4651    -0.2465     3.0402     0.2098     0.1700     0.1901     0.1885     0.2551
  67     1.1352   106.6091    -2.0029     1.6779     0.5314     2.6449     0.2260     0.1948     0.1919     0.2085     0.2735
  68     1.1385   108.1162    -1.5434     2.4292    -0.0550     2.9144     0.2191     0.2007     0.1700     0.1873     0.2630
  69     1.1419   106.8334    -2.1177     2.1888     0.1475     3.0760     0.2386     0.1865     0.1869     0.1801     0.2640
  70     1.1452   105.2980    -1.7399     3.0058     0.3918     3.6025     0.2663     0.2018     0.2083     0.2113     0.2900
  71     1.1486   103.8612    -0.8261     3.1928     0.6505     3.4692     0.3106     0.2475     0.2376     0.2651     0.3431
  72     1.1519   106.4550    -1.6165     2.6052     0.0848     3.0982     0.2760     0.2183     0.2207     0.2265     0.3104
  73     1.1553   108.2648    -1.6654     2.0476    -0.0737     2.6803     0.2383     0.2028     0.2033     0.1964     0.2871
  74     1.1586   107.6979    -1.5845     2.2223     0.0737     2.8320     0.2194     0.2043     0.1950     0.2146     0.2824
  75     1.1619   106.2899    -0.8072     2.6319     0.0569     2.8044     0.2541     0.2075     0.2156     0.1965     0.2992
  76     1.1653   108.2083    -1.9491     2.6232    -0.3320     3.3135     0.2212     0.1894     0.2011     0.2108     0.2762
  77     1.1686   107.1081    -1.5458     2.5293     0.1607     3.1419     0.2900     0.2820     0.2773     0.2702     0.3955
  78     1.1720   159.7591    -2.1509     3.6969    -2.8943     6.0804     6.3287     2.1715     1.7856     2.7114     2.8114
  79     1.1787   106.2180    -1.6848   -29.0525     7.2698    30.4012    20.0537     2.7491     7.0532     5.8475     7.5700
  80     1.1820   120.4331    -2.0567     0.7531    -0.2658     3.1634     1.5349     0.8835     0.9408     1.0120     1.2906
  81     1.1853   107.4658    -1.4833     1.9782    -0.0380     2.5179     0.2490     0.2374     0.2151     0.2363     0.3203
  82     1.1887   107.1660    -1.8502     2.2570    -0.0800     2.9569     0.2318     0.2065     0.1950     0.2062     0.2841
  83     1.1920   104.0735    -1.9494     2.4057     0.0230     3.1590     0.2521     0.2082     0.2264     0.2349     0.3076
  84     1.1954   107.2299    -1.6164     1.8904    -0.1558     2.5452     0.2315     0.2201     0.1974     0.1943     0.2957
  85     1.1987   106.0952    -1.2037     2.4356    -0.7213     2.7843     0.2957     0.2401     0.2287     0.2427     0.3316
  86     1.2021    98.9691    -0.2841     3.0086     0.0112     3.0509     0.5167     0.3875     0.4031     0.3524     0.5591
  87     1.2054    94.0347    -0.0811     1.5624     0.3329     2.0482     0.8284     0.5429     0.5439     0.5882     0.7685
  88     1.2088    94.8082    -0.9964     1.6682    -0.9540     2.2969     0.6852     0.6061     0.5703     0.5772     0.8322
  89     1.2121   101.6513    -0.5145     2.5580     0.6236     2.6977     0.4766     0.3161     0.3529     0.3607     0.4738
  90     1.2154   107.4797    -1.3506     2.2150     0.1241     2.6339     0.2583     0.2190     0.2179     0.2436     0.3089
  91     1.2188   107.5789    -2.1158     1.7048    -0.6967     2.7710     0.2460     0.2364     0.2072     0.2200     0.3144
  92     1.2221   106.9724    -1.5112     2.0615     0.6739     2.6249     0.2973     0.2391     0.2377     0.2455     0.3371
  93     1.2255   102.8719    -1.3018     2.3109     0.5101     2.9253     0.3986     0.3073     0.3135     0.3224     0.4390
  94     1.2288    99.2841    -1.8445     2.1649     0.1662     2.9675     0.4629     0.3584     0.3457     0.3716     0.4979
  95     1.2322   106.2543    -2.0724     1.5483     1.1164     2.7183     0.2780     0.2673     0.2479     0.2762     0.3646
  96     1.2355   106.8548    -1.8916     1.4723    -0.2263     2.4982     0.2548     0.2259     0.2115     0.2330     0.3095
  97     1.2388   107.0525    -2.2643     1.4342    -0.3228     2.7578     0.2525     0.1910     0.1921     0.1984     0.2708
  98     1.2422   107.3261    -1.4279     1.6200     0.0184     2.2124     0.2512     0.2159     0.1952     0.2202     0.2910
  99     1.2455   102.4514    -1.0182     1.2645    -1.8079     1.7564     0.3247     0.2263     0.2362     0.2641     0.3270
 100     1.2489   103.6061     0.2251     2.6492    -0.7730     2.8615     0.2782     0.2331     0.2158     0.2285     0.3176
 101     1.2522   105.7091    -1.4826     1.8387    -0.1139     2.4042     0.2033     0.1805     0.1975     0.2042     0.2676
 102     1.2556   105.5918    -1.9033     1.8548     0.4260     2.6934     0.2218     0.1852     0.1993     0.1852     0.2720
 103     1.2589   106.5949    -1.6795     1.6523     0.5412     2.3915     0.2108     0.1961     0.1904     0.2203     0.2733
 104     1.2623   101.3348    -2.2196     2.3857     0.6631     3.3849     0.3807     0.3147     0.3158     0.3530     0.4459
 105     1.2656    98.8580     0.1677     2.8252     1.1149     3.7499     0.9124     0.7554     0.7758     0.7405     1.0828
 106     1.2689    93.0060    -0.1303     3.6385    -1.6262     4.1809     1.5246     0.9909     1.0045     1.0035     1.4110
 107     1.2723    95.0893     0.2502     3.3529     0.1767     4.0140     0.6729     0.5790     0.5477     0.5806     0.7970
 108     1.2756   100.2937    -1.3619     1.6628    -0.6661     2.4302     0.4825     0.3400     0.3611     0.3769     0.4960
 109     1.2790    88.8877    -2.3930     0.7690    -4.4857     2.6777     0.8450     0.4883     0.4685     0.5343     0.6767
 110     1.2823   102.4861    -0.9650     1.9599    -0.7470     2.2733     0.3275     0.2735     0.2854     0.2977     0.3953
 111     1.2857   106.8420    -1.8598     1.6547     0.1351     2.5416     0.3145     0.2914     0.2984     0.2938     0.4171
 112     1.2890   101.6839    -1.1643     1.2239    -1.6961     1.9780     0.5414     0.3800     0.4092     0.4327     0.5584
 113     1.2923   106.7252    -1.2589     1.8062     0.1232     2.3252     0.3362     0.2751     0.2947     0.3017     0.4031
 114     1.2957   105.6985    -1.2588     1.5403     0.1247     2.0105     0.2029     0.1818     0.1820     0.1841     0.2573
 115     1.2990   106.6996    -1.7092     1.4584     0.0044     2.2957     0.2028     0.1803     0.1753     0.1789     0.2515
 116     1.3024   105.8436    -1.2521     1.5430    -0.2897     2.0414     0.1951     0.1992     0.1830     0.1762     0.2705
 117     1.3057   106.3864    -1.6121     1.5555    -0.0965     2.2622     0.1925     0.1621     0.1602     0.1628     0.2279
 118     1.3091   106.4134    -1.6980     1.6766    -0.1120     2.4067     0.1893     0.1700     0.1653     0.1682     0.2371
 119     1.3124   106.3135    -1.4967     1.8696    -0.0304     2.4216     0.1819     0.1751     0.1676     0.1617     0.2424
 120     1.3158   105.8204    -1.3966     1.7047    -0.0456     2.2352     0.1974     0.1644     0.1785     0.1537     0.2427
 121     1.3191   106.1189    -1.2573     1.8524     0.1142     2.2811     0.1841     0.1719     0.1633     0.1585     0.2371
 122     1.3224   105.4709    -1.5461     1.6797    -0.2469     2.3098     0.1805     0.1570     0.1502     0.1584     0.2173
 123     1.3258   105.7100    -1.5615     1.6496    -0.0747     2.2942     0.1790     0.1590     0.1616     0.1659     0.2267
 124     1.3291   105.5503    -1.5199     1.2147    -0.1795     1.9761     0.1792     0.1591     0.1583     0.1620     0.2244
 125     1.3325   105.1772    -1.5475     1.5254    -0.1631     2.1953     0.1735     0.1487     0.1806     0.1514     0.2340
 126     1.3358   105.2343    -1.6881     1.2584     0.0286     2.1465     0.1747     0.1867     0.1575     0.1496     0.2442
 127     1.3392   105.1596    -1.7374     1.5377    -0.1202     2.3493     0.1898     0.1630     0.1735     0.1529     0.2381
 128     1.3425   104.7864    -1.7467     1.6323    -0.2504     2.4387     0.1821     0.1761     0.1562     0.1631     0.2354
 129     1.3458   104.9188    -1.5088     1.3921    -0.3064     2.1055     0.1919     0.1575     0.1768     0.1626     0.2368
 130     1.3492   104.8192    -1.2151     1.3974     0.0150     1.9043     0.1836     0.1609     0.1605     0.1660     0.2272
 131     1.3525   104.8432    -1.4203     1.5617    -0.1642     2.1354     0.1734     0.1679     0.1536     0.1500     0.2276
 132     1.3559   104.7302    -1.5719     1.3610    -0.1410     2.1175     0.1765     0.1773     0.1485     0.1564     0.2312
 133     1.3592   104.9498    -1.5095     1.7347    -0.1187     2.3421     0.1661     0.1559     0.1532     0.1594     0.2186
 134     1.3626   104.3803    -1.7580     1.5147    -0.3465     2.3447     0.1699     0.1593     0.1598     0.1647     0.2256
 135     1.3659   104.4553    -1.6451     1.5052    -0.0705     2.2683     0.1851     0.1568     0.1655     0.1504     0.2279
 136     1.3693   104.4875    -1.3955     1.4821    -0.2262     2.0665     0.1821     0.1585     0.1572     0.1549     0.2232
 137     1.3726   104.4587    -1.7462     1.3800     0.0229     2.2519     0.1743     0.1488     0.1630     0.1551     0.2207
 138     1.3759   104.2700    -1.4393     1.3538     0.1224     2.0071     0.1773     0.1527     0.1600     0.1694     0.2211
 139     1.3793   104.5110    -1.2987     1.4036    -0.0630     1.9367     0.1718     0.1527     0.1795     0.1538     0.2356
 140     1.3826   104.4370    -1.3813     1.3857    -0.0454     2.0228     0.1759     0.1575     0.1562     0.1482     0.2219
 141     1.3860   104.5677    -1.5241     1.6547    -0.1918     2.3067     0.1950     0.1639     0.1582     0.1585     0.2277
 142     1.3893   104.3517    -1.6468     1.3008    -0.0109     2.1559     0.1938     0.1689     0.1622     0.1608     0.2342
 143     1.3927   104.8635    -1.4103     1.5244    -0.1121     2.1234     0.1849     0.1527     0.1471     0.1623     0.2120
 144     1.3960   104.9824    -1.4825     1.3027    -0.1742     2.0092     0.2003     0.1546     0.1570     0.1575     0.2204
 145     1.3993   104.8111    -1.6495     1.3519     0.0356     2.1556     0.1695     0.1547     0.1541     0.1532     0.2184
 146     1.4027   104.6337    -1.3928     1.1345    -0.1092     1.8386     0.1632     0.1544     0.1524     0.1535     0.2170
 147     1.4060   104.8279    -1.3042     0.9401    -0.1142     1.6414     0.1769     0.1568     0.1553     0.1526     0.2207
 148     1.4094   104.5828    -1.5201     1.7226    -0.1191     2.3317     0.1795     0.1605     0.1474     0.1566     0.2179
 149     1.4127   104.6989    -1.3899     1.2299     0.1535     1.8816     0.1786     0.1505     0.1781     0.1613     0.2332
 150     1.4161   105.0994    -1.5495     1.5509    -0.1580     2.2376     0.1812     0.1717     0.1573     0.1555     0.2329
 151     1.4228   105.8679    -1.5924     1.2201     0.0759     2.0851     0.2447     0.2228     0.2247     0.2213     0.3164
 152     1.4261   104.6914    -1.6136     1.0938     0.1962     1.9742     0.1785     0.1577     0.1657     0.1507     0.2288
 153     1.4294   104.7379    -1.5810     1.2921    -0.1870     2.0645     0.1650     0.1629     0.1527     0.1702     0.2233
 154     1.4328   105.0356    -1.1233     1.2355    -0.1204     1.7337     0.1782     0.1636     0.1547     0.1589     0.2252
 155     1.4361   104.7314    -1.4444     1.4323    -0.2271     2.0695     0.1914     0.1547     0.1553     0.1691     0.2193
 156     1.4395   104.3364    -1.5094     1.2319    -0.2492     1.9779     0.1793     0.1667     0.1569     0.1715     0.2290
 157     1.4428   104.5911    -1.5094     1.1660    -0.2043     1.9456     0.1718     0.1571     0.1579     0.1639     0.2227
 158     1.4462   104.6970    -1.4507     1.1882    -0.2166     1.9006     0.1813     0.1616     0.1630     0.1657     0.2295
 159     1.4495   104.5822    -1.4418     1.2578     0.0160     1.9628     0.1819     0.1474     0.1657     0.1627     0.2217
 160     1.4528   104.6406    -1.0291     1.3996    -0.5210     1.7592     0.1839     0.1627     0.1575     0.1627     0.2264
 161     1.4562   104.1940    -1.4810     1.1548    -0.1128     1.9302     0.1862     0.1542     0.1537     0.1660     0.2177
 162     1.4595   104.4008    -1.3254     1.2146     0.0983     1.8419     0.1803     0.1699     0.1568     0.1624     0.2312
 163     1.4629   103.9408    -1.3198     1.2281    -0.6160     1.8540     0.1717     0.1505     0.1571     0.1436     0.2176
 164     1.4662   103.8635    -1.6092     0.8394    -0.1943     1.8649     0.1875     0.1634     0.1552     0.1696     0.2254
 165     1.4696   104.0653    -1.8732     0.9913    -0.0262     2.1508     0.1793     0.1695     0.1583     0.1535     0.2320
 166     1.4729   103.8683    -1.3957     1.2732    -0.3379     1.9117     0.1710     0.1537     0.1574     0.1610     0.2200
 167     1.4763   103.8161    -1.4520     0.9640    -0.1604     1.8201     0.1802     0.1600     0.1750     0.1668     0.2371
 168     1.4796   103.9273    -1.5113     1.2726    -0.0359     2.0115     0.1859     0.1629     0.1632     0.1517     0.2306
 169     1.4829   103.4132    -1.4774     1.1571    -0.2758     1.8995     0.1812     0.1681     0.1538     0.1514     0.2278
 170     1.4863   103.8375    -1.2347     1.1025     0.3568     1.6931     0.1799     0.1598     0.1548     0.1525     0.2225
 171     1.4896   103.2995    -1.3964     1.1330    -0.2250     1.8637     0.1752     0.1631     0.1481     0.1644     0.2203
 172     1.4930   103.8256    -1.3856     1.1703    -0.2426     1.8588     0.1717     0.1630     0.1682     0.1655     0.2342
 173     1.4963   103.7626    -1.2230     1.1407    -0.2126     1.7161     0.1649     0.1623     0.1531     0.1690     0.2231
 174     1.4997   103.4299    -1.4871     1.2062    -0.1775     1.9555     0.1729     0.1552     0.1590     0.1609     0.2222
 175     1.5030   103.6916    -1.4874     1.1972    -0.4214     1.9394     0.1747     0.1782     0.1636     0.1555     0.2419
 176     1.5063   103.5775    -1.5183     1.0666    -0.1503     1.8962     0.1702     0.1533     0.1673     0.1609     0.2269
 177     1.5097   103.9971    -1.4572     1.1070    -0.2223     1.8631     0.1855     0.1707     0.1652     0.1615     0.2375
 178     1.5130   103.7830    -1.2177     1.1389    -0.2213     1.7190     0.1875     0.1629     0.1484     0.1504     0.2203
 179     1.5164   104.1448    -1.6829     0.8873    -0.0723     1.9809     0.1892     0.1589     0.1549     0.1626     0.2220
 180     1.5197   104.2939    -1.3449     1.0636    -0.1289     1.7571     0.1763     0.1681     0.1629     0.1656     0.2341
 181     1.5231   103.6636    -0.9858     0.7169    -0.7507     1.3411     0.3408     0.2667     0.2609     0.2598     0.3731
 182     1.5264    99.0655    -1.8221    -0.7300    -2.2168     2.2187     0.7644     0.4512     0.5515     0.5358     0.7125
 183     1.5298   104.8243    -1.7489     0.8387    -0.4819     2.0034     0.2953     0.2405     0.2282     0.2384     0.3316
 184     1.5331   103.8391    -1.3474     0.4086    -0.9152     1.5372     0.3162     0.2500     0.2660     0.2710     0.3650
 185     1.5364   105.1047    -1.0460     0.9257    -0.5077     1.4918     0.2914     0.2939     0.2880     0.2653     0.4115
 186     1.5398   102.5108    -2.5246    -0.6295    -0.5276     3.0546     0.6762     0.6075     0.6280     0.5289     0.8737
 187     1.5431   102.2036    -1.3343     0.8438    -0.8079     1.6535     0.5078     0.3661     0.3914     0.3892     0.5359
 188     1.5465    96.7852    -1.7401     0.2316    -3.0236     2.0445     0.6430     0.4963     0.4485     0.5406     0.6689
 189     1.5498   104.1947    -2.1372     0.5105    -0.5654     2.2965     0.2738     0.2575     0.2811     0.2742     0.3812
 190     1.5532    99.8624    -1.5211    -0.4625    -2.5814     1.8042     0.4538     0.3816     0.3636     0.4083     0.5270
 191     1.5565   103.4884    -1.2806     0.7879     0.1460     1.5806     0.2569     0.2140     0.2090     0.2294     0.2991
 192     1.5598    93.1124    -1.0635    -0.8546    -1.5894     1.8535     0.8782     0.5865     0.5544     0.6975     0.8071
 193     1.5632   102.5165    -1.3143     0.7084    -0.8702     1.5961     0.3372     0.2696     0.2802     0.2937     0.3888
 194     1.5665   102.2537    -1.7239     0.7453    -0.8729     1.9884     0.2278     0.2022     0.1889     0.1835     0.2767
 195     1.5699   100.1448    -1.6162     1.0137    -0.5552     2.0242     0.2778     0.2107     0.2306     0.2373     0.3124
 196     1.5732   108.1951    -1.1301     1.4544     1.0920     2.0504     0.5206     0.4470     0.4443     0.4456     0.6303
 197     1.5766   104.9076     0.7448     1.3760     0.6791     5.3875     1.9782     2.1417     2.2559     1.5369     3.1106
 198     1.5799    99.2910    -1.4682     0.8260     0.1876     1.7999     0.3001     0.2218     0.2421     0.2753     0.3283
 199     1.5833   102.6630    -1.2856     0.9572    -0.1121     1.7142     0.2192     0.1915     0.1997     0.1982     0.2767
 200     1.5866   104.5370    -1.2416     0.7867    -0.1350     1.5420     0.1986     0.1811     0.1877     0.2157     0.2609
 201     1.5899    92.7307    -1.1462     0.0082    -2.0916     1.8708     0.6329     0.4594     0.4108     0.4281     0.6163
 202     1.5933   102.9232    -1.3582     1.0751    -0.6233     1.8305     0.2331     0.2230     0.1994     0.2113     0.2991
 203     1.5966   103.1711    -1.1543     0.9481    -0.2602     1.5456     0.1977     0.1796     0.1646     0.1695     0.2436
 204     1.6000   100.6134    -0.7338     2.3574    -1.7607     2.5327     0.2716     0.2321     0.2196     0.2325     0.3195
 205     1.6033   101.0083    -1.7062     0.5123    -0.3368     1.8873     0.2514     0.2112     0.1957     0.1990     0.2879
 206     1.6067   102.4235    -1.3737     0.6860    -0.2724     1.5968     0.2101     0.1804     0.1806     0.1738     0.2553
 207     1.6100   103.7250    -1.0356     1.2360    -0.0713     1.6482     0.1801     0.1555     0.1547     0.1612     0.2194
 208     1.6133   103.5886    -1.2326     1.2050     0.0653     1.7475     0.1808     0.1506     0.1525     0.1543     0.2143
 209     1.6167   102.5476    -1.0805     1.1132    -0.1553     1.5950     0.1920     0.1828     0.1688     0.1619     0.2488
 210     1.6200   101.4451    -1.5644     0.2991    -1.0154     1.6827     0.2302     0.2116     0.2257     0.2268     0.3094
 211     1.6234    93.6885    -2.7197    -1.0387     0.1162     3.2035     0.7774     0.6309     0.7152     0.6597     0.9537
 212     1.6301   103.8099    -1.0091     1.1606    -0.2666     1.5823     0.1727     0.1529     0.1541     0.1625     0.2171
 213     1.6334   102.9789    -1.2162     0.9403    -0.0728     1.5976     0.1713     0.1672     0.1628     0.1643     0.2334
 214     1.6368   103.1236    -1.0524     0.6495    -0.2142     1.2527     0.1785     0.1575     0.1519     0.1549     0.2189
 215     1.6401   102.9293    -1.1256     0.8021    -0.4737     1.4149     0.1621     0.1462     0.1713     0.1537     0.2252
 216     1.6434   102.8787    -1.0798     0.7819    -0.0836     1.3859     0.1755     0.1702     0.1397     0.1621     0.2202
 217     1.6468   103.0891    -1.0353     0.8906     0.0297     1.4541     0.1741     0.1593     0.1676     0.1594     0.2312
