# Source: SwiftJ1727
# Position: RA=-98.069512 deg, Dec=-16.205368 deg
# MS: 1697470274_sdp_l0_1k_1024ch_SwiftJ1727.ms
# Scan: all
# Start MJD: 60233.6599973822
# End MJD: 60233.6702708136
# Middle MJD: 60233.6651340979
# Duration: 0.2466 hours
# Columns: Channel Freq[GHz] I[mJy] Q[mJy] U[mJy] V[mJy] Plin[mJy] rms_I rms_Q rms_U rms_V rms_Plin
#
   0     0.9019   125.7945     3.5187    -1.4793     0.4510     3.8332     0.5935     0.5238     0.5413     0.5148     0.7532
   1     0.9035   124.2957     3.3128    -1.1414    -0.9869     3.6438     0.5139     0.3163     0.3402     0.3822     0.4645
   2     0.9052   124.8828     3.3299    -0.7043    -0.3400     3.4305     0.4579     0.3432     0.4311     0.3399     0.5511
   3     0.9069   124.7992     3.5808    -1.2053    -0.2333     3.8310     0.4399     0.3155     0.3788     0.3951     0.4930
   4     0.9086   124.5579     3.1498    -1.2083    -1.4743     3.4662     0.4286     0.3354     0.3765     0.3949     0.5042
   5     0.9102   122.8905     3.0172    -1.2166    -0.0272     3.3942     0.4301     0.3901     0.3470     0.3345     0.5221
   6     0.9119   124.2795     2.9659    -1.2574    -0.1369     3.3306     0.4133     0.3354     0.2973     0.3742     0.4481
   7     0.9136   123.1978     3.2420    -0.8949    -0.0948     3.4702     0.4607     0.3079     0.3888     0.3658     0.4960
   8     0.9152   123.4462     3.3881    -1.0921    -0.4251     3.6322     0.4342     0.3549     0.3580     0.3204     0.5041
   9     0.9169   123.9570     3.1798    -1.1174    -0.3938     3.5194     0.3981     0.3274     0.3382     0.3097     0.4707
  10     0.9186   124.4916     2.6237    -0.9412    -0.1474     3.0752     0.3922     0.3189     0.3190     0.2940     0.4511
  11     0.9203   123.7483     3.3676    -0.8415    -0.4842     3.5910     0.4514     0.3216     0.3268     0.3746     0.4585
  12     0.9219   122.7673     3.1978    -1.0849    -0.3379     3.5078     0.4560     0.3253     0.3417     0.3394     0.4718
  13     0.9236   121.9394     2.7909    -0.5325    -0.6144     2.9557     0.4318     0.3102     0.3210     0.3560     0.4464
  14     0.9253   122.5412     2.9260    -0.3674    -0.2704     3.0534     0.4256     0.3564     0.3143     0.3488     0.4751
  15     0.9270   122.5855     3.4267    -0.4397    -0.7507     3.6291     0.4366     0.3438     0.3141     0.3320     0.4657
  16     0.9286   123.4433     3.2049    -0.4724    -0.0056     3.3147     0.4221     0.3224     0.3107     0.2912     0.4477
  17     0.9303   122.2631     2.8926     0.0188    -0.5229     3.0373     0.3937     0.3363     0.3088     0.2987     0.4565
  18     0.9320   122.0681     2.9804    -0.8695     0.2714     3.1950     0.3969     0.3493     0.3213     0.3407     0.4746
  19     0.9336   122.9383     2.3124    -0.3948     0.9855     3.1655     0.9013     1.0200     0.9419     0.8756     1.3884
  20     0.9487   121.5142     2.9868    -1.1663     0.9835     5.5116     1.3457     1.5729     1.4631     1.5519     2.1481
  21     0.9504   121.3947     2.8708    -1.1788    -0.1618     3.1918     0.4305     0.3692     0.3728     0.4111     0.5247
  22     0.9520   121.5711     2.8434    -1.4273     0.1081     3.2253     0.3699     0.3442     0.3140     0.3144     0.4659
  23     0.9537   121.4177     2.5447    -0.7828    -0.4024     2.7923     0.4145     0.3572     0.3463     0.3667     0.4976
  24     0.9554   121.9557     2.2668    -0.1146     0.5990     2.7633     0.6396     0.6210     0.6097     0.7125     0.8703
  25     0.9570   122.9167     1.7169    -0.9300    -0.1306     2.9266     0.7399     0.5929     0.8290     0.6126     1.0192
  26     0.9587   122.7678     3.2415    -0.1378    -0.8846     3.3552     0.7256     0.6730     0.5844     0.6010     0.8913
  27     0.9604   123.6451     3.2411    -1.0154    -0.2793     3.5568     0.6693     0.5952     0.5324     0.5207     0.7985
  28     0.9621   122.4720     2.5967    -0.2337    -0.4289     2.7785     0.4246     0.3240     0.3303     0.3132     0.4627
  29     0.9637   120.8220     3.0712    -0.1595    -0.1213     3.2060     0.3820     0.3364     0.3396     0.3158     0.4780
  30     0.9654   120.6245     3.0790    -0.5096    -0.2333     3.1581     0.3850     0.3284     0.2911     0.2869     0.4388
  31     0.9671   119.9927     2.8346    -0.4225    -0.4606     2.9916     0.3861     0.3433     0.3230     0.3173     0.4713
  32     0.9687   120.0365     2.8689     0.0181    -0.6410     2.9295     0.3355     0.3093     0.3151     0.3317     0.4415
  33     0.9704   119.0418     2.5595     0.0299    -0.5725     2.6609     0.3824     0.3144     0.2890     0.3275     0.4270
  34     0.9721   119.5118     2.0756    -0.3069    -0.7710     2.2184     0.3702     0.3106     0.3271     0.3055     0.4511
  35     0.9738   118.8675     2.3157     0.2110    -0.1034     2.3672     0.3733     0.2964     0.3092     0.2930     0.4283
  36     0.9754   119.9300     2.3206     0.0353    -0.4326     2.4404     0.3614     0.3035     0.3073     0.3177     0.4319
  37     0.9771   119.2601     2.2434     0.4010    -0.0605     2.4139     0.3760     0.2861     0.2727     0.2544     0.3953
  38     0.9788   119.7265     2.5879     0.0508    -0.2080     2.6874     0.3608     0.3217     0.3064     0.2997     0.4442
  39     0.9805   119.0129     3.1345     0.0931    -0.5210     3.2372     0.3897     0.3329     0.2958     0.2863     0.4453
  40     0.9821   118.9556     3.1649     0.7239     1.0952     3.3701     0.3729     0.2649     0.2798     0.2699     0.3853
  41     0.9838   118.9658     3.0676    -0.0470    -0.4274     3.2243     0.3845     0.3007     0.3212     0.3024     0.4400
  42     0.9855   118.0146     2.4818     0.3477     0.1879     2.6026     0.3587     0.3133     0.2873     0.2956     0.4251
  43     0.9871   118.7951     2.5305     0.2731     0.2741     2.6284     0.3377     0.2583     0.3072     0.2890     0.4014
  44     0.9888   118.9148     2.5735    -0.0471     0.0147     2.7221     0.4298     0.3079     0.2898     0.3053     0.4228
  45     0.9905   118.9245     2.1205     0.3312    -0.4237     2.2510     0.3594     0.3184     0.3503     0.2962     0.4734
  46     0.9922   118.9837     2.4048    -0.0479    -0.1420     2.4741     0.3610     0.2657     0.2899     0.2922     0.3932
  47     0.9938   118.1587     2.4871     0.0845    -0.6248     2.5850     0.3564     0.3178     0.3252     0.3257     0.4547
  48     0.9955   118.1394     2.0893     0.1951    -1.0503     2.2735     0.3814     0.3100     0.2824     0.3023     0.4193
  49     0.9972   118.7794     2.7967     0.2553    -0.3950     3.0395     0.3692     0.2959     0.2902     0.2997     0.4145
  50     0.9988   119.1215     2.0453     0.8629    -0.3012     2.4197     0.3843     0.3074     0.3232     0.3353     0.4460
  51     1.0005   117.9658     2.7436     0.7939    -0.3762     2.9454     0.3534     0.2760     0.2849     0.2865     0.3967
  52     1.0022   118.2514     2.1230     0.6781    -0.2174     2.3591     0.3569     0.3057     0.2962     0.2999     0.4256
  53     1.0039   118.6077     2.4830     0.0480    -0.5946     2.6586     0.3699     0.2928     0.2934     0.2837     0.4145
  54     1.0055   118.0637     1.8312     0.3455    -0.5535     2.0756     0.3709     0.3277     0.3003     0.2694     0.4445
  55     1.0072   117.9169     2.4654     0.7027    -0.4980     2.6896     0.3757     0.2720     0.3180     0.2743     0.4185
  56     1.0089   117.5967     2.5032     0.5572    -0.5848     2.5873     0.3742     0.2574     0.3353     0.2790     0.4227
  57     1.0105   117.5953     2.5875     0.0103    -0.2192     2.6830     0.3246     0.2914     0.2899     0.2806     0.4111
  58     1.0122   118.1778     2.2529     0.0167    -0.7632     2.2649     0.3502     0.3211     0.2936     0.2946     0.4351
  59     1.0139   117.9842     2.3389     0.5758    -0.4718     2.5133     0.3447     0.3059     0.2635     0.2866     0.4037
  60     1.0156   118.4090     2.1292     0.3572    -0.9276     2.2511     0.3160     0.3157     0.3285     0.3233     0.4556
  61     1.0172   117.9687     2.0642     0.4580     0.0955     2.2064     0.3587     0.2934     0.3011     0.2839     0.4204
  62     1.0189   118.3085     2.3482     0.4027    -0.2194     2.4834     0.3245     0.2905     0.3136     0.3201     0.4275
  63     1.0206   117.4690     1.8326     0.1971    -0.3358     1.9478     0.3319     0.2973     0.3424     0.2850     0.4534
  64     1.0222   117.3348     2.5614     0.3611    -0.5642     2.6726     0.3065     0.2693     0.3039     0.3025     0.4061
  65     1.0239   116.8779     2.4041     0.7943    -0.0351     2.7242     0.3687     0.3013     0.3027     0.2881     0.4271
  66     1.0256   116.9404     2.1462     0.9262    -0.5159     2.4838     0.3535     0.3105     0.3075     0.2915     0.4370
  67     1.0273   116.0533     1.8689     0.2810    -0.2719     2.0254     0.3899     0.3247     0.3266     0.2855     0.4606
  68     1.0289   117.1582     2.8464     0.3022     0.3457     3.0100     0.5880     0.5347     0.4757     0.4663     0.7157
  69     1.0306   114.8695     2.4316     1.0828    -0.1224     2.8782     0.6893     0.5684     0.4918     0.5777     0.7516
  70     1.0323   117.5708     1.6934     0.9037    -0.4497     2.0505     0.4292     0.3802     0.3724     0.3260     0.5322
  71     1.0340   117.5026     1.8971     0.8005    -0.6275     2.1595     0.3329     0.3080     0.2924     0.3089     0.4247
  72     1.0356   118.0448     2.4237     0.4431     0.0201     2.5734     0.2950     0.2891     0.3304     0.3229     0.4390
  73     1.0373   117.3160     1.6653     0.9048     0.2398     1.9959     0.3221     0.3017     0.3155     0.2712     0.4365
  74     1.0390   116.4802     2.0014     0.5881     0.1182     2.0948     0.3281     0.2894     0.2967     0.3030     0.4145
  75     1.0406   114.9294     2.3802     1.3531    -0.0347     2.8178     0.3600     0.3242     0.3234     0.3171     0.4579
  76     1.0423   117.1305     1.5931     0.4356    -0.3125     1.8767     0.3199     0.3049     0.3074     0.3532     0.4329
  77     1.0440   116.3787     1.9229     0.4619    -0.2370     2.1936     0.3400     0.2712     0.2929     0.2868     0.3992
  78     1.0457   116.3615     1.5973     0.9877    -0.0634     2.0076     0.3127     0.3015     0.3220     0.2872     0.4411
  79     1.0473   116.5749     1.7400     1.0704    -0.9162     2.1256     0.3333     0.2921     0.3124     0.3002     0.4277
  80     1.0490   115.8689     1.6757     0.9564    -0.5201     2.0686     0.2972     0.2940     0.3177     0.2880     0.4328
  81     1.0507   116.1929     1.8473     1.0947    -0.7162     2.2645     0.3450     0.3128     0.3683     0.3051     0.4832
  82     1.0523   115.3912     2.2423     1.2461    -0.4640     2.7093     0.4258     0.3534     0.3258     0.3255     0.4806
  83     1.0540   116.4235     1.7195     0.5368    -0.0340     1.9610     0.3130     0.2695     0.2949     0.3168     0.3995
  84     1.0557   115.9199     1.2730     1.8617    -0.5642     2.3931     0.3484     0.2915     0.3106     0.3003     0.4260
  85     1.0574   115.8114     2.0007     1.4225    -0.4659     2.5664     0.2860     0.2877     0.3078     0.2682     0.4213
  86     1.0590   116.2954     1.8890     1.1470    -0.3335     2.3649     0.2981     0.2983     0.2767     0.2886     0.4069
  87     1.0607   115.8398     1.7010     1.2376    -0.2487     2.2438     0.3010     0.2965     0.3061     0.2931     0.4262
  88     1.0624   115.3603     1.7095     1.4739    -0.9492     2.4508     0.3018     0.2933     0.2518     0.2633     0.3866
  89     1.0640   114.9442     2.1282     1.5613     0.0891     2.7281     0.3227     0.3242     0.2946     0.2671     0.4381
  90     1.0657   115.4780     1.7587     1.4142    -0.3433     2.4854     0.3043     0.2935     0.2968     0.3156     0.4174
  91     1.0674   115.3589     2.2101     1.4263     0.3076     2.6945     0.3095     0.2710     0.3210     0.2839     0.4201
  92     1.0691   115.3491     1.5914     1.4322    -0.1360     2.3289     0.3188     0.3079     0.2948     0.2657     0.4263
  93     1.0707   115.2380     1.1820     0.7554    -0.1438     1.5308     0.3142     0.3276     0.2841     0.3348     0.4336
  94     1.0724   115.3346     1.4729     1.0839     0.6620     1.9825     0.2999     0.3075     0.3105     0.2446     0.4370
  95     1.0741   115.1609     1.5710     1.4637     0.3357     2.2595     0.3052     0.3084     0.2901     0.2765     0.4234
  96     1.0757   115.3525     1.8682     1.0566     0.1801     2.2374     0.3360     0.2883     0.2868     0.2886     0.4067
  97     1.0774   115.2935     1.5104     1.1379     0.0322     2.0154     0.3197     0.2947     0.2954     0.3025     0.4173
  98     1.0791   114.9736     1.4265     1.1987    -0.0018     2.0253     0.3032     0.3041     0.3063     0.2573     0.4316
  99     1.0808   115.1110     1.1331     1.8710     0.2918     2.2217     0.3128     0.3365     0.2785     0.2997     0.4368
 100     1.0824   114.0268     1.5454     2.2174     0.1676     2.8302     0.3205     0.2733     0.2815     0.2744     0.3923
 101     1.0841   114.6018     2.0054     2.5708     0.0036     3.2994     0.3287     0.2728     0.3075     0.3061     0.4111
 102     1.0858   114.6071     1.8307     3.1869     0.2029     3.7683     0.4712     0.3722     0.4326     0.4082     0.5707
 103     1.0875   112.6362     0.7439     7.8886    -2.4513     8.5235     2.3552     1.6218     1.9454     1.7154     2.5327
 104     1.0925   121.9641    18.7877     6.0143    -6.0149    23.2166     4.1507     4.1715     5.0989     4.4731     6.5879
 105     1.0941   113.7951     1.5283     3.2192    -0.0677     3.6149     0.3807     0.3369     0.3661     0.3588     0.4975
 106     1.0958   116.0835     1.1223     0.9086    -0.1687     1.6039     0.3157     0.3049     0.2722     0.2709     0.4087
 107     1.0975   114.9420     1.4255     1.4227     0.1084     2.2058     0.3040     0.2679     0.2880     0.2755     0.3934
 108     1.0992   114.2931     1.3265     1.5995    -0.3695     2.2328     0.3148     0.2955     0.2972     0.2559     0.4191
 109     1.1008   114.6614     0.9454     1.5695    -0.3069     2.0115     0.3251     0.3228     0.2996     0.2937     0.4404
 110     1.1025   110.6210     1.8221     2.0093    -0.9389     2.8442     0.4949     0.4193     0.4335     0.4387     0.6031
 111     1.1042   115.7213     1.3788     1.9841     0.4775     2.5244     0.3792     0.4057     0.3212     0.3494     0.5175
 112     1.1058   114.7662     1.1996     1.4274    -0.1305     1.9834     0.3311     0.3185     0.3520     0.3152     0.4747
 113     1.1075   112.0506     0.6958     1.4484    -0.2313     1.8497     0.3791     0.3641     0.3788     0.3265     0.5255
 114     1.1092   115.1957     1.5406     1.0688    -0.1583     1.9201     0.3177     0.2728     0.2753     0.3062     0.3876
 115     1.1109   114.3949     1.0954     1.4397     0.0272     1.9050     0.3390     0.3187     0.2931     0.2918     0.4329
 116     1.1125   111.9496     2.6640     1.1269    -0.5014     2.9882     0.3798     0.4048     0.3115     0.2838     0.5108
 117     1.1142   114.2692     1.3515     1.2253    -0.0884     1.8857     0.2843     0.3029     0.2554     0.3148     0.3962
 118     1.1159   113.2619     1.3779     0.9981     0.0237     1.8044     0.2826     0.2944     0.2869     0.2894     0.4111
 119     1.1175   113.7679     0.9294     1.2833     0.0842     1.7203     0.3072     0.3018     0.2752     0.2638     0.4085
 120     1.1192   114.1906     1.0042     1.1297    -0.0789     1.6535     0.3030     0.2745     0.2967     0.2620     0.4042
 121     1.1209   113.6641     1.1448     1.3864     0.0410     1.9604     0.2871     0.2859     0.2989     0.2794     0.4136
 122     1.1226   112.9864     0.8392     1.6361     0.0651     2.0262     0.2834     0.3259     0.3254     0.2887     0.4605
 123     1.1242   112.5556     0.4299     1.8200    -0.0387     2.2345     0.3659     0.3436     0.3547     0.3229     0.4938
 124     1.1259   113.5611     0.3378     2.2034    -0.4090     2.3963     0.3868     0.2834     0.3106     0.3379     0.4205
 125     1.1276   112.7834     1.3084     1.7813     0.0294     2.4686     0.3456     0.3340     0.3735     0.3473     0.5010
 126     1.1292   114.8210     1.2703     1.3049    -0.2853     1.9540     0.3178     0.2752     0.2939     0.2873     0.4026
 127     1.1309   114.2215     1.0945     1.2143    -0.0755     1.7873     0.3056     0.2951     0.2604     0.2945     0.3935
 128     1.1326   114.7811     0.4531     1.7369    -0.0588     1.9187     0.2741     0.3035     0.2958     0.2624     0.4238
 129     1.1343   115.0790     1.9280     1.7269    -0.0386     2.6993     0.3744     0.3957     0.2948     0.3539     0.4935
 130     1.1359   104.3594     2.2032     5.0613    -0.4624     5.6297     0.6181     0.4890     0.4516     0.4625     0.6656
 131     1.1376   111.4351     0.8714     1.9641     0.7541     2.3347     0.4235     0.3214     0.3364     0.3692     0.4653
 132     1.1393   114.8165     0.8998     1.7833     0.0918     2.0279     0.3440     0.3078     0.2749     0.2975     0.4127
 133     1.1410   112.9709     0.8879     1.8087     0.2123     2.1419     0.4438     0.3592     0.3236     0.3535     0.4835
 134     1.1426   113.7051     0.4956     1.3213    -0.8101     1.5852     0.3587     0.3221     0.3323     0.3166     0.4628
 135     1.1443   116.3827     0.7100     1.0538    -0.2485     1.6423     0.4016     0.4160     0.3694     0.4028     0.5564
 136     1.1460   113.2603     1.4580     1.5397    -0.2991     2.2368     0.4742     0.4249     0.4182     0.4099     0.5961
 137     1.1476   111.7282    -0.0170     1.6404    -0.6449     1.9811     0.5291     0.4293     0.4733     0.4467     0.6389
 138     1.1493   111.5530     0.5751     0.9000     0.4764     1.4128     0.5158     0.4658     0.4371     0.5045     0.6388
 139     1.1510   110.3474     1.7067     1.4454    -0.0877     2.4517     0.4979     0.4598     0.3829     0.3949     0.5984
 140     1.1527   113.7424     1.1165     1.4977     0.2734     2.0440     0.3685     0.3457     0.2943     0.3893     0.4541
 141     1.1543   113.6609     0.7831     1.4008    -0.4511     1.6792     0.3084     0.3576     0.3229     0.3193     0.4818
 142     1.1560   114.2324     1.2756     1.7071    -0.1144     2.2395     0.3212     0.3178     0.3204     0.3059     0.4513
 143     1.1577   114.3370     1.2742     1.5627    -0.1796     2.1135     0.3290     0.2832     0.3035     0.3242     0.4151
 144     1.1593   113.3290     0.5338     1.4239    -1.0133     1.6437     0.3990     0.4214     0.3334     0.3595     0.5374
 145     1.1610   111.0876     0.9745     1.4631    -1.0743     1.9662     0.4233     0.3545     0.3605     0.3585     0.5056
 146     1.1627   113.0697     0.7414     0.8835    -0.5576     1.4781     0.4467     0.3626     0.3618     0.3940     0.5122
 147     1.1644   112.7252     0.7683     1.6464    -0.3682     2.1013     0.3677     0.3447     0.3189     0.3427     0.4696
 148     1.1660   113.3957     0.5831     1.0410     0.2166     1.4626     0.3453     0.3363     0.3095     0.3122     0.4570
 149     1.1677   113.3224     1.4740     1.9614    -0.9201     2.6110     0.4219     0.3976     0.4191     0.3632     0.5777
 150     1.1694   112.3096    -0.4335     0.8938     0.3863     1.6984     0.9158     0.8350     0.8980     0.8440     1.2262
 151     1.1710   116.1454     8.4987    -7.5382    -0.8511    13.6350     6.1080     5.0818     3.4228     2.1923     6.1270
 152     1.1827   116.5724     3.4537    -0.8543     0.7991     4.1257     1.0773     1.1868     1.1586     1.1890     1.6585
 153     1.1844   113.6206     0.2635     1.2737     0.0036     2.0240     0.5194     0.6264     0.4838     0.5697     0.7915
 154     1.1861   113.2841    -0.2691     1.1851    -0.0579     1.3555     0.3913     0.3447     0.3229     0.3421     0.4723
 155     1.1878   113.9220     0.7349     1.6793    -0.1529     1.9581     0.3252     0.3320     0.2867     0.3193     0.4386
 156     1.1894   112.1829     0.5898     0.9643     0.2710     1.6457     0.3820     0.4255     0.3981     0.3917     0.5827
 157     1.1911   108.9280    -0.6643     1.9144    -0.4360     2.4141     0.4646     0.3980     0.4366     0.4924     0.5908
 158     1.1928   110.7629     0.1332     2.1387     0.7108     2.2338     0.4607     0.3943     0.4178     0.3778     0.5745
 159     1.1945   113.3406     0.5146     1.8185     0.1371     2.0227     0.3721     0.4037     0.3580     0.3371     0.5395
 160     1.1961   114.5870     0.2057     1.6675    -0.0241     1.9980     0.3265     0.3122     0.3034     0.3420     0.4354
 161     1.1978   114.9772     0.3299    -0.0559    -0.8426     0.6872     0.4714     0.3613     0.3894     0.4193     0.5312
 162     1.1995   114.4341    -0.7008     0.9224    -0.1207     1.9321     0.5491     0.4737     0.5235     0.4964     0.7060
 163     1.2011   110.7650    -0.2656     0.9600    -1.1127     1.6158     0.7525     0.6805     0.7588     1.0268     1.0193
 164     1.2028   106.9971     0.4270     0.9720     0.8726     2.7674     1.3799     1.2866     1.3661     1.2733     1.8766
 165     1.2045   124.3536     0.9634    -0.5052     3.0681     3.4316     2.5606     2.7080     1.7123     1.8639     3.2039
 166     1.2062   121.3254     5.5390    -7.5716    -1.6632    14.4835     5.5030     4.6103     5.9739     7.1349     7.5460
 167     1.2078   128.1948     8.1194    -9.2242    -9.4526    15.6907     9.3193     7.2516     6.1820     8.9844     9.5291
 168     1.2095   121.0596     4.5423     0.3371    -0.9333     8.2091     3.0411     2.6099     2.7698     1.5158     3.8057
 169     1.2112   103.5200    -1.0120    -0.0283     1.4856     3.1200     1.4458     1.1093     1.2820     1.3116     1.6953
 170     1.2128   112.4397    -0.6997     2.7003     0.4493     2.9865     0.7867     0.6779     0.6712     0.7942     0.9540
 171     1.2145   115.4046    -0.5026     2.0125    -0.5790     2.2373     0.5325     0.5200     0.4666     0.4750     0.6986
 172     1.2162   115.0256    -0.4763     1.3877    -0.5692     1.7534     0.4486     0.3375     0.4295     0.3946     0.5463
 173     1.2179   111.8918    -0.4051     0.5527    -0.6221     1.2321     0.3913     0.3421     0.3451     0.3518     0.4860
 174     1.2195   112.7608    -0.5018     1.8066    -0.1752     2.1841     0.4277     0.3816     0.3537     0.3724     0.5203
 175     1.2212   112.3081     0.6354     2.6444     0.2728     2.6742     0.4666     0.4302     0.4077     0.4007     0.5928
 176     1.2229   111.2440    -0.1202     2.5207     0.3228     2.9378     0.5652     0.5017     0.5161     0.5750     0.7198
 177     1.2245   114.4435     0.9506     1.3704    -0.4153     1.9637     0.8141     0.6353     0.6290     0.7387     0.8940
 178     1.2262   113.5987     1.7051     5.0153    -0.6820     5.5264     1.2810     1.1190     1.0531     0.9710     1.5366
 179     1.2279   101.1231    -1.4311     4.8695     6.3793     6.8633     2.6135     2.1032     2.3630     2.5112     3.1635
 180     1.2296   113.1935     0.9639     2.1950     0.3264     3.2442     1.0090     0.9022     1.0354     0.8361     1.3734
 181     1.2312   108.8869     0.3778     2.2628     0.9980     2.4768     0.6283     0.5679     0.5498     0.6543     0.7904
 182     1.2329   111.4515     0.1464     2.4189    -1.0876     2.5546     0.5352     0.4491     0.4482     0.4502     0.6344
 183     1.2346   112.9193    -0.6162     2.2364    -0.4732     2.4802     0.4820     0.3891     0.4158     0.3884     0.5695
 184     1.2362   111.7179    -0.4920     1.9365    -0.9108     2.2636     0.4684     0.4042     0.4020     0.4395     0.5701
 185     1.2379   108.9854     0.2328     2.2985    -0.7192     2.5239     0.4218     0.3417     0.3437     0.3698     0.4846
 186     1.2396   111.8837    -0.2557     1.6479    -0.1211     1.7532     0.3689     0.3070     0.2985     0.3013     0.4282
 187     1.2413   111.0575     0.4487     1.8556     0.6129     1.9482     0.3390     0.3226     0.2677     0.3184     0.4192
 188     1.2429   111.5835     0.5889     1.2965     0.2746     1.6340     0.3924     0.3388     0.3401     0.3823     0.4800
 189     1.2446   109.2420     0.6602     2.3133     1.8243     2.5277     0.6486     0.4570     0.4215     0.5347     0.6217
 190     1.2463   105.4260     0.2308    -0.0547    -2.4035     0.8844     0.6934     0.4928     0.5160     0.5959     0.7135
 191     1.2480   110.7054    -1.9163     2.4007     0.0548     3.2406     0.4873     0.4663     0.4862     0.5254     0.6737
 192     1.2496   114.9011    -0.4068     1.5150    -0.5622     1.7066     0.3454     0.3652     0.3628     0.3716     0.5148
 193     1.2513   112.0731    -0.3796     2.5579    -0.3976     2.6655     0.3552     0.3499     0.3280     0.3044     0.4796
 194     1.2530   110.3935    -0.6279     1.9388    -0.1948     2.1377     0.3888     0.3426     0.3202     0.3489     0.4689
 195     1.2546   108.1033    -0.3772     1.7066     1.3348     1.9004     0.4180     0.3362     0.3301     0.3468     0.4712
 196     1.2563   111.4768    -0.4442     1.6910     0.5824     1.8805     0.3648     0.3151     0.3285     0.3141     0.4552
 197     1.2580   112.1543     0.0939     1.7685    -0.2781     1.8805     0.3184     0.3062     0.3258     0.2915     0.4471
 198     1.2597   112.4185     0.0270     2.2580    -0.1904     2.4367     0.4275     0.4372     0.3934     0.3847     0.5881
 199     1.2613   109.8084    -0.7277     2.3313     0.3832     2.6378     0.6850     0.5944     0.5551     0.5489     0.8133
 200     1.2630   105.4613    -2.1527     1.1130     0.2115     3.8399     1.4567     1.0777     1.1820     1.2978     1.5996
 201     1.2730   110.9242    -8.3744     5.5341    -8.2478    15.8241     6.6048     5.5418     9.0884     6.0713    10.6447
 202     1.2747   119.7839     1.7676     0.3911    -0.7559     3.0068     1.0472     0.8898     1.1321     0.9205     1.4400
 203     1.2764   118.0596     2.8152     1.6138    -1.7251     5.3733     1.5798     1.9409     1.9014     1.4636     2.7171
 204     1.2780    97.0736    -7.8976     3.2046    -1.7152    10.9669     4.0969     2.7775     2.9164     3.8063     4.0274
 205     1.2797    98.8118     1.1944     4.8799     5.1737     7.6818     3.6133     2.6651     3.6475     2.9089     4.5174
 206     1.2814   112.2804    -1.7106     2.7185    -0.5203     4.0456     1.3025     1.2195     1.4988     1.1699     1.9322
 207     1.2831   113.7668    -0.1092     1.1595    -0.5504     1.7518     0.4611     0.4476     0.5127     0.5096     0.6806
 208     1.2847   112.1032     0.3605     2.0384    -0.5331     2.1993     0.4347     0.4240     0.4646     0.4628     0.6290
 209     1.2864   111.5457     1.4487     3.4066     1.7159     4.2475     1.1211     0.8924     0.9262     0.9826     1.2862
 210     1.2881   111.8014     1.1039     3.7557    -3.4508     8.8712     3.1014     4.3305     4.1680     3.5123     6.0104
 211     1.2897   108.0331    -0.0968     5.7224    -4.5922     8.2019     2.6252     3.4203     3.1792     3.7537     4.6697
 212     1.2914   107.6306    -0.5387     1.8484     1.0640     6.2180     2.2052     2.1217     2.0035     2.0596     2.9181
 213     1.2931   109.8176    -0.8238     1.9921     0.8472     2.6029     0.6054     0.5330     0.5141     0.5778     0.7405
 214     1.2948   111.4248    -1.5294     2.1494     0.1388     2.7433     0.3677     0.3272     0.3186     0.3828     0.4567
 215     1.2964   109.5286    -0.1856     2.4565    -0.4389     2.4499     0.3285     0.3089     0.3031     0.3295     0.4327
 216     1.2981   109.9532    -0.3560     1.6123     0.0423     1.7427     0.3194     0.2692     0.2727     0.2762     0.3832
 217     1.2998   110.2688     0.1191     1.7714     0.0990     1.8896     0.2757     0.2875     0.2405     0.2567     0.3748
 218     1.3015   108.6226    -0.3166     1.8642     0.6529     1.8425     0.2885     0.2575     0.2690     0.2972     0.3724
 219     1.3031   109.4572    -0.4479     1.4455    -0.2286     1.5903     0.2620     0.2573     0.2557     0.2692     0.3628
 220     1.3048   109.4768     0.0578     1.9011    -0.3869     2.0757     0.2634     0.2360     0.2716     0.2512     0.3598
 221     1.3065   109.3815    -0.1256     2.0846    -0.6648     2.2304     0.2557     0.2339     0.2550     0.2348     0.3460
 222     1.3081   108.8395    -0.1656     2.0446     0.1374     2.1083     0.2470     0.2496     0.2675     0.2379     0.3659
 223     1.3098   108.9850    -0.5607     2.0865     0.1238     2.2726     0.2686     0.2294     0.2592     0.2441     0.3462
 224     1.3115   109.3881    -0.5099     2.3033    -0.2618     2.4309     0.2533     0.2506     0.2425     0.2212     0.3487
 225     1.3132   108.9413    -0.5389     2.1776    -0.5185     2.3488     0.2642     0.2533     0.2453     0.2375     0.3526
 226     1.3148   109.1055    -0.3374     1.7542    -0.2529     1.8499     0.2556     0.2304     0.2530     0.2533     0.3422
 227     1.3165   108.8692    -0.1222     1.8781     0.1637     1.9081     0.2487     0.2893     0.2534     0.2341     0.3846
 228     1.3182   108.4664    -0.3469     2.0596    -0.1811     2.1446     0.2451     0.2605     0.2256     0.2328     0.3446
 229     1.3198   108.7722    -0.5261     1.9743    -0.0300     2.0826     0.2744     0.2483     0.2349     0.2457     0.3418
 230     1.3215   108.9305    -0.7610     2.1421     0.1033     2.3666     0.2201     0.2396     0.2230     0.2556     0.3273
 231     1.3232   108.8156    -0.9365     2.3336    -0.1481     2.5700     0.2498     0.2440     0.2532     0.2397     0.3517
 232     1.3249   108.9524    -0.0668     2.1872    -0.0351     2.2741     0.2352     0.2573     0.2321     0.2275     0.3465
 233     1.3265   108.9653    -0.7177     1.9056    -0.3739     2.1968     0.2552     0.2661     0.2665     0.2572     0.3767
 234     1.3282   108.5954    -0.4087     1.8333     0.0516     1.9143     0.2313     0.2426     0.2585     0.2564     0.3545
 235     1.3299   108.4090    -0.4608     2.2931    -0.0096     2.3974     0.2319     0.2298     0.2606     0.2390     0.3474
 236     1.3315   108.5225    -0.6900     2.4539     0.2314     2.5728     0.2472     0.2821     0.2708     0.2506     0.3911
 237     1.3332   108.4787    -0.6908     1.9602     0.1519     2.1455     0.2263     0.2308     0.2248     0.2482     0.3221
 238     1.3349   108.5026    -0.4642     2.1178    -0.0725     2.2752     0.2554     0.2271     0.2521     0.2496     0.3393
 239     1.3366   107.8463    -0.4339     2.1353    -0.3011     2.2241     0.2805     0.2408     0.2292     0.2729     0.3324
 240     1.3382   108.0710    -0.2113     2.5710    -0.0546     2.6439     0.2474     0.2370     0.2469     0.2285     0.3422
 241     1.3399   108.4172    -0.7503     2.0527    -0.4335     2.2270     0.2533     0.2310     0.2429     0.2282     0.3352
 242     1.3416   108.8127    -1.1352     1.7539    -0.0224     2.1596     0.2656     0.2292     0.2409     0.2854     0.3325
 243     1.3432   108.2757    -0.3151     1.6088     0.2585     1.7226     0.2558     0.2896     0.2343     0.2282     0.3725
 244     1.3449   108.6682    -0.6545     2.2476    -0.1913     2.4508     0.2666     0.2548     0.2324     0.2535     0.3449
 245     1.3466   108.6095    -0.9056     2.1634    -0.0815     2.3945     0.2443     0.2535     0.2366     0.2469     0.3467
 246     1.3483   108.1185    -0.8665     2.0840     0.3656     2.3684     0.2495     0.2498     0.2558     0.2329     0.3576
 247     1.3499   107.9865    -0.3747     2.0377    -0.0182     2.0869     0.2624     0.2576     0.2652     0.2401     0.3698
 248     1.3516   107.8860    -0.4257     1.9815     0.1738     2.1452     0.2318     0.2466     0.2597     0.2480     0.3582
 249     1.3533   107.9969    -0.8915     1.7544    -0.2937     2.0416     0.2646     0.2431     0.2259     0.2391     0.3319
 250     1.3550   108.1726    -0.9007     2.0734    -0.2575     2.3406     0.2552     0.2562     0.2497     0.2730     0.3577
 251     1.3566   108.0662    -0.3661     2.1686    -0.0789     2.2608     0.2580     0.2275     0.2502     0.2509     0.3382
 252     1.3583   107.8616    -0.6690     2.2352    -0.1120     2.4056     0.2425     0.2475     0.2307     0.2586     0.3384
 253     1.3600   107.8790    -0.6500     2.2762    -0.1008     2.4340     0.2362     0.2647     0.2383     0.2482     0.3562
 254     1.3616   108.0503    -0.6231     2.5875     0.3769     2.7046     0.2268     0.2406     0.2541     0.2381     0.3500
 255     1.3633   108.3491    -0.9070     2.3316    -0.1463     2.5525     0.2445     0.2474     0.2414     0.2335     0.3457
 256     1.3650   107.7791    -0.8304     2.1056    -0.3431     2.3649     0.2470     0.2497     0.2434     0.2257     0.3487
 257     1.3667   107.7511    -0.4868     2.7700    -0.0482     2.8902     0.2579     0.2328     0.2492     0.2322     0.3410
 258     1.3683   108.1140    -0.2986     2.0671     0.1658     2.1616     0.2404     0.2412     0.2551     0.2317     0.3510
 259     1.3700   107.3351    -0.9301     2.3407    -0.0318     2.5951     0.2371     0.2599     0.2451     0.2402     0.3572
 260     1.3717   107.6778    -0.5056     1.9263     0.0184     2.0108     0.2525     0.2530     0.2330     0.2390     0.3439
 261     1.3733   107.3054    -0.5451     1.9052     0.1468     2.0892     0.2518     0.2424     0.2486     0.2150     0.3472
 262     1.3750   107.3010    -0.7911     2.0708    -0.0157     2.3217     0.2466     0.2400     0.2532     0.2267     0.3489
 263     1.3767   107.4543    -0.4912     1.8520    -0.1637     1.9854     0.2457     0.2415     0.2269     0.2317     0.3314
 264     1.3784   107.7365    -0.3584     2.5708    -0.3170     2.6628     0.2458     0.2551     0.2480     0.2515     0.3558
 265     1.3800   107.2250    -1.0168     2.2789     0.2580     2.5910     0.3029     0.2449     0.2524     0.2356     0.3517
 266     1.3817   106.8939    -0.3124     2.1743     0.0065     2.3125     0.2700     0.2740     0.2416     0.2484     0.3653
 267     1.3834   107.4754    -0.6488     2.6768    -0.0665     2.8723     0.2435     0.2326     0.2492     0.2485     0.3409
 268     1.3850   107.2520    -0.7117     1.6158     0.1536     1.8275     0.2460     0.2323     0.2210     0.2465     0.3207
 269     1.3867   106.5403    -0.8647     2.5133    -0.0778     2.7643     0.2420     0.2450     0.2240     0.2287     0.3320
 270     1.3884   107.5336    -0.9729     2.0345    -0.5179     2.3232     0.2260     0.2506     0.2472     0.2518     0.3520
 271     1.3901   106.9823    -1.0258     1.8240    -0.0015     2.1747     0.2365     0.2274     0.2638     0.2376     0.3483
 272     1.3917   106.7539    -0.8082     2.0226    -0.0003     2.2428     0.2589     0.2327     0.2219     0.2488     0.3216
 273     1.3934   106.9775    -0.4870     2.2205    -0.1462     2.3633     0.2221     0.2521     0.2258     0.2334     0.3384
 274     1.3951   107.2086    -0.5342     1.8430     0.3675     1.9778     0.2335     0.2313     0.2656     0.2411     0.3522
 275     1.3967   106.8708    -0.7785     2.0414    -0.4610     2.2601     0.2201     0.2270     0.2423     0.2410     0.3320
 276     1.3984   107.0146    -0.6726     2.1111     0.0923     2.3738     0.2447     0.2381     0.2345     0.2300     0.3342
 277     1.4001   106.6923    -0.7926     1.9901    -0.1697     2.2194     0.2279     0.2139     0.2724     0.2351     0.3463
 278     1.4018   106.6363    -0.6822     2.4223    -0.3469     2.5547     0.2435     0.2279     0.2341     0.2384     0.3267
 279     1.4034   106.9124    -0.7671     2.0916     0.0423     2.2973     0.2381     0.2484     0.2415     0.2514     0.3465
 280     1.4051   106.7292    -0.9994     2.1631    -0.0222     2.4418     0.2682     0.2337     0.2521     0.2488     0.3438
 281     1.4068   106.7762    -0.5830     2.2709     0.0469     2.4256     0.2679     0.2319     0.2614     0.2382     0.3494
 282     1.4085   107.0127    -0.9506     2.2366    -0.1759     2.5034     0.2383     0.2228     0.2254     0.2279     0.3169
 283     1.4101   106.7409    -1.2450     2.2201    -0.0711     2.5997     0.2438     0.2506     0.2668     0.2336     0.3661
 284     1.4118   106.1391    -0.7686     2.2799     0.2499     2.4792     0.2470     0.2263     0.2304     0.2281     0.3230
 285     1.4135   106.4289    -0.4240     2.1479     0.3870     2.2929     0.2580     0.2452     0.2276     0.2225     0.3346
 286     1.4151   106.3406    -0.6659     2.6679    -0.6180     2.8139     0.2526     0.2163     0.2326     0.2465     0.3176
 287     1.4168   106.6596    -0.8737     2.2834    -0.2668     2.5440     0.2685     0.2374     0.2654     0.2461     0.3560
 288     1.4185   106.3570    -1.2239     2.3082    -0.4741     2.6757     0.3243     0.3202     0.3254     0.3119     0.4565
 289     1.4235   106.5488    -0.6153     2.2553     0.0928     2.4473     0.2406     0.2398     0.2588     0.2287     0.3528
 290     1.4252   105.7429    -1.1587     2.4251     0.2436     2.8365     0.2384     0.2382     0.2374     0.2172     0.3363
 291     1.4268   106.2961    -1.0133     2.3290    -0.1021     2.6607     0.2500     0.2434     0.2453     0.2581     0.3456
 292     1.4285   106.3054    -0.9866     2.6030     0.0163     2.8783     0.2516     0.2258     0.2796     0.2275     0.3594
 293     1.4302   106.1412    -1.0729     2.5640    -0.3195     2.8511     0.2352     0.2568     0.2319     0.2443     0.3460
 294     1.4319   106.2598    -0.7824     2.4301    -0.0081     2.6178     0.2314     0.2502     0.2158     0.2565     0.3304
 295     1.4335   106.0440    -0.6432     2.3469     0.1784     2.4863     0.2652     0.2590     0.2521     0.2518     0.3615
 296     1.4352   106.1148    -0.6425     2.4734     0.1066     2.6374     0.2448     0.2275     0.2493     0.2259     0.3376
 297     1.4369   105.8858    -0.7813     2.2543    -0.2125     2.4448     0.2644     0.2563     0.2331     0.2619     0.3465
 298     1.4385   106.4972    -0.9554     2.3505    -0.0501     2.6099     0.2756     0.2464     0.2377     0.2251     0.3424
 299     1.4402   106.0525    -0.9652     2.3161     0.0186     2.5990     0.2398     0.2321     0.2536     0.2432     0.3438
 300     1.4419   105.9517    -1.3844     2.3081     0.0793     2.7905     0.2378     0.2420     0.2362     0.2291     0.3382
 301     1.4436   105.3542    -1.3422     1.9421    -0.3965     2.4212     0.2508     0.2430     0.2266     0.2571     0.3323
 302     1.4452   105.8417    -0.7285     2.2772     0.1004     2.4509     0.2424     0.2289     0.2338     0.2302     0.3273
 303     1.4469   105.7490    -0.6423     2.3190    -0.4668     2.4396     0.2458     0.2391     0.2365     0.2624     0.3363
 304     1.4486   105.9001    -1.3324     2.2483    -0.2190     2.6691     0.2399     0.2598     0.2614     0.2314     0.3685
 305     1.4502   105.7618    -0.9434     2.3381    -0.0073     2.7070     0.2551     0.2560     0.2397     0.2314     0.3507
 306     1.4519   105.7276    -0.7439     2.5295    -0.0790     2.7206     0.2358     0.2442     0.2198     0.2405     0.3286
 307     1.4536   105.5391    -1.2568     2.3393    -0.0262     2.7822     0.2662     0.2405     0.2304     0.2197     0.3331
 308     1.4553   105.5562    -1.1769     2.7631    -0.7295     3.0712     0.2361     0.2389     0.2494     0.2295     0.3453
 309     1.4569   105.4517    -0.8393     2.4428    -0.0328     2.6371     0.2383     0.2375     0.2415     0.2389     0.3387
 310     1.4586   105.4639    -1.0960     2.3352     0.2221     2.6943     0.2523     0.2453     0.2220     0.2298     0.3308
 311     1.4603   105.8581    -1.1397     2.4198     0.2068     2.7468     0.2498     0.2518     0.2382     0.2386     0.3466
 312     1.4620   105.6842    -1.5948     2.2157     0.2585     2.8116     0.2547     0.2744     0.2417     0.2295     0.3656
 313     1.4636   105.3104    -1.4350     2.4135     0.0353     2.8579     0.2357     0.2408     0.2406     0.2238     0.3404
 314     1.4653   105.2889    -0.8552     2.3632     0.0407     2.5486     0.2472     0.2385     0.2276     0.2343     0.3297
 315     1.4670   105.2611    -0.9502     2.3454    -0.0482     2.6375     0.2566     0.2697     0.2466     0.2311     0.3654
 316     1.4686   105.5213    -0.8984     2.0749    -0.2298     2.3166     0.2355     0.2215     0.2368     0.2383     0.3242
 317     1.4703   105.0586    -1.2858     2.3890     0.3294     2.7797     0.2402     0.2435     0.2384     0.2340     0.3408
 318     1.4720   105.2928    -0.7713     2.6162     0.4533     2.8220     0.2541     0.2580     0.2398     0.2331     0.3522
 319     1.4737   105.2218    -1.4841     2.2643    -0.2118     2.7799     0.2445     0.2320     0.2269     0.2479     0.3245
 320     1.4753   105.8244    -1.1796     2.0836     0.2489     2.4893     0.2505     0.2561     0.2494     0.2283     0.3575
 321     1.4770   104.9643    -0.7005     2.1679    -0.3489     2.4447     0.2498     0.2417     0.2308     0.2495     0.3342
 322     1.4787   105.1892    -1.0860     2.4048     0.1887     2.7317     0.2429     0.2330     0.2337     0.2637     0.3300
 323     1.4803   105.0687    -1.1931     2.4228     0.0947     2.7841     0.2635     0.2529     0.2427     0.2481     0.3505
 324     1.4820   105.0694    -1.2864     2.1568     0.1831     2.5664     0.2438     0.2293     0.2346     0.2399     0.3281
 325     1.4837   104.7419    -1.4916     2.2514     0.0924     2.7418     0.2481     0.2366     0.2282     0.2275     0.3287
 326     1.4854   105.0388    -0.6688     2.3192    -0.6379     2.4679     0.2414     0.2544     0.2233     0.2571     0.3384
 327     1.4870   105.3606    -1.1223     1.9398     0.4471     2.3731     0.2380     0.2797     0.2427     0.2222     0.3703
 328     1.4887   104.5835    -0.9226     2.5418     0.5182     2.7465     0.2653     0.2235     0.2198     0.2680     0.3135
 329     1.4904   105.0861    -0.8169     2.0301     0.2639     2.3213     0.2387     0.2396     0.2383     0.2390     0.3379
 330     1.4920   104.4374    -1.2257     2.1532    -0.1656     2.5645     0.2535     0.2550     0.2655     0.2585     0.3681
 331     1.4937   104.6214    -1.3837     1.9984    -0.0247     2.5090     0.2402     0.2462     0.2587     0.2543     0.3571
 332     1.4954   105.3516    -1.3355     2.3927     0.0226     2.8123     0.2393     0.2406     0.2395     0.2571     0.3395
 333     1.4971   104.5524    -1.3710     2.3845     0.4073     2.8028     0.2414     0.2231     0.2450     0.2221     0.3314
 334     1.4987   104.6739    -1.5464     2.5411     0.0448     3.0198     0.2476     0.2410     0.2591     0.2370     0.3539
 335     1.5004   104.3799    -0.8262     2.4106    -0.1232     2.6789     0.2336     0.2339     0.2154     0.2470     0.3179
 336     1.5021   104.5594    -1.7010     2.2539     0.1032     2.8738     0.2395     0.2393     0.2380     0.2265     0.3375
 337     1.5037   104.6995    -1.2168     2.7209     0.6896     3.0705     0.2592     0.2545     0.2449     0.2540     0.3532
 338     1.5054   104.7484    -0.9996     2.2572     0.2963     2.5363     0.2335     0.2270     0.2431     0.2145     0.3326
 339     1.5071   104.5814    -0.9160     2.3390     0.0111     2.5786     0.2639     0.2403     0.2426     0.2316     0.3414
 340     1.5088   104.7528    -1.2289     1.9629     0.0430     2.3592     0.2564     0.2396     0.2287     0.2125     0.3312
 341     1.5104   104.2939    -1.2048     2.3064     0.3248     2.6585     0.2262     0.2459     0.2245     0.2400     0.3330
 342     1.5121   104.2248    -0.9830     2.0855     0.3193     2.5259     0.2408     0.2491     0.2591     0.2501     0.3594
 343     1.5138   104.2337    -1.0327     2.1876    -0.0605     2.4781     0.2597     0.2484     0.2329     0.2436     0.3405
 344     1.5155   104.3789    -0.9857     1.9830     0.2720     2.3409     0.2491     0.2756     0.2630     0.2407     0.3810
 345     1.5171   103.9453    -1.0160     1.6776     0.3737     2.1342     0.3234     0.3235     0.2999     0.3132     0.4412
 346     1.5188   101.3662    -0.2852     1.3049     0.2601     2.0773     0.7370     0.8183     0.6237     0.8577     1.0289
 347     1.5205   105.8420    -2.1623     1.7322    -0.0190     3.0738     0.6499     0.6294     0.6335     0.6018     0.8930
 348     1.5221   104.6449    -1.1207     1.9670     0.0454     2.3499     0.2627     0.2292     0.2298     0.2455     0.3245
 349     1.5238   105.0658    -2.5607    -0.6576    -2.8021     4.3278     1.8281     1.2140     1.4777     1.6329     1.9124
 350     1.5255   117.7498   -17.6378    -6.4785     1.5308    19.5648     8.5144     3.5592     4.2293     7.8148     5.5276
 351     1.5272   108.7070    -1.5025    -4.5993     4.6558     9.7636     6.9532     6.5686     7.8049     4.3217    10.2011
 352     1.5288   106.4783    -3.5966    -3.2823    -3.3812     6.9074     1.9173     2.1087     1.5643     1.7666     2.6256
 353     1.5305   105.2595    -2.1034    -3.8237    -0.1511     4.9402     1.6212     1.1269     1.1803     1.5319     1.6318
 354     1.5322   101.9384    -1.1594     1.7371     3.4356     3.6996     1.3435     1.2143     1.3166     1.8427     1.7911
 355     1.5338   107.1957    -2.9199     2.8536     0.3292     4.3335     0.8031     0.5830     0.6879     0.6984     0.9017
 356     1.5355   106.7325     1.4389    -0.4286    -2.6744     3.8704     1.6054     1.6249     1.5695     1.7372     2.2592
 357     1.5372   105.6136    -1.4300     2.2049     1.4454     4.2527     2.4577     1.4173     1.9371     2.7358     2.4002
 358     1.5455    97.0613    -3.6477   -36.1561     3.5932    44.8670    10.6920     6.1814    11.2062    15.1547    12.7980
 359     1.5472    97.4580    -3.4076    -1.4609    -2.4411     6.6874     4.8171     2.9094     2.5333     3.6678     3.8577
 360     1.5489   103.9592    -1.9486     2.3930     0.1031     3.1399     0.3865     0.3026     0.3551     0.3771     0.4665
 361     1.5506   105.1338    -1.9862     1.5581     0.2105     2.7386     0.6307     0.5549     0.6494     0.6417     0.8542
 362     1.5522   101.3201     0.9060     3.8855    -2.5398     4.9921     2.2546     1.7199     1.4277     2.2165     2.2353
 363     1.5539   103.0165    -2.0067    -0.1129    -0.0541     3.0285     1.1411     1.0813     0.9776     1.1472     1.4577
 364     1.5556   104.4978    -1.0601     2.5987     0.1915     2.8843     0.3174     0.2730     0.3057     0.2861     0.4098
 365     1.5572   105.9604    -1.4186     1.6778    -0.3516     2.3381     0.4056     0.4075     0.4504     0.3597     0.6074
 366     1.5639   107.2660    -1.5732     0.9586     0.0512     1.9773     0.5303     0.5119     0.4537     0.4786     0.6840
 367     1.5656   104.5501    -1.6683     0.5329    -0.2787     2.0583     0.3577     0.3088     0.3469     0.3328     0.4644
 368     1.5673   104.9914    -1.9314     1.1633    -0.0716     2.5969     0.3712     0.3323     0.3737     0.3250     0.5001
 369     1.5690   102.4579    -0.7848     1.7285    -0.1921     2.2207     0.4539     0.3937     0.4311     0.4063     0.5839
 370     1.5706   102.4761    -0.0386     1.8895     1.6960     2.1033     0.5365     0.4340     0.4550     0.4977     0.6288
 371     1.5723   108.3993    -1.3860     1.4883    -0.4057     2.4015     0.6416     0.6615     0.7057     0.6039     0.9672
 372     1.5790   102.1945    -1.8517     1.2734     1.1962     2.3890     0.6435     0.6244     0.6125     0.5871     0.8746
 373     1.5807   100.4746    -0.8509     0.7329     1.3375     1.4480     0.6054     0.4337     0.4878     0.4723     0.6527
 374     1.5823   104.5238    -1.5682     1.9743    -0.0604     2.7101     0.4132     0.3558     0.3719     0.3732     0.5147
 375     1.5840   105.5450    -1.3387     0.9840    -0.6456     1.9644     0.3767     0.2815     0.3356     0.3313     0.4381
 376     1.5857   103.6125    -1.8531     1.9597     0.2710     2.7490     0.3136     0.2719     0.2991     0.2799     0.4042
 377     1.5873   105.2481    -1.7684     1.8845    -0.1565     2.7204     0.4505     0.4077     0.4036     0.4449     0.5737
 378     1.5924   104.9500    -0.3653     1.9269     0.3476     3.1894     0.9812     1.4025     1.1518     1.4540     1.8148
 379     1.5940   103.0378    -1.0349     1.9143     0.5982     2.3111     0.3249     0.3033     0.3466     0.3242     0.4606
 380     1.5957   103.3003    -1.0154     1.9428     0.0269     2.2936     0.2481     0.2741     0.2484     0.2549     0.3699
 381     1.5974   102.8888    -1.6401     1.7483     0.0206     2.5007     0.2706     0.2580     0.2635     0.2864     0.3688
 382     1.5990   105.9138    -1.9371     2.3596     0.1506     3.0858     0.3071     0.2640     0.2947     0.2967     0.3956
 383     1.6007   101.1464    -2.2587     2.1389     1.4379     3.1598     0.4281     0.3789     0.4014     0.3940     0.5520
 384     1.6024    97.6564    -0.6068     3.4243    -3.2447     3.4747     0.4946     0.4422     0.4227     0.4932     0.6117
 385     1.6041   103.8153    -1.2767     2.7129     0.1623     3.1653     0.4367     0.3937     0.3983     0.4395     0.5600
 386     1.6057   101.7564    -2.2109     1.8098     0.0583     2.9190     0.3545     0.3301     0.3214     0.3400     0.4607
 387     1.6074   103.0589    -1.2205     1.9268     0.0014     2.4687     0.2773     0.2561     0.2832     0.2572     0.3818
 388     1.6091   103.2342    -1.9079     2.5787     0.2096     3.2391     0.2400     0.2331     0.2388     0.2456     0.3337
 389     1.6107   103.0462    -1.8353     2.4470    -0.0197     3.0947     0.2373     0.2184     0.2476     0.2204     0.3301
 390     1.6124   103.2985    -1.5975     2.3170     0.0892     2.8702     0.2287     0.2251     0.2312     0.2386     0.3227
 391     1.6141   102.8347    -1.2870     2.0684    -0.0231     2.4854     0.2321     0.2325     0.2514     0.2161     0.3424
 392     1.6158   102.9516    -1.8750     2.1505     0.4037     2.9273     0.2180     0.2597     0.2351     0.2164     0.3503
 393     1.6174   101.1834    -1.3852     1.9554    -0.0761     2.4971     0.2621     0.2502     0.2487     0.2295     0.3527
 394     1.6191   102.9527    -1.1048     1.8279     0.3881     2.1688     0.3071     0.2989     0.3007     0.2898     0.4240
 395     1.6208   104.8300    -4.8003     1.4920     0.5289     6.1923     2.8429     1.6440     2.5060     2.6975     2.9971
 396     1.6291   102.4885    -1.7826     1.9130     0.4028     2.6578     0.2469     0.2347     0.2428     0.2363     0.3377
 397     1.6308   102.3046    -1.7224     1.6899    -0.0209     2.5190     0.2228     0.2457     0.2168     0.2249     0.3277
 398     1.6325   102.4555    -1.5394     2.2049    -0.0350     2.7398     0.2406     0.2340     0.2205     0.2381     0.3215
 399     1.6342   102.1036    -1.7844     1.9669     0.4412     2.6944     0.2227     0.2615     0.2221     0.2377     0.3431
 400     1.6358   102.0595    -1.6943     2.4153     0.1669     3.0013     0.2286     0.2402     0.2222     0.2443     0.3273
 401     1.6375   101.7195    -1.7095     1.9161     0.3063     2.6624     0.2291     0.2445     0.2217     0.2455     0.3301
 402     1.6392   101.8820    -1.6416     2.0659     0.1482     2.6872     0.2284     0.2567     0.2508     0.2196     0.3588
 403     1.6408   102.0757    -1.1491     2.1469    -0.2845     2.4909     0.2248     0.2185     0.2196     0.2370     0.3097
 404     1.6425   101.6610    -1.1757     2.6720     0.1012     2.9906     0.2357     0.2323     0.2208     0.2378     0.3205
 405     1.6442   101.7706    -1.6803     1.9543     0.5659     2.6225     0.2407     0.2247     0.2521     0.2253     0.3377
 406     1.6459   102.2292    -1.2398     2.1037     0.3307     2.5412     0.2408     0.2488     0.2174     0.2207     0.3304
 407     1.6475   101.8724    -1.2888     1.7034     0.1287     2.1812     0.2471     0.2393     0.2349     0.2530     0.3353
