9.161744384765620232e+08 3.686000000000000040e-03 -3.379999999999999758e-04 2.889999999999999774e-04 1.330000000000000073e-04 1.299999999999999886e-04 1.129999999999999955e-04
9.295494384765620232e+08 3.661999999999999891e-03 -4.749999999999999990e-04 -1.000000000000000082e-05 1.769999999999999926e-04 1.540000000000000028e-04 1.299999999999999886e-04
9.696744384765620232e+08 3.335999999999999990e-03 -3.620000000000000171e-04 3.289999999999999739e-04 1.230000000000000082e-04 1.100000000000000039e-04 1.119999999999999983e-04
9.830494384765620232e+08 3.354000000000000210e-03 -4.049999999999999781e-04 2.869999999999999830e-04 1.179999999999999951e-04 1.129999999999999955e-04 1.019999999999999992e-04
9.964244384765620232e+08 3.196000000000000056e-03 -4.730000000000000046e-04 3.879999999999999985e-04 1.150000000000000035e-04 1.090000000000000067e-04 1.140000000000000063e-04
1.009799438476559997e+09 3.259999999999999877e-03 -3.530000000000000152e-04 3.499999999999999964e-04 1.160000000000000007e-04 1.140000000000000063e-04 1.119999999999999983e-04
1.023174438476559997e+09 3.320000000000000034e-03 -3.420000000000000188e-04 1.510000000000000112e-04 1.269999999999999970e-04 1.129999999999999955e-04 1.010000000000000020e-04
1.036549438476559997e+09 3.461999999999999800e-03 -2.669999999999999847e-04 2.699999999999999899e-05 1.289999999999999914e-04 1.100000000000000039e-04 1.150000000000000035e-04
1.049924438476559997e+09 3.171999999999999906e-03 -4.119999999999999856e-04 -8.399999999999999535e-05 1.140000000000000063e-04 1.029999999999999964e-04 1.100000000000000039e-04
1.063299438476559997e+09 3.383999999999999855e-03 -3.499999999999999964e-04 1.150000000000000035e-04 1.119999999999999983e-04 1.079999999999999960e-04 1.010000000000000020e-04
1.076674438476560116e+09 3.376999999999999794e-03 -1.569999999999999944e-04 1.440000000000000036e-04 1.090000000000000067e-04 9.399999999999999448e-05 9.500000000000000523e-05
1.090049438476560116e+09 3.276999999999999965e-03 -5.349999999999999938e-04 3.440000000000000132e-04 1.569999999999999944e-04 1.410000000000000120e-04 1.510000000000000112e-04
1.103424438476560116e+09 3.315999999999999937e-03 -3.220000000000000206e-04 1.119999999999999983e-04 1.029999999999999964e-04 9.600000000000000243e-05 1.019999999999999992e-04
1.116799438476560116e+09 3.193999999999999791e-03 -3.800000000000000209e-04 -4.899999999999999842e-05 1.060000000000000016e-04 9.200000000000000007e-05 9.899999999999999404e-05
1.130174438476560116e+09 3.165999999999999977e-03 -3.359999999999999814e-04 1.630000000000000047e-04 1.100000000000000039e-04 1.050000000000000044e-04 9.299999999999999727e-05
1.156924438476560116e+09 3.416999999999999899e-03 -4.569999999999999952e-04 -5.199999999999999680e-05 1.219999999999999974e-04 1.039999999999999936e-04 1.060000000000000016e-04
1.183674438476560116e+09 2.985999999999999939e-03 -3.069999999999999812e-04 8.899999999999999491e-05 1.669999999999999935e-04 1.469999999999999953e-04 1.689999999999999879e-04
1.197049438476560116e+09 2.932000000000000144e-03 -2.640000000000000202e-04 1.849999999999999973e-04 1.369999999999999961e-04 1.259999999999999998e-04 1.210000000000000002e-04
1.210424438476560116e+09 2.687999999999999851e-03 -2.759999999999999867e-04 3.110000000000000243e-04 2.579999999999999828e-04 1.779999999999999898e-04 2.039999999999999984e-04
1.237174438476560116e+09 3.079000000000000140e-03 -4.150000000000000043e-04 2.239999999999999966e-04 1.320000000000000101e-04 1.119999999999999983e-04 1.029999999999999964e-04
1.250549438476560116e+09 2.923999999999999950e-03 -2.190000000000000106e-04 1.210000000000000002e-04 1.140000000000000063e-04 1.039999999999999936e-04 1.019999999999999992e-04
1.263924438476560116e+09 2.880000000000000181e-03 -2.709999999999999735e-04 2.320000000000000014e-04 1.910000000000000077e-04 1.779999999999999898e-04 1.959999999999999937e-04
1.290674438476560116e+09 2.625000000000000163e-03 -2.779999999999999811e-04 1.320000000000000101e-04 1.450000000000000009e-04 1.430000000000000064e-04 1.510000000000000112e-04
1.304049438476560116e+09 2.820000000000000024e-03 -2.759999999999999867e-04 1.200000000000000030e-05 9.899999999999999404e-05 8.799999999999999771e-05 9.100000000000000287e-05
1.317424438476560116e+09 2.795999999999999874e-03 -3.319999999999999926e-04 4.399999999999999886e-05 9.500000000000000523e-05 9.500000000000000523e-05 9.399999999999999448e-05
1.330799438476560116e+09 2.771000000000000026e-03 -4.159999999999999744e-04 2.030000000000000012e-04 9.399999999999999448e-05 8.500000000000000611e-05 8.899999999999999491e-05
1.344174438476560116e+09 2.650000000000000012e-03 -2.939999999999999905e-04 2.660000000000000146e-04 8.700000000000000051e-05 8.399999999999999535e-05 8.600000000000000331e-05
1.357549438476560116e+09 2.755000000000000070e-03 -3.370000000000000057e-04 1.330000000000000073e-04 8.500000000000000611e-05 8.100000000000000375e-05 8.600000000000000331e-05
1.370924438476560116e+09 2.860999999999999828e-03 -3.429999999999999889e-04 1.100000000000000039e-04 8.799999999999999771e-05 8.500000000000000611e-05 8.000000000000000654e-05
1.384299438476560116e+09 2.771000000000000026e-03 -3.420000000000000188e-04 -4.500000000000000283e-05 8.500000000000000611e-05 8.600000000000000331e-05 8.299999999999999815e-05
1.397674438476560116e+09 2.863000000000000093e-03 -3.910000000000000172e-04 1.510000000000000112e-04 8.799999999999999771e-05 8.200000000000000095e-05 8.200000000000000095e-05
1.411049438476560116e+09 2.707999999999999904e-03 -3.299999999999999982e-04 3.699999999999999811e-05 9.299999999999999727e-05 8.399999999999999535e-05 8.399999999999999535e-05
1.424424438476560116e+09 2.825999999999999953e-03 -1.939999999999999993e-04 1.520000000000000084e-04 1.100000000000000039e-04 1.069999999999999988e-04 1.169999999999999979e-04
1.437799438476560116e+09 2.579000000000000129e-03 -2.680000000000000090e-04 9.699999999999999963e-05 8.299999999999999815e-05 8.500000000000000611e-05 8.700000000000000051e-05
1.451174438476560116e+09 2.837000000000000112e-03 -1.869999999999999917e-04 1.340000000000000045e-04 8.899999999999999491e-05 8.799999999999999771e-05 8.200000000000000095e-05
1.464549438476560116e+09 2.710999999999999868e-03 -1.150000000000000035e-04 5.899999999999999754e-05 9.799999999999999684e-05 7.899999999999999579e-05 8.200000000000000095e-05
1.477924438476560116e+09 2.724999999999999992e-03 -1.129999999999999955e-04 2.300000000000000002e-05 8.600000000000000331e-05 9.600000000000000243e-05 8.500000000000000611e-05
1.491299438476560116e+09 2.638999999999999853e-03 -3.409999999999999945e-04 1.190000000000000058e-04 8.299999999999999815e-05 8.700000000000000051e-05 8.500000000000000611e-05
1.504674438476560116e+09 2.550999999999999882e-03 -1.979999999999999881e-04 -6.600000000000000506e-05 1.000000000000000048e-04 9.799999999999999684e-05 9.600000000000000243e-05
1.518049438476560116e+09 2.827999999999999785e-03 -1.630000000000000047e-04 1.510000000000000112e-04 1.299999999999999886e-04 1.230000000000000082e-04 1.190000000000000058e-04
1.558174438476560116e+09 2.478000000000000168e-03 -3.370000000000000057e-04 -2.199999999999999943e-05 1.930000000000000021e-04 1.610000000000000103e-04 1.769999999999999926e-04
1.571549438476560116e+09 2.537000000000000192e-03 -2.010000000000000068e-04 -2.099999999999999884e-05 1.869999999999999917e-04 1.689999999999999879e-04 1.759999999999999954e-04
1.598299438476560116e+09 2.152999999999999966e-03 -3.550000000000000096e-04 9.899999999999999404e-05 1.320000000000000101e-04 1.299999999999999886e-04 1.289999999999999914e-04
1.611674438476560116e+09 2.743000000000000212e-03 -3.089999999999999756e-04 1.920000000000000049e-04 9.200000000000000007e-05 9.699999999999999963e-05 9.799999999999999684e-05
1.625049438476560116e+09 2.468000000000000142e-03 -4.099999999999999912e-04 1.369999999999999961e-04 1.610000000000000103e-04 1.559999999999999972e-04 1.410000000000000120e-04
1.638424438476560116e+09 2.501999999999999884e-03 -2.629999999999999959e-04 -2.500000000000000120e-05 9.899999999999999404e-05 9.200000000000000007e-05 8.700000000000000051e-05
1.651799438476560116e+09 2.699000000000000010e-03 -1.230000000000000082e-04 -5.899999999999999754e-05 1.840000000000000001e-04 1.900000000000000105e-04 1.740000000000000010e-04
