# ======================================================================
# FLAGGED DATA - KEPT CHANNELS ONLY
# ======================================================================
# 
# FLAGGING SUMMARY:
#   Total channels: 218
#   Flagged: 61 (28.0%)
#   Kept: 157 (72.0%)
# 
# FLAGGING CRITERIA APPLIED:
#   - Gross outliers: 4 channels
#   - Error outliers: 19 channels
#       Threshold: 4.0σ above median in log-space
#       Iterations: 3
#   - Spectral baseline clipping: 34 channels
#   - Stokes V clipping: 4 channels
#       Threshold: 2.74σ
#       Reference: median
#       Iterations: 2
# 
# COLUMN FORMAT: freq(Hz) I Q U V dI dQ dU dV
# ======================================================================
9.0447131348e+08 8.7535000000e-02 3.0300000000e-04 -4.1400000000e-04 -4.9300000000e-04 2.7100000000e-04 2.2800000000e-04 2.2700000000e-04 2.3100000000e-04
9.0781506348e+08 8.7619000000e-02 4.5300000000e-04 -8.3000000000e-05 1.2200000000e-04 2.8800000000e-04 2.3100000000e-04 2.1300000000e-04 2.0700000000e-04
9.1115881348e+08 8.7539000000e-02 2.3600000000e-04 -3.0700000000e-04 -2.6800000000e-04 2.8500000000e-04 2.3300000000e-04 2.2900000000e-04 2.4500000000e-04
9.1450256348e+08 8.7755000000e-02 6.0900000000e-04 1.1000000000e-05 1.7000000000e-05 2.5900000000e-04 2.5500000000e-04 2.3300000000e-04 2.3400000000e-04
9.1784631348e+08 8.8222000000e-02 1.7600000000e-04 -1.4200000000e-04 1.2000000000e-04 2.5000000000e-04 2.2600000000e-04 2.2700000000e-04 2.1600000000e-04
9.2119006348e+08 8.7572000000e-02 3.6600000000e-04 -2.9100000000e-04 -3.9000000000e-05 2.5100000000e-04 2.1700000000e-04 2.2800000000e-04 2.5300000000e-04
9.2453381348e+08 8.7836000000e-02 4.2700000000e-04 -4.6800000000e-04 -3.2000000000e-05 2.7600000000e-04 2.2800000000e-04 2.3300000000e-04 2.1900000000e-04
9.2787756348e+08 8.7828000000e-02 5.9900000000e-04 -3.8800000000e-04 4.6000000000e-05 2.5400000000e-04 2.2800000000e-04 2.5800000000e-04 2.2600000000e-04
9.3122131348e+08 8.8158000000e-02 5.9700000000e-04 -5.8200000000e-04 4.6900000000e-04 2.7000000000e-04 2.4600000000e-04 2.2700000000e-04 2.2100000000e-04
9.5128381348e+08 8.8193000000e-02 6.1000000000e-05 2.8000000000e-05 2.9100000000e-04 2.7700000000e-04 2.5200000000e-04 2.2600000000e-04 2.4800000000e-04
9.6131506348e+08 8.8322000000e-02 3.8200000000e-04 9.4000000000e-05 -1.2500000000e-04 2.5900000000e-04 2.2800000000e-04 2.5000000000e-04 2.2600000000e-04
9.6465881348e+08 8.7881000000e-02 6.4200000000e-04 -4.6100000000e-04 -1.3000000000e-04 2.2200000000e-04 2.3200000000e-04 2.3800000000e-04 2.1200000000e-04
9.6800256348e+08 8.8171000000e-02 5.9000000000e-04 -2.1200000000e-04 -1.0100000000e-04 2.3900000000e-04 2.1400000000e-04 2.1800000000e-04 2.0500000000e-04
9.7134631348e+08 8.8175000000e-02 9.1100000000e-04 -4.1000000000e-05 -3.2100000000e-04 2.1800000000e-04 2.2900000000e-04 2.0000000000e-04 2.1700000000e-04
9.7469006348e+08 8.8178000000e-02 6.2100000000e-04 -5.0800000000e-04 -8.0000000000e-05 2.5900000000e-04 1.9400000000e-04 2.0500000000e-04 1.8800000000e-04
9.7803381348e+08 8.7987000000e-02 1.1140000000e-03 -2.3200000000e-04 1.8800000000e-04 2.3700000000e-04 2.2800000000e-04 1.9200000000e-04 2.0000000000e-04
9.8137756348e+08 8.8061000000e-02 8.7100000000e-04 -6.5500000000e-04 -4.1000000000e-05 2.3100000000e-04 2.1300000000e-04 2.0500000000e-04 1.8900000000e-04
9.8472131348e+08 8.8038000000e-02 7.9200000000e-04 7.0000000000e-06 -1.2900000000e-04 2.2000000000e-04 2.1500000000e-04 1.8800000000e-04 2.1000000000e-04
9.8806506348e+08 8.7579000000e-02 4.8000000000e-04 -4.5500000000e-04 3.3000000000e-05 2.1600000000e-04 2.0700000000e-04 2.1200000000e-04 2.0500000000e-04
9.9140881348e+08 8.7771000000e-02 2.7600000000e-04 1.3200000000e-04 1.0400000000e-04 2.2500000000e-04 2.1100000000e-04 2.2200000000e-04 1.8400000000e-04
9.9475256348e+08 8.7983000000e-02 6.9600000000e-04 -2.7000000000e-04 -2.0000000000e-05 2.1000000000e-04 2.0800000000e-04 2.0300000000e-04 1.9700000000e-04
9.9809631348e+08 8.8141000000e-02 6.4200000000e-04 -1.6900000000e-04 -9.9000000000e-05 2.3300000000e-04 2.1600000000e-04 2.1900000000e-04 1.7600000000e-04
1.0014400635e+09 8.7665000000e-02 4.2200000000e-04 -6.1500000000e-04 4.1000000000e-05 2.3200000000e-04 1.9400000000e-04 2.0500000000e-04 2.0600000000e-04
1.0047838135e+09 8.8103000000e-02 7.8800000000e-04 -8.3000000000e-05 -3.6500000000e-04 2.2400000000e-04 1.9700000000e-04 2.0400000000e-04 2.0200000000e-04
1.0081275635e+09 8.8137000000e-02 5.0700000000e-04 -2.8100000000e-04 4.0500000000e-04 2.3600000000e-04 2.0000000000e-04 1.9000000000e-04 2.0800000000e-04
1.0114713135e+09 8.7683000000e-02 8.3100000000e-04 1.0000000000e-06 -1.2200000000e-04 2.3400000000e-04 2.1600000000e-04 1.9800000000e-04 1.8900000000e-04
1.0148150635e+09 8.7744000000e-02 6.2400000000e-04 -3.3000000000e-04 -1.3400000000e-04 2.3000000000e-04 2.0400000000e-04 1.9500000000e-04 2.1300000000e-04
1.0181588135e+09 8.7696000000e-02 4.0800000000e-04 -4.3000000000e-05 -3.8400000000e-04 2.1900000000e-04 2.0300000000e-04 2.1700000000e-04 2.0700000000e-04
1.0215025635e+09 8.7905000000e-02 5.0600000000e-04 7.9000000000e-05 2.1900000000e-04 2.1300000000e-04 2.1200000000e-04 1.9800000000e-04 1.8700000000e-04
1.0248463135e+09 8.8018000000e-02 6.2000000000e-04 -3.2700000000e-04 -6.8000000000e-05 2.2600000000e-04 2.2000000000e-04 1.8900000000e-04 1.9000000000e-04
1.0281900635e+09 8.7633000000e-02 8.0200000000e-04 8.1000000000e-05 3.3300000000e-04 2.2400000000e-04 2.0200000000e-04 2.1000000000e-04 1.9300000000e-04
1.0315338135e+09 8.7393000000e-02 3.1000000000e-04 -2.6700000000e-04 3.0100000000e-04 2.2500000000e-04 1.9200000000e-04 2.1600000000e-04 2.2100000000e-04
1.0348775635e+09 8.8170000000e-02 8.8900000000e-04 -2.0900000000e-04 -1.8700000000e-04 2.0400000000e-04 1.9900000000e-04 1.9300000000e-04 2.0600000000e-04
1.0382213135e+09 8.7499000000e-02 7.7200000000e-04 -8.6000000000e-05 -3.4000000000e-05 2.0700000000e-04 1.8300000000e-04 1.9600000000e-04 1.7800000000e-04
1.0415650635e+09 8.7245000000e-02 5.0700000000e-04 -5.0700000000e-04 3.3000000000e-05 2.1100000000e-04 2.2600000000e-04 2.1500000000e-04 1.8700000000e-04
1.0449088135e+09 8.7526000000e-02 7.3700000000e-04 -5.4400000000e-04 1.0200000000e-04 2.2300000000e-04 2.1100000000e-04 2.0900000000e-04 1.9300000000e-04
1.0482525635e+09 8.7398000000e-02 4.6400000000e-04 -4.6600000000e-04 -2.3000000000e-04 2.2700000000e-04 2.0700000000e-04 1.9200000000e-04 2.1000000000e-04
1.0515963135e+09 8.7231000000e-02 5.8800000000e-04 -3.9300000000e-04 -2.1900000000e-04 1.9900000000e-04 2.0300000000e-04 2.0700000000e-04 1.9700000000e-04
1.0549400635e+09 8.7360000000e-02 4.6400000000e-04 -1.9400000000e-04 -8.0000000000e-06 2.2500000000e-04 2.0400000000e-04 2.0600000000e-04 2.0300000000e-04
1.0582838135e+09 8.7760000000e-02 6.8600000000e-04 -1.1200000000e-04 3.7300000000e-04 2.0500000000e-04 1.8300000000e-04 1.9700000000e-04 2.0300000000e-04
1.0616275635e+09 8.7704000000e-02 6.2800000000e-04 2.5500000000e-04 -3.7000000000e-05 1.9700000000e-04 2.1000000000e-04 1.8600000000e-04 1.9900000000e-04
1.0649713135e+09 8.7002000000e-02 6.8000000000e-04 -2.2400000000e-04 1.9000000000e-05 2.0000000000e-04 1.9900000000e-04 1.9000000000e-04 1.9600000000e-04
1.0683150635e+09 8.7527000000e-02 8.2900000000e-04 -3.6000000000e-05 -1.0400000000e-04 1.9900000000e-04 1.8700000000e-04 2.0600000000e-04 1.9400000000e-04
1.0716588135e+09 8.7472000000e-02 7.2700000000e-04 -1.2900000000e-04 1.4300000000e-04 2.0500000000e-04 1.9400000000e-04 1.9300000000e-04 2.0800000000e-04
1.0750025635e+09 8.7106000000e-02 6.9900000000e-04 1.1300000000e-04 1.8700000000e-04 2.0100000000e-04 1.8900000000e-04 1.9800000000e-04 1.8600000000e-04
1.0783463135e+09 8.7664000000e-02 5.8900000000e-04 8.7000000000e-05 2.3900000000e-04 2.2100000000e-04 1.9200000000e-04 1.9000000000e-04 1.9300000000e-04
1.0816900635e+09 8.7242000000e-02 6.4100000000e-04 -2.4000000000e-04 1.1900000000e-04 2.0400000000e-04 2.1900000000e-04 1.9100000000e-04 1.9100000000e-04
1.0850338135e+09 8.7575000000e-02 7.9700000000e-04 8.0000000000e-06 -4.8000000000e-05 2.0700000000e-04 2.1300000000e-04 1.9300000000e-04 1.7900000000e-04
1.0950650635e+09 8.7031000000e-02 3.1100000000e-04 -1.5900000000e-04 2.2000000000e-04 2.2200000000e-04 1.8600000000e-04 1.9900000000e-04 1.9200000000e-04
1.0984088135e+09 8.6818000000e-02 8.7600000000e-04 1.2200000000e-04 1.6200000000e-04 2.1300000000e-04 1.8100000000e-04 1.7800000000e-04 2.0100000000e-04
1.1017525635e+09 8.7292000000e-02 5.8700000000e-04 -1.9800000000e-04 3.1500000000e-04 2.4100000000e-04 2.0100000000e-04 2.0300000000e-04 1.8200000000e-04
1.1050963135e+09 8.7258000000e-02 5.2200000000e-04 -4.0300000000e-04 -3.7400000000e-04 2.2400000000e-04 1.9800000000e-04 1.9900000000e-04 2.0200000000e-04
1.1084400635e+09 8.7107000000e-02 7.6200000000e-04 -2.7300000000e-04 -3.6000000000e-05 2.0700000000e-04 1.9400000000e-04 1.9900000000e-04 2.0800000000e-04
1.1117838135e+09 8.7133000000e-02 8.8500000000e-04 1.9600000000e-04 -1.8200000000e-04 2.1600000000e-04 1.9000000000e-04 1.8200000000e-04 2.0500000000e-04
1.1151275635e+09 8.7332000000e-02 7.6700000000e-04 -3.9300000000e-04 7.1000000000e-05 2.1300000000e-04 2.0300000000e-04 1.8800000000e-04 1.8500000000e-04
1.1184713135e+09 8.7226000000e-02 7.6400000000e-04 -2.1300000000e-04 7.4000000000e-05 2.0700000000e-04 2.0100000000e-04 1.9300000000e-04 1.8700000000e-04
1.1218150635e+09 8.7131000000e-02 8.9300000000e-04 1.9000000000e-05 6.8000000000e-05 1.9600000000e-04 1.8000000000e-04 1.8200000000e-04 2.0800000000e-04
1.1251588135e+09 8.7201000000e-02 4.2400000000e-04 -1.7800000000e-04 1.7200000000e-04 2.1000000000e-04 1.8600000000e-04 1.9300000000e-04 2.0400000000e-04
1.1318463135e+09 8.7606000000e-02 6.9800000000e-04 -5.4000000000e-04 -2.6700000000e-04 2.0500000000e-04 1.8400000000e-04 1.6800000000e-04 1.6400000000e-04
1.1351900635e+09 8.6822000000e-02 1.1100000000e-03 -5.0100000000e-04 3.7600000000e-04 2.2300000000e-04 1.8800000000e-04 1.7600000000e-04 1.9200000000e-04
1.1385338135e+09 8.7432000000e-02 9.7300000000e-04 1.9100000000e-04 -7.2000000000e-05 2.0100000000e-04 1.7800000000e-04 1.7000000000e-04 1.8000000000e-04
1.1418775635e+09 8.6769000000e-02 5.5000000000e-04 -1.8700000000e-04 -2.7000000000e-05 2.2900000000e-04 1.8300000000e-04 1.9900000000e-04 2.0700000000e-04
1.1519088135e+09 8.6751000000e-02 7.4600000000e-04 -6.1400000000e-04 -1.6500000000e-04 2.2200000000e-04 2.2000000000e-04 1.9700000000e-04 2.1600000000e-04
1.1552525635e+09 8.7573000000e-02 4.4700000000e-04 -5.8000000000e-05 1.9000000000e-05 2.0300000000e-04 1.8700000000e-04 1.8100000000e-04 1.9400000000e-04
1.1585963135e+09 8.7762000000e-02 4.8600000000e-04 -3.5000000000e-04 -2.8300000000e-04 2.2400000000e-04 1.8800000000e-04 2.0700000000e-04 1.8800000000e-04
1.1652838135e+09 8.7806000000e-02 8.8700000000e-04 -4.0500000000e-04 -2.1300000000e-04 2.0400000000e-04 1.8500000000e-04 1.8700000000e-04 1.7000000000e-04
1.1686275635e+09 8.7425000000e-02 8.3500000000e-04 -2.4900000000e-04 -3.7100000000e-04 2.8900000000e-04 2.7300000000e-04 2.7000000000e-04 2.4500000000e-04
1.1886900635e+09 8.7706000000e-02 8.3900000000e-04 -1.5900000000e-04 -1.6400000000e-04 2.2000000000e-04 2.0200000000e-04 1.9500000000e-04 1.9100000000e-04
1.1953775635e+09 8.7787000000e-02 8.8100000000e-04 -1.9600000000e-04 -4.0000000000e-06 2.5300000000e-04 2.0300000000e-04 1.9900000000e-04 2.1500000000e-04
1.2154400635e+09 8.7712000000e-02 1.1030000000e-03 -4.0000000000e-04 -4.4000000000e-05 2.3900000000e-04 1.9600000000e-04 1.9900000000e-04 2.0200000000e-04
1.2187838135e+09 8.7785000000e-02 6.1600000000e-04 -4.3500000000e-04 -1.6000000000e-05 2.0900000000e-04 2.0100000000e-04 1.8600000000e-04 1.9800000000e-04
1.2355025635e+09 8.7670000000e-02 5.8900000000e-04 -4.2200000000e-04 -4.5100000000e-04 2.2500000000e-04 2.0300000000e-04 2.0200000000e-04 2.0200000000e-04
1.2388463135e+09 8.8244000000e-02 8.3200000000e-04 -1.8700000000e-04 2.8000000000e-04 2.0800000000e-04 1.7500000000e-04 1.7600000000e-04 1.7900000000e-04
1.2555650635e+09 8.7716000000e-02 9.0800000000e-04 -4.5600000000e-04 -1.7200000000e-04 2.3800000000e-04 1.8900000000e-04 1.7900000000e-04 1.8600000000e-04
1.2589088135e+09 8.8434000000e-02 1.2370000000e-03 5.3000000000e-05 -5.8000000000e-05 2.2000000000e-04 1.8400000000e-04 1.8700000000e-04 1.7900000000e-04
1.2856588135e+09 8.7358000000e-02 7.4700000000e-04 -4.0900000000e-04 -3.0100000000e-04 2.3800000000e-04 2.2900000000e-04 2.1700000000e-04 2.3300000000e-04
1.2923463135e+09 8.7149000000e-02 1.2080000000e-03 -6.6000000000e-04 -3.4800000000e-04 2.4000000000e-04 2.2700000000e-04 2.1700000000e-04 2.3000000000e-04
1.2956900635e+09 8.7878000000e-02 9.3100000000e-04 -5.0600000000e-04 -5.0100000000e-04 1.8800000000e-04 1.8100000000e-04 1.9300000000e-04 1.7700000000e-04
1.2990338135e+09 8.8115000000e-02 8.0300000000e-04 -1.7100000000e-04 3.5000000000e-05 1.7800000000e-04 1.6600000000e-04 1.7200000000e-04 1.7000000000e-04
1.3023775635e+09 8.8105000000e-02 1.1110000000e-03 -1.9600000000e-04 5.3000000000e-05 1.8100000000e-04 1.7400000000e-04 1.8100000000e-04 1.6300000000e-04
1.3057213135e+09 8.8271000000e-02 9.4800000000e-04 -8.1000000000e-05 9.0000000000e-05 1.8000000000e-04 1.5800000000e-04 1.7600000000e-04 1.7200000000e-04
1.3090650635e+09 8.8610000000e-02 8.3300000000e-04 -3.9300000000e-04 1.6000000000e-04 1.7900000000e-04 1.7400000000e-04 1.5600000000e-04 1.4600000000e-04
1.3124088135e+09 8.8526000000e-02 1.1090000000e-03 -6.3500000000e-04 -8.6000000000e-05 1.7100000000e-04 1.6500000000e-04 1.5700000000e-04 1.7300000000e-04
1.3157525635e+09 8.8203000000e-02 9.5900000000e-04 -4.5600000000e-04 -1.0900000000e-04 1.7100000000e-04 1.6100000000e-04 1.9000000000e-04 1.6100000000e-04
1.3190963135e+09 8.8669000000e-02 5.8300000000e-04 1.2300000000e-04 1.8200000000e-04 1.6500000000e-04 1.5800000000e-04 1.6200000000e-04 1.4500000000e-04
1.3224400635e+09 8.8395000000e-02 9.7600000000e-04 8.3000000000e-05 -5.2000000000e-05 1.8700000000e-04 1.7500000000e-04 1.7000000000e-04 1.6700000000e-04
1.3257838135e+09 8.8144000000e-02 7.7100000000e-04 -7.4000000000e-05 -2.1100000000e-04 1.6600000000e-04 1.6500000000e-04 1.7100000000e-04 1.6800000000e-04
1.3291275635e+09 8.8170000000e-02 5.7100000000e-04 -2.3100000000e-04 1.1000000000e-04 1.6800000000e-04 1.7000000000e-04 1.6200000000e-04 1.6900000000e-04
1.3324713135e+09 8.8039000000e-02 9.6100000000e-04 -1.7600000000e-04 -4.7000000000e-05 1.6900000000e-04 1.6700000000e-04 1.6100000000e-04 1.6700000000e-04
1.3358150635e+09 8.8003000000e-02 8.9200000000e-04 -3.6300000000e-04 -1.3000000000e-05 1.7100000000e-04 1.6400000000e-04 1.6200000000e-04 1.6600000000e-04
1.3391588135e+09 8.8083000000e-02 1.2070000000e-03 -2.9800000000e-04 9.2000000000e-05 1.7700000000e-04 1.6400000000e-04 1.6400000000e-04 1.7400000000e-04
1.3425025635e+09 8.8101000000e-02 1.1480000000e-03 -5.3000000000e-05 1.3500000000e-04 1.8600000000e-04 1.6100000000e-04 1.6300000000e-04 1.7500000000e-04
1.3458463135e+09 8.8185000000e-02 7.4200000000e-04 -7.2000000000e-05 -9.7000000000e-05 1.7500000000e-04 1.5800000000e-04 1.5400000000e-04 1.6000000000e-04
1.3491900635e+09 8.8488000000e-02 9.0600000000e-04 -2.5000000000e-05 -7.5000000000e-05 1.6600000000e-04 1.5900000000e-04 1.6000000000e-04 1.5700000000e-04
1.3525338135e+09 8.8196000000e-02 1.0050000000e-03 -6.3000000000e-05 -1.4000000000e-05 1.6300000000e-04 1.7400000000e-04 1.6900000000e-04 1.5400000000e-04
1.3558775635e+09 8.8574000000e-02 1.2180000000e-03 -3.1000000000e-05 -3.9000000000e-05 1.7800000000e-04 1.6500000000e-04 1.5500000000e-04 1.7100000000e-04
1.3592213135e+09 8.8177000000e-02 1.0170000000e-03 -2.0000000000e-06 -1.2200000000e-04 1.7900000000e-04 1.6600000000e-04 1.5600000000e-04 1.7000000000e-04
1.3625650635e+09 8.8396000000e-02 1.1670000000e-03 -1.6400000000e-04 1.0000000000e-06 1.8300000000e-04 1.5900000000e-04 1.5200000000e-04 1.7000000000e-04
1.3659088135e+09 8.8312000000e-02 8.7400000000e-04 -1.0000000000e-06 4.5000000000e-05 1.7500000000e-04 1.6100000000e-04 1.6000000000e-04 1.5800000000e-04
1.3692525635e+09 8.8429000000e-02 8.7800000000e-04 -3.1500000000e-04 -1.5900000000e-04 1.8600000000e-04 1.5300000000e-04 1.5100000000e-04 1.5700000000e-04
1.3725963135e+09 8.8705000000e-02 1.0740000000e-03 -2.2100000000e-04 6.8000000000e-05 1.8000000000e-04 1.7300000000e-04 1.5200000000e-04 1.5900000000e-04
1.3759400635e+09 8.8591000000e-02 7.8800000000e-04 -3.4000000000e-04 -3.3300000000e-04 1.7300000000e-04 1.5800000000e-04 1.7400000000e-04 1.7000000000e-04
1.3792838135e+09 8.8252000000e-02 7.7300000000e-04 -8.0100000000e-04 -3.8500000000e-04 1.6900000000e-04 1.8700000000e-04 1.6300000000e-04 1.4900000000e-04
1.3826275635e+09 8.8686000000e-02 7.4300000000e-04 -5.1900000000e-04 2.1000000000e-05 1.6800000000e-04 1.6500000000e-04 1.5100000000e-04 1.5000000000e-04
1.3859713135e+09 8.8560000000e-02 9.8600000000e-04 -4.9000000000e-04 -1.9900000000e-04 1.6000000000e-04 1.4900000000e-04 1.6500000000e-04 1.6100000000e-04
1.3893150635e+09 8.8675000000e-02 5.1200000000e-04 -4.0000000000e-04 1.5700000000e-04 1.8700000000e-04 1.5900000000e-04 1.6500000000e-04 1.7300000000e-04
1.3926588135e+09 8.8819000000e-02 4.6600000000e-04 -2.6500000000e-04 -8.9000000000e-05 1.7000000000e-04 1.6000000000e-04 1.6100000000e-04 1.4800000000e-04
1.3960025635e+09 8.8600000000e-02 9.3600000000e-04 -2.2600000000e-04 -2.0100000000e-04 1.7700000000e-04 1.6200000000e-04 1.6500000000e-04 1.6800000000e-04
1.3993463135e+09 8.8787000000e-02 1.0570000000e-03 -1.1200000000e-04 -6.2000000000e-05 1.7900000000e-04 1.6400000000e-04 1.5800000000e-04 1.6100000000e-04
1.4026900635e+09 8.8513000000e-02 1.1630000000e-03 -6.5000000000e-05 1.0600000000e-04 1.6600000000e-04 1.6800000000e-04 1.6200000000e-04 1.7300000000e-04
1.4060338135e+09 8.8477000000e-02 1.2330000000e-03 -3.5700000000e-04 -6.2000000000e-05 1.6600000000e-04 1.5000000000e-04 1.5400000000e-04 1.5700000000e-04
1.4093775635e+09 8.8570000000e-02 8.6300000000e-04 1.3700000000e-04 -7.5000000000e-05 1.6200000000e-04 1.6400000000e-04 1.6500000000e-04 1.5300000000e-04
1.4127213135e+09 8.9006000000e-02 1.0050000000e-03 -2.6500000000e-04 -1.7300000000e-04 1.6600000000e-04 1.5800000000e-04 1.5800000000e-04 1.6100000000e-04
1.4160650635e+09 8.8846000000e-02 8.2900000000e-04 -1.1700000000e-04 -1.6300000000e-04 1.7600000000e-04 1.5200000000e-04 1.5200000000e-04 1.5700000000e-04
1.4227525635e+09 8.8895000000e-02 1.3520000000e-03 -3.2700000000e-04 -1.0100000000e-04 2.2700000000e-04 2.1900000000e-04 2.3100000000e-04 2.1000000000e-04
1.4260963135e+09 8.9106000000e-02 1.1890000000e-03 -2.9500000000e-04 2.8700000000e-04 1.7900000000e-04 1.6200000000e-04 1.6000000000e-04 1.5200000000e-04
1.4294400635e+09 8.9220000000e-02 1.0890000000e-03 -4.3300000000e-04 1.5200000000e-04 1.6000000000e-04 1.5900000000e-04 1.6800000000e-04 1.5600000000e-04
1.4327838135e+09 8.8799000000e-02 1.0690000000e-03 -3.9100000000e-04 6.2000000000e-05 1.8100000000e-04 1.6300000000e-04 1.6100000000e-04 1.6000000000e-04
1.4361275635e+09 8.9066000000e-02 1.0060000000e-03 -3.1300000000e-04 -2.4700000000e-04 1.6500000000e-04 1.6000000000e-04 1.6900000000e-04 1.6000000000e-04
1.4394713135e+09 8.9122000000e-02 1.3240000000e-03 -2.2300000000e-04 1.8300000000e-04 1.7500000000e-04 1.6200000000e-04 1.7100000000e-04 1.6600000000e-04
1.4428150635e+09 8.9001000000e-02 1.2740000000e-03 -3.3200000000e-04 -7.5000000000e-05 1.7100000000e-04 1.6500000000e-04 1.5800000000e-04 1.5600000000e-04
1.4461588135e+09 8.9043000000e-02 1.1760000000e-03 -2.0300000000e-04 -1.7400000000e-04 1.7100000000e-04 1.6800000000e-04 1.6100000000e-04 1.5700000000e-04
1.4495025635e+09 8.9511000000e-02 8.1000000000e-04 -2.5900000000e-04 -1.3000000000e-05 1.6700000000e-04 1.6000000000e-04 1.5900000000e-04 1.7100000000e-04
1.4528463135e+09 8.9398000000e-02 1.2930000000e-03 -3.4400000000e-04 -1.3000000000e-05 1.6800000000e-04 1.6000000000e-04 1.6500000000e-04 1.5800000000e-04
1.4595338135e+09 8.9277000000e-02 1.3450000000e-03 -7.4000000000e-05 -9.9000000000e-05 1.6100000000e-04 1.5100000000e-04 1.6800000000e-04 1.5400000000e-04
1.4628775635e+09 8.9228000000e-02 9.2700000000e-04 -7.6000000000e-05 3.8000000000e-05 1.8800000000e-04 1.5800000000e-04 1.6800000000e-04 1.6600000000e-04
1.4662213135e+09 8.9199000000e-02 9.2500000000e-04 -6.0000000000e-06 2.8000000000e-05 1.7600000000e-04 1.5100000000e-04 1.5500000000e-04 1.7300000000e-04
1.4695650635e+09 8.9194000000e-02 9.1500000000e-04 -1.9500000000e-04 1.4900000000e-04 1.8200000000e-04 1.6300000000e-04 1.5500000000e-04 1.6700000000e-04
1.4729088135e+09 8.9355000000e-02 1.0750000000e-03 -4.7700000000e-04 1.3000000000e-05 1.6300000000e-04 1.7300000000e-04 1.7800000000e-04 1.5500000000e-04
1.4762525635e+09 8.9341000000e-02 1.0730000000e-03 -4.5000000000e-05 9.0000000000e-05 1.7400000000e-04 1.6500000000e-04 1.6500000000e-04 1.5700000000e-04
1.4795963135e+09 8.9214000000e-02 1.0780000000e-03 -2.6600000000e-04 -1.7900000000e-04 1.7500000000e-04 1.6100000000e-04 1.7400000000e-04 1.6200000000e-04
1.4829400635e+09 8.9316000000e-02 1.0460000000e-03 -2.9200000000e-04 -2.0700000000e-04 1.6200000000e-04 1.6300000000e-04 1.5500000000e-04 1.5700000000e-04
1.4862838135e+09 8.9637000000e-02 1.3320000000e-03 6.0000000000e-05 -9.6000000000e-05 1.7200000000e-04 1.6100000000e-04 1.5600000000e-04 1.5900000000e-04
1.4896275635e+09 8.9513000000e-02 1.0630000000e-03 -1.3100000000e-04 -9.1000000000e-05 1.6300000000e-04 1.6800000000e-04 1.5000000000e-04 1.5700000000e-04
1.4929713135e+09 8.9401000000e-02 1.2540000000e-03 -5.3000000000e-05 -1.6500000000e-04 1.6800000000e-04 1.7700000000e-04 1.5200000000e-04 1.5800000000e-04
1.4963150635e+09 8.9136000000e-02 1.1870000000e-03 1.5100000000e-04 2.9000000000e-05 1.7800000000e-04 1.5100000000e-04 1.5500000000e-04 1.6800000000e-04
1.4996588135e+09 8.9547000000e-02 1.3300000000e-03 -2.7100000000e-04 -4.7600000000e-04 1.6800000000e-04 1.6900000000e-04 1.6900000000e-04 1.6400000000e-04
1.5030025635e+09 8.9496000000e-02 1.1320000000e-03 -1.3200000000e-04 -1.4000000000e-04 1.7800000000e-04 1.6000000000e-04 1.5800000000e-04 1.7200000000e-04
1.5063463135e+09 8.9798000000e-02 9.6700000000e-04 1.9000000000e-05 -1.1700000000e-04 1.6800000000e-04 1.5100000000e-04 1.5600000000e-04 1.6600000000e-04
1.5096900635e+09 8.9778000000e-02 1.3240000000e-03 -4.6500000000e-04 -4.7000000000e-05 1.6900000000e-04 1.5800000000e-04 1.5800000000e-04 1.6700000000e-04
1.5163775635e+09 9.0475000000e-02 1.1760000000e-03 2.0000000000e-04 -1.6000000000e-05 1.8000000000e-04 1.8700000000e-04 1.8100000000e-04 1.8300000000e-04
1.5498150635e+09 9.0284000000e-02 1.2620000000e-03 -3.9000000000e-04 -4.4900000000e-04 2.2100000000e-04 2.1500000000e-04 1.9600000000e-04 2.1600000000e-04
1.5531588135e+09 9.0417000000e-02 1.1410000000e-03 -1.3900000000e-04 -3.8700000000e-04 2.0200000000e-04 1.6900000000e-04 1.7700000000e-04 1.9300000000e-04
1.5565025635e+09 8.9756000000e-02 1.1640000000e-03 -6.9000000000e-04 5.0000000000e-06 2.0000000000e-04 1.9100000000e-04 1.9000000000e-04 1.7700000000e-04
1.5631900635e+09 8.9330000000e-02 8.5100000000e-04 -5.4900000000e-04 1.1400000000e-04 2.8400000000e-04 2.6600000000e-04 2.7200000000e-04 2.5300000000e-04
1.5665338135e+09 9.0140000000e-02 8.4900000000e-04 -1.0600000000e-04 -3.7100000000e-04 1.9700000000e-04 1.7600000000e-04 1.5600000000e-04 1.7600000000e-04
1.5832525635e+09 8.9922000000e-02 1.3730000000e-03 -3.4700000000e-04 -4.8700000000e-04 1.8800000000e-04 1.6900000000e-04 1.7200000000e-04 1.8900000000e-04
1.5865963135e+09 9.1064000000e-02 1.1990000000e-03 -2.8000000000e-04 1.0500000000e-04 1.9400000000e-04 1.6700000000e-04 1.7600000000e-04 1.7700000000e-04
1.5932838135e+09 9.0322000000e-02 1.1470000000e-03 -2.1900000000e-04 -1.6500000000e-04 2.2600000000e-04 1.9400000000e-04 1.8000000000e-04 1.8500000000e-04
1.6100025635e+09 9.1018000000e-02 1.2330000000e-03 1.9800000000e-04 2.8200000000e-04 1.7000000000e-04 1.5000000000e-04 1.5900000000e-04 1.6400000000e-04
1.6166900635e+09 9.0368000000e-02 7.7500000000e-04 -1.2200000000e-04 -3.7200000000e-04 1.8600000000e-04 1.6500000000e-04 1.7500000000e-04 1.6900000000e-04
1.6300650635e+09 9.0821000000e-02 1.0070000000e-03 2.0600000000e-04 -2.8000000000e-05 1.7100000000e-04 1.5200000000e-04 1.6300000000e-04 1.6600000000e-04
1.6334088135e+09 9.0755000000e-02 1.1030000000e-03 -7.3000000000e-05 -1.2800000000e-04 1.7500000000e-04 1.4900000000e-04 1.6200000000e-04 1.5300000000e-04
1.6367525635e+09 9.0317000000e-02 9.4000000000e-04 -2.5900000000e-04 -2.7000000000e-04 1.6900000000e-04 1.5400000000e-04 1.4800000000e-04 1.5600000000e-04
1.6400963135e+09 9.0162000000e-02 1.2570000000e-03 3.0000000000e-06 -1.2700000000e-04 1.7000000000e-04 1.6100000000e-04 1.5500000000e-04 1.6200000000e-04
1.6434400635e+09 8.9877000000e-02 9.4300000000e-04 -2.6000000000e-04 -1.7600000000e-04 1.7800000000e-04 1.6300000000e-04 1.5100000000e-04 1.5800000000e-04
1.6467838135e+09 9.0422000000e-02 8.1700000000e-04 -2.1100000000e-04 1.0700000000e-04 1.7500000000e-04 1.7000000000e-04 1.6700000000e-04 1.6400000000e-04
