# # J1331+3030 QU data converted from WAPITI text output
# # Date (ISO): 2023-09-04T14:28:12.978
# # Columns: freq(Hz) I(Jy) Q(Jy) U(Jy) V(Jy) dI(Jy) dQ(Jy) dU(Jy) dV(Jy)
# 
902800000.000000 18.178528 1.514176 0.095322 -0.000191 0.011058 0.000706 0.000986 0.000502
916200000.000000 18.065132 1.515440 0.127652 0.000414 0.009851 0.000431 0.000831 0.000376
929500000.000000 17.936064 1.523335 0.157005 0.000148 0.009142 0.000563 0.000812 0.000357
942900000.000000 17.821013 1.533376 0.211393 0.000250 0.017406 0.000907 0.001418 0.000796
956300000.000000 17.642155 1.517285 0.241642 0.000682 0.008265 0.000377 0.000703 0.000322
969700000.000000 17.512720 1.505663 0.279606 0.000653 0.006127 0.000380 0.000684 0.000226
983000000.000000 17.408907 1.497738 0.316926 0.000210 0.006811 0.000403 0.000704 0.000225
996400000.000000 17.283167 1.482876 0.349247 -0.000150 0.005543 0.000327 0.000637 0.000222
1009800000.000000 17.168983 1.473583 0.383512 0.000088 0.006289 0.000351 0.000640 0.000210
1023200000.000000 17.068512 1.481599 0.403281 -0.000214 0.004735 0.000442 0.000726 0.000214
1036500000.000000 16.947729 1.486503 0.419497 -0.000261 0.004073 0.000422 0.000686 0.000213
1049900000.000000 16.834671 1.490425 0.434875 -0.000331 0.003939 0.000348 0.000602 0.000187
1063300000.000000 16.744478 1.490509 0.450490 -0.000201 0.003995 0.000352 0.000629 0.000199
1076700000.000000 16.642458 1.481571 0.475107 -0.000378 0.004094 0.000405 0.000666 0.000204
1090000000.000000 16.551060 1.461870 0.509391 0.000092 0.003989 0.000435 0.000669 0.000190
1103400000.000000 16.449755 1.451610 0.532740 -0.000367 0.003969 0.000330 0.000580 0.000177
1116800000.000000 16.347151 1.439042 0.555524 -0.000050 0.003896 0.000353 0.000562 0.000201
1130200000.000000 16.270517 1.423408 0.580889 0.000051 0.004453 0.000349 0.000603 0.000192
1143500000.000000 16.183325 1.407912 0.607557 0.000021 0.003730 0.000393 0.000589 0.000203
1156900000.000000 16.087023 1.392256 0.628155 -0.000193 0.004170 0.000407 0.000550 0.000219
1170300000.000000 16.011957 1.376933 0.646892 -0.000426 0.004675 0.000436 0.000630 0.000373
1183700000.000000 15.930676 1.358273 0.678157 0.000317 0.003832 0.000478 0.000628 0.000326
1197000000.000000 15.844149 1.350785 0.691555 -0.000048 0.003750 0.000448 0.000615 0.000288
1210400000.000000 15.760264 1.338472 0.710906 0.000650 0.004216 0.000564 0.000702 0.000422
1223800000.000000 15.675354 1.334978 0.721606 -0.000016 0.005112 0.000554 0.000692 0.000344
1237200000.000000 15.598247 1.328556 0.730960 -0.000323 0.004483 0.000440 0.000600 0.000225
1250500000.000000 15.527698 1.324722 0.738804 -0.000017 0.003696 0.000453 0.000545 0.000200
1263900000.000000 15.462642 1.319944 0.743769 -0.000307 0.003943 0.000509 0.000568 0.000301
1277300000.000000 15.380135 1.312695 0.756407 0.000015 0.004435 0.000636 0.000726 0.000439
1290700000.000000 15.308307 1.296869 0.768551 0.000661 0.003379 0.000438 0.000579 0.000274
1304000000.000000 15.228322 1.282261 0.784233 -0.000036 0.003824 0.000405 0.000559 0.000152
1317400000.000000 15.162472 1.264220 0.799899 0.000340 0.003432 0.000414 0.000504 0.000161
1330800000.000000 15.080656 1.248261 0.815018 -0.000011 0.004018 0.000488 0.000532 0.000156
1344200000.000000 14.998817 1.240802 0.819612 0.000131 0.003887 0.000404 0.000523 0.000153
1357500000.000000 14.934021 1.232360 0.825271 0.000077 0.003003 0.000402 0.000488 0.000164
1370900000.000000 14.856603 1.222617 0.832894 -0.000364 0.003391 0.000465 0.000543 0.000145
1384300000.000000 14.789490 1.211789 0.842307 -0.000287 0.002899 0.000451 0.000529 0.000173
1397700000.000000 14.718219 1.200993 0.848721 -0.000153 0.003204 0.000431 0.000510 0.000164
1411000000.000000 14.642201 1.189399 0.857541 -0.000019 0.002882 0.000450 0.000520 0.000166
1424400000.000000 14.572019 1.178045 0.862502 0.000196 0.002853 0.000474 0.000503 0.000233
1437800000.000000 14.490828 1.169302 0.866268 0.000196 0.002676 0.000437 0.000492 0.000186
1451200000.000000 14.413225 1.162386 0.866856 -0.000265 0.003085 0.000457 0.000478 0.000168
1464500000.000000 14.333615 1.156362 0.866705 0.000351 0.002966 0.000468 0.000478 0.000171
1477900000.000000 14.248714 1.147142 0.868067 0.000296 0.003150 0.000440 0.000501 0.000195
1491300000.000000 14.171599 1.136738 0.869399 -0.000170 0.002923 0.000474 0.000511 0.000158
1504700000.000000 14.083693 1.126185 0.870835 0.000271 0.003402 0.000444 0.000521 0.000171
1518000000.000000 14.005832 1.120421 0.872043 0.000038 0.003608 0.000436 0.000496 0.000214
1531400000.000000 13.918872 1.113100 0.873167 0.000070 0.005290 0.000611 0.000620 0.000486
1544800000.000000 13.830972 1.101897 0.874732 0.000078 0.004698 0.000633 0.000598 0.000340
1558200000.000000 13.746150 1.086991 0.876069 -0.000084 0.003008 0.000461 0.000549 0.000271
1571500000.000000 13.643948 1.082743 0.877599 0.000163 0.003209 0.000549 0.000659 0.000387
1584900000.000000 13.572537 1.073546 0.877764 -0.000575 0.003855 0.000577 0.000515 0.000281
1598300000.000000 13.452951 1.064323 0.876272 -0.000015 0.003128 0.000478 0.000512 0.000197
1611700000.000000 13.359975 1.057426 0.876916 -0.000287 0.003551 0.000515 0.000520 0.000200
1625000000.000000 13.265875 1.049456 0.873645 -0.000412 0.003139 0.000641 0.000515 0.000330
1638400000.000000 13.149847 1.042918 0.873781 0.000577 0.003389 0.000481 0.000476 0.000220
1651800000.000000 13.053884 1.029730 0.873606 0.000056 0.003241 0.000541 0.000490 0.000300
