# # 3C286 QU data converted from polkat JSON output
# # Date (ISO): 2023-11-12T10:36:40.100001
# # Columns: freq(Hz) I(Jy) Q(Jy) U(Jy) V(Jy) dI(Jy) dQ(Jy) dU(Jy) dV(Jy)
# 
902799438.476562 18.286358 1.293638 -0.430330 -0.000889 0.021887 0.005089 0.007564 0.001333
916174438.476562 18.229095 1.342245 -0.441504 0.000730 0.015968 0.002677 0.003728 0.000927
929549438.476562 18.125128 1.380787 -0.427695 0.001006 0.012235 0.001812 0.002442 0.001045
942924438.476562 18.033226 1.414953 -0.346355 0.000091 0.009556 0.001696 0.002072 0.001059
956299438.476562 17.913237 1.435511 -0.323756 0.000345 0.005788 0.001363 0.002034 0.000430
969674438.476562 17.784016 1.449957 -0.271699 0.000210 0.005157 0.001492 0.002125 0.000290
983049438.476562 17.661104 1.458469 -0.220397 0.000932 0.004661 0.001357 0.001969 0.000266
996424438.476562 17.541588 1.466487 -0.170506 0.000501 0.004301 0.001320 0.001919 0.000266
1009799438.476560 17.422409 1.474936 -0.132518 0.000367 0.004021 0.001392 0.002007 0.000248
1023174438.476560 17.302536 1.483220 -0.106765 0.000183 0.004044 0.001301 0.001879 0.000233
1036549438.476560 17.180298 1.493071 -0.076418 0.000669 0.003899 0.001157 0.001686 0.000224
1049924438.476560 17.067289 1.499153 -0.053943 0.000067 0.003615 0.001065 0.001590 0.000204
1063299438.476560 16.954456 1.497118 0.001100 -0.000047 0.003420 0.001104 0.001627 0.000198
1076674438.476560 16.843657 1.497322 0.056142 0.000535 0.003432 0.000990 0.001465 0.000208
1090049438.476560 16.734552 1.495364 0.090903 0.000035 0.003443 0.000968 0.001429 0.000215
1103424438.476560 16.624701 1.493014 0.125531 0.000014 0.003458 0.000992 0.001465 0.000196
1116799438.476560 16.517128 1.488682 0.153896 -0.000067 0.003428 0.000895 0.001329 0.000189
1130174438.476560 16.409191 1.483289 0.185125 0.000353 0.003416 0.000891 0.001340 0.000202
1143549438.476560 16.298805 1.474961 0.231430 -0.000144 0.003557 0.000863 0.001270 0.000305
1156924438.476560 16.204893 1.461522 0.265028 -0.000245 0.003121 0.002400 0.003367 0.002456
1170299438.476560 16.103020 1.469043 0.283369 0.004305 0.003506 0.002275 0.003474 0.000473
1183674438.476560 15.997794 1.454115 0.309252 -0.000536 0.003134 0.000681 0.000983 0.000526
1197049438.476560 15.891380 1.434839 0.335353 0.000321 0.003173 0.000680 0.000984 0.000355
1210424438.476560 15.799183 1.430624 0.360974 -0.001236 0.003095 0.000769 0.001191 0.000654
1223799438.476560 15.699185 1.423009 0.393403 -0.002467 0.003220 0.001160 0.001715 0.001039
1237174438.476560 15.609483 1.411676 0.416807 0.000441 0.002639 0.000547 0.000877 0.000242
1250549438.476560 15.514238 1.420178 0.403949 -0.000417 0.002990 0.000512 0.001232 0.000316
1263924438.476560 15.425902 1.425146 0.399130 -0.000769 0.002844 0.000731 0.000853 0.000418
1277299438.476560 15.317127 1.438571 0.399427 -0.000598 0.003092 0.000862 0.000857 0.000698
1290674438.476560 15.255075 1.406884 0.444225 0.000188 0.002620 0.000685 0.000683 0.000371
1304049438.476560 15.160099 1.375319 0.499472 -0.000174 0.002115 0.000342 0.000516 0.000183
1317424438.476560 15.081629 1.360410 0.512590 -0.000060 0.002239 0.000321 0.000460 0.000166
1330799438.476560 14.999488 1.350641 0.529026 -0.000113 0.002099 0.000364 0.000479 0.000156
1344174438.476560 14.915612 1.341278 0.538908 -0.000281 0.002106 0.000363 0.000479 0.000162
1357549438.476560 14.839369 1.330934 0.553774 0.000054 0.002012 0.000351 0.000471 0.000157
1370924438.476560 14.764541 1.320273 0.566897 0.000059 0.001915 0.000360 0.000458 0.000162
1384299438.476560 14.686728 1.308556 0.584861 -0.000249 0.001839 0.000351 0.000445 0.000159
1397674438.476560 14.611937 1.295244 0.601068 -0.000256 0.001773 0.000355 0.000440 0.000168
1411049438.476560 14.539729 1.281943 0.615490 0.000319 0.001828 0.000370 0.000465 0.000170
1424424438.476560 14.474218 1.271754 0.629117 0.000405 0.001670 0.000419 0.000465 0.000184
1437799438.476560 14.399896 1.261645 0.639628 0.000067 0.001672 0.000420 0.000482 0.000158
1451174438.476560 14.331251 1.252317 0.650212 0.000105 0.001639 0.000427 0.000474 0.000160
1464549438.476560 14.266328 1.242718 0.658020 0.000441 0.001729 0.000433 0.000493 0.000169
1477924438.476560 14.201654 1.231091 0.666810 0.000221 0.001745 0.000481 0.000520 0.000180
1491299438.476560 14.136388 1.222966 0.673399 -0.000599 0.001774 0.000504 0.000558 0.000171
1504674438.476560 14.074632 1.210805 0.686700 -0.000153 0.001871 0.000522 0.000609 0.000208
1518049438.476560 14.012281 1.202406 0.695358 -0.000247 0.002019 0.000600 0.000690 0.000216
1531424438.476560 13.950077 1.192275 0.697627 0.000636 0.003383 0.000898 0.000860 0.000335
1544799438.476560 13.899086 1.182930 0.711763 -0.000477 0.003539 0.000659 0.000823 0.000321
1558174438.476560 13.831946 1.162634 0.733600 -0.000465 0.002561 0.000834 0.000957 0.000282
1571549438.476560 13.770885 1.157438 0.749562 -0.000488 0.002930 0.000887 0.001083 0.000381
1584924438.476560 13.722786 1.154965 0.752540 -0.000310 0.003159 0.000757 0.000857 0.000327
1598299438.476560 13.659316 1.143525 0.747962 0.000048 0.003402 0.000816 0.000973 0.000304
1611674438.476560 13.613100 1.131508 0.750074 0.000333 0.003704 0.000911 0.001087 0.000279
1625049438.476560 13.580812 1.114427 0.752069 0.007392 0.007237 0.000965 0.002253 0.002504
1638424438.476560 13.516076 1.110661 0.763589 0.000036 0.004283 0.000961 0.001218 0.000297
1651799438.476560 13.476531 1.103895 0.764405 0.000411 0.004981 0.000944 0.001088 0.000495
