# # 3C286 QU data converted from polkat JSON output
# # Date (ISO): 2023-10-22T10:23:07.000000
# # Columns: freq(Hz) I(Jy) Q(Jy) U(Jy) V(Jy) dI(Jy) dQ(Jy) dU(Jy) dV(Jy)
# 
902799438.476562 18.799124 1.462468 -0.406911 -0.000152 0.024457 0.001962 0.002298 0.001518
916174438.476562 18.613373 1.497299 -0.358451 0.002340 0.042894 0.001693 0.001933 0.001322
929549438.476562 18.495506 1.488632 -0.329600 -0.000971 0.026130 0.001890 0.001907 0.001235
942924438.476562 18.394510 1.535652 -0.267351 -0.000318 0.014896 0.001309 0.002299 0.000757
956299438.476562 18.238665 1.496237 -0.223771 0.000067 0.010861 0.000932 0.001112 0.000771
969674438.476562 18.108232 1.513916 -0.179954 0.000576 0.009413 0.000649 0.000953 0.000573
983049438.476562 18.000074 1.530483 -0.133001 0.000459 0.007238 0.000610 0.000845 0.000502
996424438.476562 17.868683 1.546018 -0.092896 -0.000194 0.005224 0.000447 0.000651 0.000335
1009799438.476560 17.773306 1.545207 -0.050754 0.000253 0.004201 0.000397 0.000626 0.000328
1023174438.476560 17.653488 1.556611 -0.017123 0.000183 0.004220 0.000376 0.000587 0.000302
1036549438.476560 17.533674 1.554014 0.033113 0.000532 0.003624 0.000324 0.000580 0.000259
1049924438.476560 17.420862 1.551188 0.070709 -0.000416 0.003169 0.000236 0.000561 0.000213
1063299438.476560 17.320993 1.546885 0.105251 -0.000211 0.002947 0.000242 0.000520 0.000208
1076674438.476560 17.212984 1.540439 0.137769 -0.000086 0.003078 0.000291 0.000536 0.000219
1090049438.476560 17.113564 1.521804 0.178374 -0.000543 0.003322 0.000465 0.000622 0.000398
1103424438.476560 17.009205 1.526814 0.218479 -0.000325 0.002814 0.000284 0.000532 0.000219
1116799438.476560 16.911652 1.519478 0.246076 0.000337 0.002848 0.000227 0.000511 0.000192
1130174438.476560 16.814060 1.507930 0.275863 -0.000088 0.002874 0.000258 0.000513 0.000214
1143549438.476560 16.723423 1.499355 0.307574 -0.000007 0.002654 0.000263 0.000523 0.000220
1156924438.476560 16.628901 1.490080 0.339151 0.000010 0.002890 0.000248 0.000490 0.000222
1170299438.476560 16.539606 1.479135 0.362657 -0.000394 0.003242 0.000387 0.000535 0.000336
1183674438.476560 16.448181 1.469712 0.395304 -0.000058 0.002768 0.000366 0.000529 0.000345
1197049438.476560 16.356709 1.471445 0.414532 -0.000111 0.002367 0.000321 0.000515 0.000299
1210424438.476560 16.266186 1.485629 0.416976 0.001543 0.005052 0.001062 0.001141 0.001265
1223799438.476560 16.193487 1.463253 0.448526 -0.001377 0.006591 0.001156 0.001298 0.001355
1237174438.476560 16.100048 1.449137 0.489582 -0.000400 0.005607 0.000923 0.001201 0.001422
1250549438.476560 16.013369 1.413322 0.516857 -0.000047 0.002206 0.000407 0.000492 0.000255
1263924438.476560 15.933061 1.400466 0.526398 -0.000148 0.002830 0.000609 0.000590 0.000349
1277299438.476560 15.851064 1.382898 0.549346 0.000120 0.002214 0.000461 0.000499 0.000378
1290674438.476560 15.773754 1.373471 0.567428 0.000177 0.001890 0.000277 0.000453 0.000196
1304049438.476560 15.687138 1.366367 0.587052 -0.000017 0.001807 0.000261 0.000419 0.000157
1317424438.476560 15.607941 1.357367 0.606250 0.000403 0.001850 0.000259 0.000426 0.000148
1330799438.476560 15.529584 1.350488 0.621288 -0.000093 0.001720 0.000256 0.000425 0.000165
1344174438.476560 15.451188 1.339935 0.638218 0.000473 0.001615 0.000280 0.000432 0.000161
1357549438.476560 15.372822 1.333576 0.655641 -0.000117 0.001684 0.000273 0.000439 0.000164
1370924438.476560 15.292260 1.322011 0.666944 0.000342 0.001673 0.000280 0.000401 0.000162
1384299438.476560 15.215020 1.309086 0.678291 -0.000246 0.001649 0.000271 0.000412 0.000168
1397674438.476560 15.136678 1.295463 0.686866 0.000062 0.001674 0.000279 0.000428 0.000162
1411049438.476560 15.059174 1.283663 0.695662 0.000205 0.001592 0.000301 0.000396 0.000165
1424424438.476560 14.987628 1.270361 0.706092 0.000779 0.001567 0.000301 0.000425 0.000206
1437799438.476560 14.903080 1.261834 0.713968 0.000040 0.001627 0.000288 0.000390 0.000163
1451174438.476560 14.826174 1.253013 0.723985 -0.000074 0.001605 0.000293 0.000385 0.000170
1464549438.476560 14.746949 1.241114 0.735870 0.000669 0.001597 0.000302 0.000404 0.000162
1477924438.476560 14.667526 1.232767 0.748340 0.000294 0.001620 0.000308 0.000396 0.000169
1491299438.476560 14.587932 1.224027 0.756030 -0.000276 0.001601 0.000305 0.000398 0.000171
1504674438.476560 14.508660 1.213424 0.763300 0.000101 0.001560 0.000317 0.000394 0.000164
1518049438.476560 14.428400 1.207399 0.771692 -0.000126 0.001567 0.000312 0.000418 0.000187
1531424438.476560 14.345141 1.198725 0.774289 -0.000236 0.002773 0.000560 0.000538 0.000489
1544799438.476560 14.267635 1.188131 0.777000 -0.000062 0.003247 0.000538 0.000521 0.000534
1558174438.476560 14.184439 1.186700 0.791460 -0.001392 0.003945 0.000470 0.000511 0.000338
1571549438.476560 14.109262 1.179623 0.797587 -0.000649 0.002336 0.000596 0.000630 0.000606
1584924438.476560 14.019947 1.173348 0.797158 -0.000825 0.003624 0.000577 0.000626 0.000495
1598299438.476560 13.929552 1.161765 0.799978 0.000308 0.002590 0.000420 0.000471 0.000235
1611674438.476560 13.839004 1.152909 0.805405 0.000471 0.001923 0.000352 0.000402 0.000189
1625049438.476560 13.755146 1.136706 0.807848 0.001084 0.002399 0.000454 0.000492 0.000382
1638424438.476560 13.659996 1.129990 0.812777 -0.000154 0.001760 0.000386 0.000413 0.000171
1651799438.476560 13.576798 1.118092 0.814279 0.000241 0.001705 0.000359 0.000405 0.000256
