# # 3C286 QU data converted from polkat JSON output
# # Date (ISO): 2024-02-19T03:32:45.800000
# # Columns: freq(Hz) I(Jy) Q(Jy) U(Jy) V(Jy) dI(Jy) dQ(Jy) dU(Jy) dV(Jy)
# 
902799438.476562 19.096874 1.132424 0.946735 0.000207 0.009179 0.002257 0.001867 0.000419
916174438.476562 18.933489 1.137718 0.954644 -0.000133 0.007727 0.002262 0.001892 0.000301
929549438.476562 18.794777 1.139959 0.973049 0.000656 0.007729 0.002265 0.001877 0.000390
942924438.476562 18.686874 1.145647 1.003368 0.000391 0.010185 0.004146 0.003473 0.001130
956299438.476562 18.494543 1.132794 1.004843 0.001397 0.006263 0.001883 0.001534 0.000340
969674438.476562 18.350117 1.119190 1.023214 -0.000028 0.005641 0.001506 0.001194 0.000212
983049438.476562 18.215317 1.113039 1.038381 -0.000289 0.005315 0.001347 0.001064 0.000221
996424438.476562 18.081657 1.105858 1.049973 0.000041 0.004866 0.001265 0.001002 0.000193
1009799438.476560 17.942720 1.101720 1.060709 0.000166 0.004701 0.001160 0.000917 0.000203
1023174438.476560 17.812765 1.108529 1.061277 -0.000183 0.004708 0.001218 0.000949 0.000195
1036549438.476560 17.688564 1.103161 1.066198 0.000240 0.004156 0.001145 0.000903 0.000194
1049924438.476560 17.562052 1.098511 1.071597 -0.000415 0.003923 0.001086 0.000844 0.000206
1063299438.476560 17.436386 1.094576 1.076963 -0.000413 0.003738 0.001064 0.000835 0.000194
1076674438.476560 17.314651 1.088855 1.083892 -0.000685 0.003573 0.001067 0.000812 0.000185
1090049438.476560 17.191023 1.076250 1.092985 -0.000090 0.003517 0.000962 0.000720 0.000180
1103424438.476560 17.074711 1.071619 1.098870 -0.000418 0.003348 0.000919 0.000698 0.000178
1116799438.476560 16.962862 1.062754 1.104818 0.000228 0.003244 0.000884 0.000646 0.000198
1130174438.476560 16.844742 1.054451 1.110007 0.000203 0.003038 0.000828 0.000600 0.000175
1143549438.476560 16.734900 1.045664 1.115827 -0.000186 0.002749 0.000796 0.000548 0.000240
1156924438.476560 16.624931 1.038772 1.119524 -0.000562 0.002552 0.000730 0.000518 0.000212
1170299438.476560 16.525187 1.031046 1.122113 -0.000291 0.002987 0.000737 0.000560 0.000351
1183674438.476560 16.415852 1.020853 1.126337 -0.000083 0.002627 0.000694 0.000487 0.000356
1197049438.476560 16.305262 1.015907 1.133462 0.000181 0.002287 0.000689 0.000447 0.000244
1210424438.476560 16.203327 1.004111 1.134972 -0.000614 0.002446 0.000862 0.000577 0.000444
1223799438.476560 16.110897 0.997783 1.138196 0.000387 0.002593 0.000680 0.000560 0.000414
1237174438.476560 16.008293 0.995495 1.136268 0.000322 0.001957 0.000712 0.000459 0.000296
1250549438.476560 15.911167 0.993036 1.130985 0.000333 0.001993 0.000893 0.000561 0.000229
1263924438.476560 15.824288 0.988756 1.131933 0.000087 0.002172 0.000818 0.000561 0.000391
1277299438.476560 15.718858 0.982516 1.129848 0.000496 0.001915 0.000817 0.000624 0.000440
1290674438.476560 15.643990 0.977007 1.134745 -0.000015 0.001481 0.000569 0.000359 0.000244
1304049438.476560 15.552280 0.969464 1.135430 -0.000335 0.001453 0.000569 0.000338 0.000165
1317424438.476560 15.466544 0.960015 1.139015 0.000409 0.001380 0.000548 0.000338 0.000146
1330799438.476560 15.383682 0.953074 1.139744 0.000088 0.001344 0.000528 0.000345 0.000164
1344174438.476560 15.296739 0.948264 1.140275 0.000001 0.001358 0.000545 0.000353 0.000162
1357549438.476560 15.217319 0.942327 1.139548 -0.000085 0.001288 0.000534 0.000358 0.000156
1370924438.476560 15.135077 0.938743 1.138230 0.000246 0.001275 0.000568 0.000354 0.000153
1384299438.476560 15.057990 0.930433 1.138709 -0.000192 0.001326 0.000587 0.000400 0.000164
1397674438.476560 14.977283 0.922887 1.139755 -0.000234 0.001362 0.000582 0.000423 0.000159
1411049438.476560 14.901825 0.916953 1.136581 0.000179 0.001337 0.000586 0.000434 0.000169
1424424438.476560 14.831701 0.913763 1.134308 0.000521 0.001327 0.000612 0.000464 0.000194
1437799438.476560 14.752738 0.908458 1.133638 0.000055 0.001348 0.000606 0.000463 0.000161
1451174438.476560 14.680818 0.905558 1.132019 -0.000281 0.001336 0.000640 0.000474 0.000170
1464549438.476560 14.607668 0.901269 1.131691 0.000434 0.001444 0.000664 0.000500 0.000169
1477924438.476560 14.537820 0.895145 1.130053 0.000131 0.001460 0.000672 0.000523 0.000175
1491299438.476560 14.469831 0.892045 1.127546 -0.000344 0.001468 0.000683 0.000526 0.000166
1504674438.476560 14.399323 0.884622 1.126995 0.000223 0.001476 0.000688 0.000543 0.000201
1518049438.476560 14.333656 0.879348 1.125624 0.000052 0.001545 0.000708 0.000577 0.000200
1531424438.476560 14.260631 0.877511 1.119309 0.000187 0.002469 0.000896 0.000766 0.000371
1544799438.476560 14.203050 0.867027 1.118804 -0.001221 0.002456 0.001015 0.000863 0.000468
1558174438.476560 14.132492 0.858425 1.122050 0.000034 0.001808 0.000916 0.000796 0.000337
1571549438.476560 14.075599 0.855119 1.122679 -0.000473 0.002210 0.001019 0.000922 0.000429
1584924438.476560 14.007644 0.852031 1.120130 0.000179 0.002313 0.001037 0.000886 0.000432
1598299438.476560 13.941386 0.849225 1.113807 0.000396 0.002140 0.001034 0.000906 0.000298
1611674438.476560 13.879415 0.846306 1.110835 0.000620 0.002290 0.000932 0.000813 0.000236
1625049438.476560 13.825083 0.834451 1.108977 0.000136 0.002415 0.001161 0.000968 0.000380
1638424438.476560 13.752778 0.830550 1.108955 0.000119 0.002901 0.001147 0.000999 0.000251
1651799438.476560 13.705552 0.820470 1.105959 0.000229 0.003155 0.001365 0.001197 0.000421
