# # 3C286 QU data converted from polkat JSON output
# # Date (ISO): 2023-09-06T14:41:37.700000
# # Columns: freq(Hz) I(Jy) Q(Jy) U(Jy) V(Jy) dI(Jy) dQ(Jy) dU(Jy) dV(Jy)
# 
902708007.812500 18.681868 1.433355 0.234132 0.000177 0.009335 0.000610 0.000929 0.000645
916083007.812500 18.530046 1.441863 0.261543 -0.000358 0.006791 0.000553 0.000802 0.000398
929458007.812500 18.394812 1.449955 0.290272 0.000685 0.006405 0.000462 0.000760 0.000471
942833007.812500 18.270744 1.447971 0.338890 0.000756 0.007228 0.000535 0.000757 0.000510
956208007.812500 18.127390 1.453846 0.357931 0.000217 0.004814 0.000305 0.000599 0.000253
969583007.812500 17.988190 1.451734 0.388909 -0.000076 0.004603 0.000300 0.000519 0.000212
982958007.812500 17.862627 1.445022 0.421459 -0.000156 0.004113 0.000284 0.000516 0.000224
996333007.812500 17.733376 1.430697 0.459676 -0.000270 0.004230 0.000293 0.000504 0.000206
1009708007.812500 17.616240 1.421821 0.491442 0.000069 0.003783 0.000270 0.000502 0.000219
1023083007.812500 17.495934 1.420091 0.509310 -0.000203 0.003942 0.000280 0.000479 0.000214
1036458007.812500 17.372864 1.427705 0.521208 0.000032 0.003647 0.000272 0.000472 0.000199
1049833007.812500 17.258209 1.436904 0.530883 -0.000004 0.003422 0.000272 0.000467 0.000180
1063208007.812500 17.144705 1.436933 0.541545 -0.000279 0.003086 0.000279 0.000461 0.000181
1076583007.812500 17.039768 1.424416 0.565014 -0.000067 0.003148 0.000290 0.000467 0.000187
1089958007.812500 16.925955 1.409331 0.594079 0.000282 0.002937 0.000313 0.000480 0.000221
1103333007.812500 16.818623 1.393600 0.620051 -0.000413 0.002707 0.000295 0.000440 0.000180
1116708007.812500 16.708185 1.378894 0.640694 0.000437 0.002877 0.000292 0.000438 0.000174
1130083007.812500 16.603722 1.367711 0.660036 0.000575 0.002692 0.000290 0.000465 0.000187
1143458007.812500 16.506695 1.354594 0.676878 -0.000219 0.002740 0.000299 0.000461 0.000194
1156833007.812500 16.403013 1.341718 0.700024 -0.000073 0.002478 0.000298 0.000433 0.000198
1170208007.812500 16.309118 1.325760 0.713334 0.000343 0.002994 0.000410 0.000468 0.000320
1183583007.812500 16.206039 1.311613 0.737091 0.000003 0.002589 0.000372 0.000477 0.000319
1196958007.812500 16.109949 1.295453 0.750748 0.000307 0.002643 0.000467 0.000431 0.000272
1210333007.812500 16.010077 1.282022 0.767483 -0.000323 0.002943 0.000759 0.000557 0.000356
1223708007.812500 15.912819 1.282263 0.776661 -0.000435 0.002415 0.000417 0.000496 0.000344
1237083007.812500 15.832315 1.275682 0.782631 0.000301 0.002045 0.000338 0.000421 0.000255
1250458007.812500 15.740199 1.269218 0.785707 -0.000404 0.002255 0.000589 0.000646 0.000278
1263833007.812500 15.655549 1.259642 0.790069 0.000573 0.002261 0.000468 0.000540 0.000309
1277208007.812500 15.561003 1.250636 0.793745 -0.000253 0.001766 0.000564 0.000567 0.000407
1290583007.812500 15.522817 1.242435 0.774765 -0.001202 0.003289 0.000638 0.000767 0.000522
1303958007.812500 15.401670 1.230990 0.824715 -0.000133 0.001576 0.000296 0.000379 0.000158
1317333007.812500 15.322943 1.217302 0.837513 0.000374 0.001613 0.000300 0.000375 0.000157
1330708007.812500 15.243554 1.203924 0.847768 -0.000200 0.001585 0.000283 0.000365 0.000166
1344083007.812500 15.164769 1.196093 0.855091 -0.000121 0.001498 0.000302 0.000375 0.000159
1357458007.812500 15.084800 1.187936 0.862640 -0.000256 0.001590 0.000285 0.000372 0.000143
1370833007.812500 15.010679 1.178811 0.869441 0.000182 0.001523 0.000316 0.000360 0.000136
1384208007.812500 14.936654 1.166219 0.877696 -0.000464 0.001517 0.000294 0.000365 0.000156
1397583007.812500 14.862041 1.155054 0.886442 -0.000495 0.001527 0.000295 0.000359 0.000151
1410958007.812500 14.792192 1.143763 0.894464 0.000151 0.001535 0.000314 0.000366 0.000158
1424333007.812500 14.723809 1.132879 0.900911 0.000481 0.001499 0.000321 0.000368 0.000171
1437708007.812500 14.648791 1.125127 0.904803 0.000037 0.001542 0.000304 0.000349 0.000155
1451083007.812500 14.583325 1.117813 0.908319 -0.000693 0.001563 0.000324 0.000343 0.000154
1464458007.812500 14.515552 1.111428 0.910428 0.000406 0.001562 0.000311 0.000337 0.000154
1477833007.812500 14.447425 1.102956 0.914746 -0.000029 0.001588 0.000313 0.000344 0.000145
1491208007.812500 14.381513 1.095076 0.918003 -0.000217 0.001633 0.000307 0.000348 0.000162
1504583007.812500 14.315862 1.086552 0.921669 -0.000062 0.001745 0.000312 0.000353 0.000153
1517958007.812500 14.253166 1.077523 0.924008 -0.000367 0.001790 0.000330 0.000334 0.000172
1531333007.812500 14.167116 1.085464 0.920737 0.001392 0.002774 0.000581 0.000601 0.000492
1544708007.812500 14.110161 1.070275 0.923343 0.000308 0.002170 0.000441 0.000493 0.000446
1558083007.812500 14.082318 1.053375 0.923524 0.000225 0.002545 0.000359 0.000523 0.000247
1571458007.812500 13.994935 1.046905 0.935261 0.001188 0.002321 0.000435 0.000466 0.000353
1584833007.812500 13.943374 1.035269 0.942104 0.000285 0.002258 0.000393 0.000402 0.000273
1598208007.812500 13.888884 1.028352 0.942265 0.000008 0.002279 0.000355 0.000366 0.000193
1611583007.812500 13.834507 1.026258 0.939761 0.000253 0.002432 0.000370 0.000416 0.000172
1624958007.812500 13.790925 1.020197 0.934981 0.000280 0.002382 0.000437 0.000480 0.000274
1638333007.812500 13.724834 1.014011 0.938195 -0.000355 0.002707 0.000402 0.000436 0.000191
1651708007.812500 13.683745 1.001457 0.946755 -0.000103 0.002580 0.000438 0.000449 0.000300
