# # 3C286 QU data converted from polkat JSON output
# # Date (ISO): 2023-11-18T10:02:51.400000
# # Columns: freq(Hz) I(Jy) Q(Jy) U(Jy) V(Jy) dI(Jy) dQ(Jy) dU(Jy) dV(Jy)
# 
902799438.476562 19.215660 1.390770 -0.178080 -0.000124 0.015435 0.001234 0.001529 0.000982
916174438.476562 18.989594 1.416684 -0.160539 -0.000683 0.011033 0.000836 0.001067 0.000696
929549438.476562 18.830593 1.447557 -0.144717 0.001826 0.011005 0.000813 0.001080 0.000626
942924438.476562 18.557693 1.457579 -0.111245 0.001831 0.009439 0.001008 0.001372 0.000870
956299438.476562 18.445169 1.460131 -0.074549 0.000500 0.006045 0.000475 0.000783 0.000340
969674438.476562 18.301498 1.465202 0.085558 0.000217 0.005178 0.000336 0.000619 0.000287
983049438.476562 18.163927 1.468459 0.111718 0.000312 0.004813 0.000343 0.000600 0.000249
996424438.476562 18.030823 1.472896 0.145696 -0.000008 0.004497 0.000306 0.000577 0.000239
1009799438.476560 17.893366 1.473034 0.176815 -0.000432 0.004377 0.000301 0.000561 0.000227
1023174438.476560 17.755053 1.477278 0.201151 0.000066 0.004403 0.000329 0.000558 0.000250
1036549438.476560 17.627497 1.475924 0.229239 0.000018 0.003995 0.000288 0.000524 0.000229
1049924438.476560 17.502371 1.469665 0.261567 0.000357 0.003315 0.000247 0.000521 0.000199
1063299438.476560 17.380100 1.467109 0.287413 -0.000395 0.003461 0.000261 0.000505 0.000191
1076674438.476560 17.259140 1.462379 0.316064 0.000128 0.003160 0.000273 0.000519 0.000195
1090049438.476560 17.135651 1.454699 0.351564 -0.000051 0.003125 0.000295 0.000512 0.000229
1103424438.476560 17.016924 1.458460 0.376822 -0.000051 0.002908 0.000277 0.000499 0.000196
1116799438.476560 16.903597 1.450642 0.402497 0.000197 0.002922 0.000272 0.000493 0.000205
1130174438.476560 16.783222 1.440685 0.429988 0.000390 0.002519 0.000308 0.000512 0.000227
1143549438.476560 16.671240 1.429212 0.455330 -0.000390 0.002540 0.000322 0.000499 0.000257
1156924438.476560 16.563387 1.418030 0.485417 -0.000118 0.002448 0.000288 0.000482 0.000213
1170299438.476560 16.463619 1.408263 0.505926 -0.000576 0.002640 0.000433 0.000559 0.000373
1183674438.476560 16.350973 1.396698 0.533202 0.000180 0.002505 0.000385 0.000540 0.000359
1197049438.476560 16.236382 1.393596 0.550550 -0.000117 0.002306 0.000384 0.000531 0.000366
1210424438.476560 16.129616 1.374849 0.577536 0.000306 0.002694 0.000533 0.000626 0.000471
1223799438.476560 16.034719 1.370059 0.590071 0.000614 0.002280 0.000358 0.000637 0.000299
1237174438.476560 15.940081 1.359156 0.605446 -0.000294 0.001986 0.000304 0.000467 0.000257
1250549438.476560 15.843410 1.343969 0.622447 -0.000511 0.002235 0.000467 0.000598 0.000329
1263924438.476560 15.752579 1.335781 0.630136 -0.000140 0.002521 0.000468 0.000549 0.000376
1277299438.476560 15.642499 1.314178 0.652253 -0.000570 0.002516 0.000412 0.000542 0.000389
1290674438.476560 15.565653 1.311485 0.655069 0.000157 0.001981 0.000311 0.000439 0.000254
1304049438.476560 15.472914 1.304172 0.671686 0.000039 0.001899 0.000305 0.000431 0.000208
1317424438.476560 15.387474 1.300338 0.690080 0.000529 0.001974 0.000285 0.000499 0.000271
1330799438.476560 15.298989 1.294490 0.704452 0.000159 0.002012 0.000268 0.000400 0.000167
1344174438.476560 15.215784 1.288441 0.715492 -0.000340 0.001995 0.000275 0.000406 0.000169
1357549438.476560 15.130398 1.280759 0.729883 0.000039 0.002068 0.000277 0.000392 0.000164
1370924438.476560 15.050873 1.269574 0.740383 0.000049 0.002073 0.000265 0.000412 0.000171
1384299438.476560 14.971539 1.256848 0.750292 -0.000173 0.002061 0.000275 0.000391 0.000172
1397674438.476560 14.888975 1.240415 0.761033 -0.000422 0.002118 0.000285 0.000401 0.000166
1411049438.476560 14.814259 1.224796 0.773724 0.000283 0.002080 0.000278 0.000369 0.000168
1424424438.476560 14.740729 1.208809 0.785684 0.000659 0.002116 0.000305 0.000411 0.000191
1437799438.476560 14.663001 1.199733 0.796420 -0.000081 0.002208 0.000296 0.000395 0.000168
1451174438.476560 14.590245 1.191734 0.804067 -0.000124 0.002203 0.000286 0.000373 0.000162
1464549438.476560 14.518123 1.185588 0.810391 0.000394 0.002275 0.000302 0.000394 0.000169
1477924438.476560 14.448929 1.176880 0.818675 0.000566 0.002291 0.000300 0.000382 0.000162
1491299438.476560 14.379765 1.164251 0.827391 -0.000434 0.002272 0.000306 0.000373 0.000171
1504674438.476560 14.311285 1.153634 0.835695 0.000062 0.002349 0.000316 0.000365 0.000208
1518049438.476560 14.247805 1.141601 0.841987 0.000360 0.002300 0.000332 0.000365 0.000208
1531424438.476560 14.191464 1.141198 0.835134 -0.001586 0.002477 0.001136 0.001578 0.000440
1544799438.476560 14.127834 1.131880 0.835889 -0.006437 0.004307 0.004008 0.005526 0.001919
1558174438.476560 14.059811 1.116984 0.862813 -0.000373 0.002419 0.000394 0.000419 0.000284
1571549438.476560 13.994960 1.109380 0.870948 0.000408 0.003147 0.000479 0.000562 0.000381
1584924438.476560 13.936837 1.095941 0.881677 0.000334 0.002662 0.000472 0.000549 0.000322
1598299438.476560 13.871294 1.085931 0.883661 0.000783 0.002781 0.000457 0.000497 0.000336
1611674438.476560 13.821478 1.077287 0.882947 0.000569 0.003029 0.000440 0.000456 0.000278
1625049438.476560 13.786604 1.057328 0.895652 0.001433 0.005714 0.000921 0.000971 0.000539
1638424438.476560 13.722271 1.042005 0.908884 0.000619 0.004295 0.000787 0.000796 0.000468
1651799438.476560 13.670323 1.025959 0.917106 0.000460 0.004647 0.000866 0.000991 0.000667
