# # 3C286 QU data converted from polkat JSON output
# # Date (ISO): 2023-09-16T14:15:39.099999
# # Columns: freq(Hz) I(Jy) Q(Jy) U(Jy) V(Jy) dI(Jy) dQ(Jy) dU(Jy) dV(Jy)
# 
902799438.476562 18.827360 1.351354 -0.171105 0.000577 0.015215 0.001047 0.001337 0.000951
916174438.476562 18.644512 1.395151 -0.175078 0.001210 0.009825 0.000792 0.000904 0.000616
929549438.476562 18.531610 1.441928 -0.171314 0.000198 0.008627 0.000707 0.000859 0.000587
942924438.476562 18.336802 1.476927 -0.137329 0.000935 0.008210 0.001160 0.001249 0.001067
956299438.476562 18.229494 1.483492 -0.103613 0.000236 0.005041 0.000427 0.000729 0.000359
969674438.476562 18.099901 1.496064 -0.069477 0.000550 0.004604 0.000457 0.000624 0.000293
983049438.476562 17.963274 1.500001 0.038240 0.000645 0.004456 0.000371 0.000619 0.000303
996424438.476562 17.844791 1.497512 0.064555 0.000352 0.004335 0.000345 0.000590 0.000228
1009799438.476560 17.714777 1.499659 0.105171 -0.000054 0.004024 0.000376 0.000565 0.000239
1023174438.476560 17.589668 1.501321 0.132120 0.000508 0.004187 0.000349 0.000560 0.000251
1036549438.476560 17.468950 1.503917 0.154133 0.000826 0.003756 0.000285 0.000529 0.000264
1049924438.476560 17.341074 1.515800 0.172169 0.000047 0.003563 0.000350 0.000545 0.000238
1063299438.476560 17.223574 1.517106 0.192226 -0.000311 0.003613 0.000309 0.000501 0.000228
1076674438.476560 17.106899 1.515399 0.215712 0.000062 0.003296 0.000302 0.000513 0.000205
1090049438.476560 16.984827 1.507152 0.258301 -0.000653 0.003261 0.000275 0.000535 0.000239
1103424438.476560 16.869190 1.492217 0.291642 -0.000717 0.003116 0.000331 0.000526 0.000236
1116799438.476560 16.761484 1.479824 0.325409 0.000297 0.003262 0.000286 0.000534 0.000211
1130174438.476560 16.645496 1.474697 0.356147 0.001030 0.003293 0.000343 0.000501 0.000295
1143549438.476560 16.531336 1.462220 0.385966 -0.000413 0.002946 0.000313 0.000535 0.000287
1156924438.476560 16.426830 1.445445 0.413866 0.000676 0.003119 0.000277 0.000547 0.000225
1170299438.476560 16.328468 1.436056 0.431534 0.000336 0.003172 0.000374 0.000562 0.000355
1183674438.476560 16.225822 1.419826 0.478296 0.000538 0.003208 0.000367 0.000566 0.000319
1197049438.476560 16.108824 1.415605 0.486031 -0.000277 0.003270 0.000347 0.000566 0.000422
1210424438.476560 16.007511 1.403916 0.516511 0.000277 0.003423 0.000656 0.000695 0.000434
1223799438.476560 15.912395 1.398117 0.533121 0.000160 0.003333 0.000344 0.000540 0.000410
1237174438.476560 15.822518 1.387944 0.539909 0.000060 0.003114 0.000317 0.000534 0.000288
1250549438.476560 15.727448 1.385012 0.540654 -0.000902 0.003389 0.000405 0.000660 0.000352
1263924438.476560 15.641935 1.377285 0.561240 -0.000373 0.003195 0.000640 0.001511 0.000944
1277299438.476560 15.536521 1.372558 0.570096 0.004600 0.003878 0.001720 0.002428 0.000759
1290674438.476560 15.459347 1.361510 0.582830 0.000352 0.003082 0.000317 0.000460 0.000203
1304049438.476560 15.373396 1.343697 0.608077 0.000105 0.002953 0.000268 0.000456 0.000187
1317424438.476560 15.290705 1.330572 0.632110 0.000332 0.002920 0.000264 0.000433 0.000210
1330799438.476560 15.205386 1.317117 0.651344 -0.000163 0.002882 0.000280 0.000417 0.000175
1344174438.476560 15.122835 1.309559 0.667128 -0.000178 0.002781 0.000294 0.000438 0.000164
1357549438.476560 15.042051 1.296849 0.684627 -0.000013 0.002653 0.000282 0.000438 0.000201
1370924438.476560 14.965336 1.284013 0.695289 0.000231 0.002558 0.000286 0.000416 0.000185
1384299438.476560 14.888197 1.270558 0.710187 -0.000193 0.002329 0.000293 0.000439 0.000159
1397674438.476560 14.809647 1.257712 0.718761 -0.000351 0.002187 0.000300 0.000407 0.000173
1411049438.476560 14.736360 1.246054 0.728342 -0.000212 0.002050 0.000312 0.000388 0.000171
1424424438.476560 14.665896 1.233483 0.735671 0.000646 0.001898 0.000345 0.000421 0.000198
1437799438.476560 14.589910 1.223699 0.742930 0.000209 0.001868 0.000300 0.000400 0.000171
1451174438.476560 14.519082 1.216090 0.749988 -0.000260 0.001828 0.000291 0.000396 0.000185
1464549438.476560 14.448644 1.204014 0.757786 0.000351 0.001908 0.000281 0.000400 0.000171
1477924438.476560 14.381410 1.192190 0.766779 -0.000024 0.002014 0.000304 0.000391 0.000173
1491299438.476560 14.313494 1.181981 0.774737 -0.000327 0.002106 0.000322 0.000395 0.000182
1504674438.476560 14.244766 1.172076 0.782453 -0.000010 0.002301 0.000305 0.000392 0.000165
1518049438.476560 14.180394 1.162336 0.791156 -0.000860 0.002541 0.000320 0.000416 0.000236
1531424438.476560 14.124808 1.141693 0.797786 0.000893 0.012691 0.001994 0.001014 0.001516
1544799438.476560 14.061848 1.144486 0.807161 -0.000763 0.003099 0.000425 0.000508 0.000261
1558174438.476560 13.978280 1.134324 0.816770 0.000125 0.003193 0.000365 0.000438 0.000237
1571549438.476560 13.910598 1.126612 0.826633 -0.000277 0.003410 0.000477 0.000535 0.000358
1584924438.476560 13.847688 1.116506 0.827541 0.000050 0.003440 0.000433 0.000478 0.000293
1598299438.476560 13.781910 1.107864 0.831869 0.000570 0.003371 0.000404 0.000470 0.000235
1611674438.476560 13.717206 1.099677 0.836920 -0.000032 0.003177 0.000383 0.000437 0.000188
1625049438.476560 13.667093 1.087677 0.837692 0.000972 0.003716 0.001136 0.001616 0.000516
1638424438.476560 13.587372 1.084584 0.832487 -0.000182 0.004236 0.000429 0.000580 0.000209
1651799438.476560 13.537763 1.077859 0.830369 -0.000072 0.004566 0.000464 0.000527 0.000336
