# # J1331+3030 QU data converted from WAPITI text output
# # Date (ISO): 2023-10-14T11:38:13.778
# # Columns: freq(Hz) I(Jy) Q(Jy) U(Jy) V(Jy) dI(Jy) dQ(Jy) dU(Jy) dV(Jy)
# 
902800000.000000 18.992279 1.421987 -0.724219 -0.000798 0.070567 0.001904 0.003261 0.001091
916200000.000000 18.729818 1.333697 -0.627726 0.000444 0.031430 0.001772 0.002475 0.000806
929500000.000000 18.566521 1.360261 -0.580153 0.000094 0.041294 0.001436 0.002758 0.001255
942900000.000000 18.450794 1.432052 -0.511244 -0.000054 0.070160 0.000990 0.003001 0.000359
956300000.000000 18.313803 1.419290 -0.443221 -0.000057 0.018799 0.001134 0.001266 0.000934
969700000.000000 18.150572 1.451266 -0.390284 0.000184 0.013168 0.000838 0.000837 0.000595
983000000.000000 18.026865 1.466455 -0.350859 0.000765 0.009393 0.000515 0.000635 0.000490
996400000.000000 17.914684 1.478922 -0.302967 -0.000223 0.005629 0.000435 0.000634 0.000359
1009800000.000000 17.776264 1.484804 -0.255053 -0.000340 0.006180 0.000383 0.000615 0.000281
1023200000.000000 17.672314 1.506308 -0.220708 -0.000015 0.004573 0.000373 0.000619 0.000347
1036500000.000000 17.537766 1.518950 -0.178806 0.000709 0.004554 0.000289 0.000603 0.000238
1049900000.000000 17.405855 1.542178 -0.142994 -0.000008 0.004393 0.000304 0.000563 0.000228
1063300000.000000 17.286230 1.548163 -0.106011 -0.000098 0.004138 0.000265 0.000615 0.000219
1076700000.000000 17.181934 1.541651 -0.063851 0.000003 0.004445 0.000286 0.000590 0.000196
1090000000.000000 17.073589 1.535626 -0.013114 -0.000239 0.004263 0.000262 0.000591 0.000199
1103400000.000000 16.960266 1.543579 0.020964 -0.000145 0.002967 0.000244 0.000575 0.000199
1116800000.000000 16.850250 1.531464 0.061943 -0.000080 0.003560 0.000263 0.000572 0.000204
1130200000.000000 16.742088 1.527865 0.098092 -0.000087 0.004333 0.000291 0.000549 0.000212
1143500000.000000 16.636038 1.518724 0.134206 -0.000139 0.003437 0.000265 0.000540 0.000261
1156900000.000000 16.537642 1.506320 0.172126 0.000216 0.003226 0.000279 0.000561 0.000229
1170300000.000000 16.437782 1.499348 0.200748 0.000092 0.004743 0.000430 0.000601 0.000380
1183700000.000000 16.346851 1.491613 0.243025 -0.000280 0.003574 0.000366 0.000545 0.000317
1197000000.000000 16.250151 1.486555 0.264078 -0.000146 0.002864 0.000370 0.000553 0.000300
1210400000.000000 16.172895 1.475404 0.300117 0.000372 0.003969 0.000497 0.000637 0.000549
1223800000.000000 16.077223 1.466601 0.321262 0.000205 0.003736 0.000393 0.000562 0.000297
1237200000.000000 15.988529 1.459006 0.348903 0.000791 0.002603 0.000363 0.000577 0.000276
1250500000.000000 15.902544 1.457607 0.368454 0.000105 0.003503 0.000324 0.000553 0.000213
1263900000.000000 15.823379 1.450486 0.385444 0.000454 0.002941 0.000534 0.000609 0.000364
1277300000.000000 15.728025 1.436401 0.414953 -0.000471 0.003829 0.000507 0.000651 0.000435
1290700000.000000 15.634243 1.428238 0.434697 -0.000261 0.003844 0.000369 0.000526 0.000251
1304000000.000000 15.558214 1.418366 0.455218 -0.000380 0.003239 0.000322 0.000492 0.000193
1317400000.000000 15.486422 1.406658 0.478493 0.000051 0.002439 0.000309 0.000495 0.000174
1330800000.000000 15.404762 1.398640 0.497065 0.000167 0.002657 0.000353 0.000530 0.000168
1344200000.000000 15.320672 1.397849 0.511532 0.000002 0.002693 0.000345 0.000501 0.000169
1357500000.000000 15.242415 1.390212 0.528588 0.000238 0.003226 0.000359 0.000509 0.000140
1370900000.000000 15.172330 1.380969 0.544183 0.000179 0.002968 0.000309 0.000513 0.000155
1384300000.000000 15.098494 1.367689 0.558956 -0.000177 0.002502 0.000346 0.000511 0.000188
1397700000.000000 15.018503 1.351440 0.572570 -0.000250 0.002916 0.000345 0.000478 0.000188
1411000000.000000 14.936585 1.336061 0.588620 0.000134 0.003224 0.000367 0.000474 0.000177
1424400000.000000 14.862434 1.325612 0.600754 0.000106 0.003178 0.000359 0.000495 0.000233
1437800000.000000 14.798405 1.316017 0.612042 0.000229 0.002537 0.000397 0.000482 0.000185
1451200000.000000 14.735135 1.307934 0.624339 0.000051 0.002381 0.000394 0.000471 0.000166
1464500000.000000 14.657188 1.296958 0.637405 0.000599 0.002700 0.000395 0.000435 0.000208
1477900000.000000 14.580895 1.286599 0.649569 0.000241 0.002870 0.000396 0.000490 0.000180
1491300000.000000 14.509367 1.276821 0.661899 -0.000255 0.002542 0.000406 0.000488 0.000158
1504700000.000000 14.435849 1.267575 0.670958 -0.000176 0.003098 0.000412 0.000491 0.000191
1518000000.000000 14.360808 1.257939 0.682344 -0.000159 0.002674 0.000432 0.000498 0.000194
1531400000.000000 14.289775 1.254777 0.684581 -0.000359 0.005119 0.000622 0.000619 0.000364
1544800000.000000 14.219912 1.233395 0.701320 0.000382 0.003348 0.000486 0.000497 0.000320
1558200000.000000 14.156183 1.225199 0.714558 0.000514 0.002770 0.000458 0.000448 0.000353
1571500000.000000 14.081122 1.214373 0.724758 -0.000985 0.002833 0.000511 0.000494 0.000380
1584900000.000000 14.005427 1.206523 0.726930 -0.000094 0.002755 0.000512 0.000468 0.000349
1598300000.000000 13.929359 1.197775 0.729499 0.000714 0.004692 0.000543 0.000500 0.000270
1611700000.000000 13.849748 1.188935 0.736014 0.000364 0.002613 0.000462 0.000463 0.000182
1625000000.000000 13.780648 1.175256 0.740668 0.000371 0.002332 0.000510 0.000481 0.000240
1638400000.000000 13.699911 1.164799 0.745612 -0.000157 0.002770 0.000490 0.000501 0.000202
1651800000.000000 13.628871 1.145608 0.754957 0.000030 0.002869 0.000467 0.000491 0.000303
