# # 3C286 QU data converted from polkat JSON output
# # Date (ISO): 2024-03-30T23:55:17.100001
# # Columns: freq(Hz) I(Jy) Q(Jy) U(Jy) V(Jy) dI(Jy) dQ(Jy) dU(Jy) dV(Jy)
# 
902799438.476562 18.734386 1.100236 0.956033 -0.000379 0.010638 0.000791 0.000617 0.000480
916174438.476562 18.604603 1.105411 0.968503 0.000044 0.009415 0.000678 0.000575 0.000300
929549438.476562 18.441223 1.113823 0.981130 0.000688 0.008143 0.000877 0.000727 0.000412
942924438.476562 18.344986 1.147607 0.996989 -0.000367 0.009640 0.000673 0.000678 0.000546
956299438.476562 18.210699 1.109578 1.012939 0.000759 0.008894 0.001238 0.000708 0.000578
969674438.476562 18.037882 1.089193 1.031050 -0.000158 0.007891 0.000563 0.000418 0.000257
983049438.476562 17.915495 1.085993 1.041090 0.000420 0.008124 0.000545 0.000381 0.000233
996424438.476562 17.774761 1.074588 1.056214 0.000338 0.008139 0.000619 0.000416 0.000216
1009799438.476560 17.667107 1.066545 1.066525 -0.000439 0.007981 0.000599 0.000376 0.000225
1023174438.476560 17.538008 1.066199 1.073395 0.000261 0.007656 0.000564 0.000369 0.000202
1036549438.476560 17.416779 1.060868 1.081041 0.000510 0.007513 0.000528 0.000371 0.000195
1049924438.476560 17.301453 1.046941 1.087795 0.000460 0.007502 0.000491 0.000336 0.000186
1063299438.476560 17.199190 1.040373 1.092967 -0.000495 0.007613 0.000473 0.000334 0.000189
1076674438.476560 17.098167 1.032044 1.100831 -0.000207 0.007666 0.000546 0.000336 0.000188
1090049438.476560 16.990822 1.022024 1.108917 0.000003 0.007612 0.000498 0.000333 0.000182
1103424438.476560 16.892599 1.021650 1.115398 -0.000145 0.007425 0.000497 0.000327 0.000170
1116799438.476560 16.790813 1.014288 1.119665 -0.000244 0.007378 0.000511 0.000315 0.000171
1130174438.476560 16.688158 1.010012 1.124625 0.000101 0.007119 0.000509 0.000318 0.000180
1143549438.476560 16.603819 1.003989 1.128202 -0.000537 0.006943 0.000524 0.000334 0.000189
1156924438.476560 16.506832 1.000401 1.133476 -0.000093 0.006580 0.000518 0.000333 0.000206
1170299438.476560 16.418390 0.995050 1.136139 0.000459 0.006337 0.000565 0.000375 0.000315
1183674438.476560 16.326735 0.980066 1.142716 -0.000416 0.006106 0.000600 0.000372 0.000271
1197049438.476560 16.240860 0.980714 1.144774 0.000656 0.005800 0.000571 0.000357 0.000257
1210424438.476560 16.193472 0.979396 1.148380 0.000676 0.006244 0.000812 0.000484 0.000426
1223799438.476560 16.094345 0.966112 1.153577 -0.000721 0.005778 0.000678 0.000494 0.000402
1237174438.476560 15.996743 0.962668 1.155834 -0.000019 0.005151 0.000582 0.000391 0.000279
1250549438.476560 15.889599 0.948482 1.157557 -0.000193 0.004542 0.000962 0.000372 0.000221
1263924438.476560 15.806912 0.937707 1.157494 -0.000052 0.004539 0.000869 0.000437 0.000350
1277299438.476560 15.737007 0.938221 1.155534 0.000824 0.003915 0.000693 0.000414 0.000378
1290674438.476560 15.647029 0.935591 1.157673 0.000063 0.003177 0.000553 0.000325 0.000195
1304049438.476560 15.549073 0.925870 1.159453 -0.000513 0.002858 0.000638 0.000383 0.000258
1317424438.476560 15.469732 0.917617 1.162395 0.000233 0.002570 0.000551 0.000295 0.000175
1330799438.476560 15.391790 0.912873 1.162175 -0.000034 0.002232 0.000552 0.000301 0.000155
1344174438.476560 15.312011 0.906206 1.162445 0.000072 0.001981 0.000570 0.000305 0.000151
1357549438.476560 15.233724 0.901276 1.162001 -0.000209 0.001829 0.000551 0.000302 0.000151
1370924438.476560 15.154355 0.895683 1.161624 -0.000003 0.001810 0.000574 0.000287 0.000164
1384299438.476560 15.080324 0.889671 1.159361 -0.000225 0.001889 0.000555 0.000300 0.000154
1397674438.476560 15.001584 0.884173 1.156575 -0.000534 0.002118 0.000567 0.000294 0.000166
1411049438.476560 14.922378 0.882646 1.154299 0.000242 0.002329 0.000564 0.000300 0.000157
1424424438.476560 14.851817 0.879567 1.151350 -0.000451 0.002535 0.000577 0.000320 0.000179
1437799438.476560 14.769933 0.875542 1.149422 0.000089 0.002901 0.000551 0.000290 0.000153
1451174438.476560 14.692069 0.870500 1.146226 0.000408 0.003170 0.000580 0.000306 0.000164
1464549438.476560 14.616343 0.863863 1.145377 0.000161 0.003394 0.000587 0.000310 0.000158
1477924438.476560 14.540735 0.857659 1.143941 -0.000229 0.003630 0.000580 0.000314 0.000166
1491299438.476560 14.459496 0.854623 1.141956 -0.000286 0.003806 0.000582 0.000301 0.000160
1504674438.476560 14.380320 0.847338 1.140440 -0.000152 0.003966 0.000596 0.000315 0.000177
1518049438.476560 14.302144 0.845241 1.140636 0.001172 0.004073 0.000595 0.000333 0.000210
1531424438.476560 14.203411 0.840435 1.136420 0.009005 0.007556 0.011439 0.002751 0.001477
1544799438.476560 14.123051 0.833868 1.136438 0.000750 0.006298 0.001314 0.000681 0.000575
1558174438.476560 14.050861 0.827218 1.135182 -0.000114 0.004218 0.000691 0.000439 0.000365
1571549438.476560 13.955836 0.826733 1.132419 -0.000647 0.004655 0.000831 0.000460 0.000443
1584924438.476560 13.869144 0.825122 1.125598 -0.000456 0.004426 0.000701 0.000415 0.000370
1598299438.476560 13.803734 0.818199 1.121446 0.000543 0.008285 0.001639 0.000500 0.000283
1611674438.476560 13.719533 0.816402 1.118475 0.000068 0.004263 0.000634 0.000354 0.000212
1625049438.476560 13.637600 0.811635 1.110836 -0.000373 0.004661 0.000793 0.000522 0.000406
1638424438.476560 13.541475 0.808500 1.104947 0.000195 0.004713 0.000832 0.000417 0.000249
1651799438.476560 13.465299 0.803522 1.102075 0.000037 0.004622 0.000693 0.000499 0.000417
