# # 3C286 QU data converted from polkat JSON output
# # Date (ISO): 2023-09-08T13:33:07.300000
# # Columns: freq(Hz) I(Jy) Q(Jy) U(Jy) V(Jy) dI(Jy) dQ(Jy) dU(Jy) dV(Jy)
# 
902799438.476562 18.589144 1.487908 0.086153 0.000426 0.019525 0.001274 0.001433 0.001028
916174438.476562 18.521635 1.489317 0.120182 0.000115 0.012981 0.000658 0.000922 0.000604
929549438.476562 18.364902 1.511042 0.148087 -0.000042 0.012936 0.000683 0.000889 0.000564
942924438.476562 18.322828 1.531285 0.204530 -0.000628 0.014043 0.001188 0.001263 0.000933
956299438.476562 18.113743 1.525913 0.226580 -0.000428 0.009166 0.000393 0.000600 0.000323
969674438.476562 17.984621 1.523389 0.264880 -0.000030 0.008153 0.000305 0.000553 0.000268
983049438.476562 17.852976 1.517417 0.299107 0.000142 0.007749 0.000310 0.000560 0.000255
996424438.476562 17.723663 1.510675 0.332231 -0.000418 0.007678 0.000305 0.000519 0.000256
1009799438.476560 17.604015 1.509327 0.362379 0.000246 0.007249 0.000280 0.000489 0.000234
1023174438.476560 17.479437 1.511864 0.385478 0.000431 0.006906 0.000338 0.000528 0.000255
1036549438.476560 17.366405 1.502655 0.416654 0.000556 0.006666 0.000304 0.000517 0.000246
1049924438.476560 17.245527 1.499055 0.440185 0.000064 0.006407 0.000262 0.000470 0.000202
1063299438.476560 17.133137 1.488956 0.463796 -0.000452 0.005948 0.000267 0.000465 0.000185
1076674438.476560 17.020824 1.473436 0.490037 -0.000254 0.005867 0.000302 0.000462 0.000215
1090049438.476560 16.910240 1.461995 0.515055 0.000207 0.005691 0.000386 0.000505 0.000283
1103424438.476560 16.803150 1.452472 0.542677 0.000149 0.005295 0.000281 0.000458 0.000203
1116799438.476560 16.700325 1.441343 0.564327 -0.000177 0.005177 0.000293 0.000446 0.000194
1130174438.476560 16.596146 1.433136 0.581886 0.000150 0.005096 0.000289 0.000425 0.000222
1143549438.476560 16.501024 1.415305 0.604114 -0.000209 0.004681 0.000281 0.000461 0.000223
1156924438.476560 16.398603 1.403458 0.627553 -0.000184 0.004441 0.000276 0.000420 0.000192
1170299438.476560 16.306301 1.397308 0.642548 -0.000253 0.004418 0.000660 0.000549 0.000426
1183674438.476560 16.213140 1.375860 0.662925 0.000024 0.004050 0.000430 0.000479 0.000369
1197049438.476560 16.117876 1.370434 0.679844 0.000655 0.003929 0.000331 0.000449 0.000260
1210424438.476560 16.025818 1.358256 0.699339 0.000380 0.004081 0.000420 0.000501 0.000391
1223799438.476560 15.941941 1.346065 0.712476 0.000326 0.003969 0.000483 0.000541 0.000497
1237174438.476560 15.852117 1.331992 0.730655 0.000035 0.003452 0.000376 0.000445 0.000388
1250549438.476560 15.759240 1.323096 0.737759 -0.001004 0.003213 0.001115 0.000638 0.000485
1263924438.476560 15.677658 1.309775 0.747664 -0.000471 0.003138 0.000937 0.000691 0.000638
1277299438.476560 15.587753 1.295613 0.761677 0.000317 0.002836 0.000377 0.000465 0.000307
1290674438.476560 15.515413 1.286366 0.772347 0.000099 0.002426 0.000303 0.000397 0.000201
1304049438.476560 15.433278 1.275732 0.784205 -0.000102 0.002272 0.000299 0.000369 0.000158
1317424438.476560 15.356790 1.261271 0.798829 0.000386 0.002069 0.000298 0.000358 0.000159
1330799438.476560 15.277873 1.250569 0.810041 -0.000206 0.001947 0.000317 0.000366 0.000153
1344174438.476560 15.201641 1.244906 0.816759 -0.000119 0.001759 0.000306 0.000359 0.000159
1357549438.476560 15.124101 1.239038 0.826902 0.000223 0.001567 0.000296 0.000355 0.000158
1370924438.476560 15.050770 1.230196 0.833234 0.000191 0.001471 0.000301 0.000346 0.000160
1384299438.476560 14.978082 1.219166 0.839310 0.000162 0.001433 0.000315 0.000351 0.000150
1397674438.476560 14.906204 1.202473 0.847995 -0.000407 0.001375 0.000314 0.000348 0.000177
1411049438.476560 14.835332 1.187496 0.856486 0.000383 0.001330 0.000313 0.000344 0.000151
1424424438.476560 14.766302 1.173204 0.863241 0.000377 0.001416 0.000334 0.000378 0.000205
1437799438.476560 14.690659 1.164901 0.868700 -0.000192 0.001416 0.000331 0.000318 0.000160
1451174438.476560 14.622608 1.157054 0.872571 0.000311 0.001609 0.000347 0.000322 0.000158
1464549438.476560 14.552579 1.150262 0.876931 0.000208 0.001699 0.000333 0.000338 0.000152
1477924438.476560 14.479480 1.140425 0.882536 0.000589 0.001929 0.000329 0.000331 0.000151
1491299438.476560 14.410946 1.132632 0.887820 0.000017 0.002044 0.000355 0.000319 0.000158
1504674438.476560 14.342154 1.123947 0.890902 0.000248 0.002151 0.000332 0.000330 0.000166
1518049438.476560 14.272059 1.116159 0.893492 0.000055 0.002284 0.000353 0.000347 0.000168
1531424438.476560 14.185414 1.119337 0.890919 -0.000274 0.003225 0.000527 0.000512 0.000475
1544799438.476560 14.114923 1.105681 0.894103 -0.000166 0.003047 0.000484 0.000467 0.000400
1558174438.476560 14.056920 1.095481 0.902219 -0.000390 0.002667 0.000402 0.000365 0.000282
1571549438.476560 13.970518 1.091205 0.906429 0.000891 0.003069 0.000510 0.000490 0.000445
1584924438.476560 13.908923 1.080730 0.904693 -0.000203 0.003017 0.000435 0.000403 0.000341
1598299438.476560 13.846502 1.073673 0.905356 0.000343 0.003209 0.000394 0.000348 0.000220
1611674438.476560 13.771234 1.065722 0.908621 0.000263 0.003464 0.000406 0.000344 0.000192
1625049438.476560 13.706845 1.057736 0.904577 0.001175 0.003717 0.000473 0.000424 0.000283
1638424438.476560 13.621659 1.041500 0.907505 -0.000324 0.004301 0.000548 0.000419 0.000222
1651799438.476560 13.563636 1.025177 0.906104 -0.000064 0.004197 0.000470 0.000461 0.000349
