# # 3C286 QU data converted from polkat JSON output
# # Date (ISO): 2024-02-10T03:09:34.000000
# # Columns: freq(Hz) I(Jy) Q(Jy) U(Jy) V(Jy) dI(Jy) dQ(Jy) dU(Jy) dV(Jy)
# 
902799438.476562 18.441679 1.139627 0.861250 0.000203 0.008329 0.000742 0.000613 0.000394
916174438.476562 18.317625 1.145924 0.870478 0.000019 0.007847 0.000699 0.000499 0.000289
929549438.476562 18.194843 1.163290 0.886187 0.000262 0.006832 0.000791 0.000564 0.000344
942924438.476562 18.102798 1.169425 0.914853 -0.000626 0.008097 0.000929 0.000873 0.000626
956299438.476562 17.924767 1.167271 0.924265 0.000408 0.005242 0.000566 0.000482 0.000282
969674438.476562 17.793369 1.168261 0.938674 0.000363 0.005064 0.000478 0.000450 0.000206
983049438.476562 17.673973 1.158485 0.953100 0.000521 0.004451 0.000490 0.000395 0.000209
996424438.476562 17.554251 1.142129 0.967533 -0.000589 0.004321 0.000475 0.000408 0.000208
1009799438.476560 17.445677 1.132101 0.978026 -0.000359 0.003962 0.000467 0.000374 0.000202
1023174438.476560 17.327391 1.131707 0.985221 -0.000097 0.003878 0.000469 0.000392 0.000184
1036549438.476560 17.213739 1.129213 0.995785 0.000090 0.003560 0.000443 0.000354 0.000169
1049924438.476560 17.096113 1.122887 1.002885 0.000151 0.003597 0.000451 0.000371 0.000181
1063299438.476560 16.993135 1.116712 1.011708 -0.000599 0.003254 0.000454 0.000346 0.000187
1076674438.476560 16.884317 1.108382 1.020428 -0.000153 0.003366 0.000465 0.000358 0.000183
1090049438.476560 16.777628 1.095555 1.030652 0.000227 0.003164 0.000453 0.000343 0.000169
1103424438.476560 16.677179 1.090359 1.038886 -0.000855 0.002879 0.000455 0.000348 0.000170
1116799438.476560 16.580137 1.080997 1.040985 -0.000029 0.002936 0.000484 0.000349 0.000173
1130174438.476560 16.477041 1.075786 1.048579 0.000527 0.002747 0.000457 0.000344 0.000157
1143549438.476560 16.385267 1.067583 1.053424 -0.000244 0.002739 0.000468 0.000349 0.000185
1156924438.476560 16.286808 1.060744 1.062992 -0.000128 0.002599 0.000472 0.000350 0.000187
1170299438.476560 16.198689 1.049430 1.067695 0.000617 0.002973 0.000573 0.000420 0.000368
1183674438.476560 16.100355 1.033159 1.072538 -0.000010 0.002709 0.000523 0.000474 0.000441
1197049438.476560 16.006477 1.024413 1.073731 0.000406 0.002300 0.000557 0.000445 0.000299
1210424438.476560 15.915125 1.016235 1.076777 0.000825 0.002872 0.000847 0.000684 0.000623
1223799438.476560 15.817413 1.017537 1.082256 -0.000041 0.003940 0.000976 0.000696 0.000705
1237174438.476560 15.738321 1.001672 1.092292 0.000707 0.002977 0.000609 0.000446 0.000311
1250549438.476560 15.652405 1.001052 1.095183 0.000126 0.002323 0.000806 0.000405 0.000266
1263924438.476560 15.576255 0.991042 1.093856 0.000281 0.002264 0.000681 0.000467 0.000355
1277299438.476560 15.485781 0.996921 1.094013 -0.000324 0.002111 0.000722 0.000579 0.000478
1290674438.476560 15.412137 0.987996 1.098568 0.000943 0.001685 0.000615 0.000384 0.000291
1304049438.476560 15.324177 0.979024 1.103589 -0.000323 0.001680 0.000506 0.000327 0.000156
1317424438.476560 15.244109 0.966255 1.103594 0.000626 0.001573 0.000511 0.000324 0.000140
1330799438.476560 15.164582 0.957017 1.102130 0.000147 0.001434 0.000518 0.000295 0.000149
1344174438.476560 15.082342 0.947888 1.099198 0.000265 0.001519 0.000518 0.000300 0.000151
1357549438.476560 15.005864 0.941745 1.099313 0.000058 0.001391 0.000521 0.000312 0.000138
1370924438.476560 14.926276 0.936050 1.099754 -0.000201 0.001362 0.000537 0.000303 0.000137
1384299438.476560 14.849422 0.928079 1.102026 -0.000119 0.001308 0.000527 0.000289 0.000142
1397674438.476560 14.771355 0.926399 1.102229 0.000294 0.001293 0.000546 0.000293 0.000150
1411049438.476560 14.692191 0.923569 1.102591 -0.000118 0.001306 0.000515 0.000298 0.000151
1424424438.476560 14.621808 0.923202 1.100465 0.000628 0.001287 0.000525 0.000317 0.000183
1437799438.476560 14.539493 0.919577 1.097172 0.000186 0.001278 0.000531 0.000313 0.000146
1451174438.476560 14.463319 0.915940 1.092297 0.000366 0.001262 0.000532 0.000308 0.000154
1464549438.476560 14.386490 0.909424 1.091232 0.000539 0.001278 0.000555 0.000310 0.000151
1477924438.476560 14.310825 0.903253 1.089592 0.000257 0.001273 0.000532 0.000310 0.000144
1491299438.476560 14.233023 0.898386 1.088187 0.000043 0.001548 0.000547 0.000315 0.000150
1504674438.476560 14.156107 0.892270 1.089670 0.000259 0.001313 0.000563 0.000323 0.000169
1518049438.476560 14.078943 0.884759 1.090962 -0.000184 0.001553 0.000594 0.000335 0.000195
1531424438.476560 13.993577 0.907757 1.087112 0.000683 0.009067 0.001886 0.001249 0.000682
1544799438.476560 13.931012 0.870373 1.081998 -0.000234 0.004309 0.001045 0.000766 0.000651
1558174438.476560 13.846217 0.860921 1.083286 -0.000188 0.002129 0.000651 0.000415 0.000317
1571549438.476560 13.777591 0.858460 1.083199 -0.001019 0.003505 0.000984 0.000701 0.000623
1584924438.476560 13.690288 0.849011 1.078281 0.000013 0.003296 0.000792 0.000533 0.000401
1598299438.476560 13.604874 0.851719 1.074171 0.000510 0.002728 0.000619 0.000423 0.000268
1611674438.476560 13.520425 0.853509 1.070125 0.000594 0.002031 0.000591 0.000351 0.000220
1625049438.476560 13.445401 0.847238 1.061081 0.000342 0.003653 0.000675 0.000460 0.000343
1638424438.476560 13.351037 0.843354 1.056911 0.000056 0.002469 0.000683 0.000355 0.000221
1651799438.476560 13.267209 0.837524 1.053944 -0.000133 0.002477 0.000569 0.000420 0.000316
