# # J1331+3030 QU data converted from WAPITI text output
# # Date (ISO): 2023-10-06T13:11:39.135
# # Columns: freq(Hz) I(Jy) Q(Jy) U(Jy) V(Jy) dI(Jy) dQ(Jy) dU(Jy) dV(Jy)
# 
902800000.000000 18.475222 1.184969 -0.626171 0.001700 0.027814 0.001209 0.002793 0.000857
916200000.000000 18.322821 1.226396 -0.612610 -0.000618 0.020761 0.001395 0.001444 0.000912
929500000.000000 18.194159 1.278888 -0.601795 -0.000226 0.016416 0.001028 0.001337 0.001027
942900000.000000 18.052090 1.359275 -0.572476 0.000067 0.017928 0.001432 0.001834 0.000846
956300000.000000 17.890158 1.361492 -0.513644 -0.000044 0.009365 0.000608 0.000930 0.000533
969700000.000000 17.722464 1.387915 -0.466372 -0.000151 0.006271 0.000442 0.000664 0.000392
983000000.000000 17.563116 1.409253 -0.415194 0.000777 0.006136 0.000382 0.000665 0.000293
996400000.000000 17.404785 1.425089 -0.362827 -0.000309 0.006361 0.000334 0.000617 0.000290
1009800000.000000 17.280005 1.441301 -0.321616 -0.000400 0.006342 0.000332 0.000658 0.000306
1023200000.000000 17.157908 1.445181 -0.275938 0.000312 0.004676 0.000319 0.000610 0.000253
1036500000.000000 17.025433 1.448249 -0.224268 0.000212 0.005533 0.000314 0.000621 0.000240
1049900000.000000 16.903629 1.447811 -0.175780 0.000146 0.005172 0.000249 0.000584 0.000232
1063300000.000000 16.792759 1.443688 -0.127334 -0.000687 0.005085 0.000266 0.000604 0.000232
1076700000.000000 16.692873 1.444455 -0.084900 -0.000118 0.004148 0.000278 0.000627 0.000202
1090000000.000000 16.558851 1.449672 -0.042942 0.000112 0.004858 0.000318 0.000566 0.000266
1103400000.000000 16.443665 1.460202 -0.013603 -0.000060 0.004853 0.000275 0.000552 0.000230
1116800000.000000 16.336243 1.462210 0.017041 0.000016 0.003607 0.000247 0.000584 0.000214
1130200000.000000 16.239487 1.459963 0.049495 0.000189 0.003136 0.000300 0.000581 0.000248
1143500000.000000 16.131901 1.454334 0.091309 0.000176 0.004155 0.000325 0.000611 0.000319
1156900000.000000 16.015991 1.446291 0.128241 -0.000212 0.003700 0.000343 0.000590 0.000250
1170300000.000000 15.929659 1.430449 0.150512 -0.000484 0.003696 0.000378 0.000589 0.000401
1183700000.000000 15.818700 1.438261 0.212637 -0.000505 0.003870 0.000401 0.000603 0.000348
1197000000.000000 15.720755 1.437075 0.217695 -0.000316 0.003569 0.000387 0.000613 0.000331
1210400000.000000 15.650789 1.434950 0.261327 -0.000244 0.003104 0.000402 0.000659 0.000397
1223800000.000000 15.540009 1.420027 0.327541 -0.000194 0.002982 0.000384 0.000555 0.000365
1237200000.000000 15.458503 1.408059 0.341752 -0.000230 0.003185 0.000332 0.000618 0.000262
1250500000.000000 15.371741 1.411750 0.313251 -0.000076 0.003042 0.000370 0.000531 0.000312
1263900000.000000 15.285885 1.403839 0.329987 0.000874 0.003034 0.000415 0.000560 0.000417
1277300000.000000 15.194665 1.395003 0.356929 -0.000870 0.004203 0.000660 0.000891 0.000520
1290700000.000000 15.096070 1.388588 0.376942 0.000223 0.003971 0.000402 0.000587 0.000276
1304000000.000000 15.023721 1.382312 0.397186 -0.000456 0.003417 0.000334 0.000522 0.000227
1317400000.000000 14.942187 1.366479 0.428648 0.000128 0.002659 0.000344 0.000519 0.000192
1330800000.000000 14.859071 1.355131 0.447652 -0.000175 0.003181 0.000371 0.000513 0.000203
1344200000.000000 14.782322 1.345219 0.460032 0.000152 0.003312 0.000380 0.000523 0.000173
1357500000.000000 14.695656 1.332243 0.480221 -0.000438 0.003074 0.000343 0.000516 0.000189
1370900000.000000 14.638277 1.322495 0.495195 0.000036 0.003017 0.000343 0.000495 0.000204
1384300000.000000 14.561728 1.316480 0.513764 0.000251 0.003014 0.000354 0.000528 0.000189
1397700000.000000 14.483000 1.309658 0.530461 -0.000237 0.002921 0.000374 0.000526 0.000195
1411000000.000000 14.415768 1.301887 0.551211 0.000237 0.003081 0.000376 0.000482 0.000192
1424400000.000000 14.339878 1.294831 0.565910 0.000122 0.002482 0.000401 0.000561 0.000236
1437800000.000000 14.276499 1.286942 0.575860 0.000071 0.002222 0.000386 0.000519 0.000195
1451200000.000000 14.206875 1.275340 0.586257 0.000117 0.002233 0.000395 0.000520 0.000201
1464500000.000000 14.135218 1.262667 0.598951 0.000292 0.002851 0.000348 0.000478 0.000184
1477900000.000000 14.069799 1.249762 0.612873 0.000267 0.002586 0.000413 0.000449 0.000243
1491300000.000000 14.005660 1.236802 0.625253 -0.000642 0.002381 0.000400 0.000484 0.000194
1504700000.000000 13.939847 1.226023 0.636829 -0.000247 0.002663 0.000415 0.000481 0.000192
1518000000.000000 13.878683 1.214597 0.647574 -0.000107 0.002331 0.000435 0.000477 0.000231
1531400000.000000 13.817265 1.208551 0.649101 0.000638 0.003449 0.000535 0.000574 0.000356
1544800000.000000 13.750834 1.201504 0.658957 -0.000841 0.003144 0.000597 0.000647 0.000411
1558200000.000000 13.693140 1.182150 0.669311 -0.000009 0.002388 0.000505 0.000514 0.000297
1571500000.000000 13.627950 1.184233 0.670685 -0.000422 0.002585 0.000522 0.000517 0.000326
1584900000.000000 13.564289 1.175399 0.692604 -0.000686 0.002688 0.000499 0.000532 0.000255
1598300000.000000 13.503511 1.163874 0.691128 -0.000138 0.002711 0.000472 0.000528 0.000307
1611700000.000000 13.435983 1.156144 0.698602 -0.000433 0.002490 0.000483 0.000502 0.000218
1625000000.000000 13.382571 1.140942 0.708499 -0.000632 0.003368 0.000529 0.000534 0.000376
1638400000.000000 13.320661 1.137581 0.711227 0.000233 0.002892 0.000509 0.000544 0.000216
1651800000.000000 13.267487 1.129163 0.718261 0.000106 0.003468 0.000576 0.000500 0.000352
