# # 3C286 QU data converted from polkat JSON output
# # Date (ISO): 2023-11-25T10:05:50.000000
# # Columns: freq(Hz) I(Jy) Q(Jy) U(Jy) V(Jy) dI(Jy) dQ(Jy) dU(Jy) dV(Jy)
# 
902799438.476562 18.658108 1.224382 -0.537638 0.001257 0.027919 0.001896 0.002683 0.001108
916174438.476562 18.358419 1.278032 -0.533576 0.000977 0.019350 0.001194 0.001998 0.000949
929549438.476562 18.125284 1.326734 -0.520833 0.000122 0.020171 0.001097 0.001653 0.000728
942924438.476562 18.217434 1.356104 -0.497617 0.000837 0.071024 0.000901 0.002084 0.001438
956299438.476562 17.779251 1.395717 -0.428674 0.000677 0.014216 0.000769 0.001431 0.000561
969674438.476562 17.647268 1.420866 -0.385083 0.000301 0.013011 0.000504 0.000919 0.000362
983049438.476562 17.498302 1.429951 -0.322538 -0.000098 0.011706 0.000466 0.000838 0.000305
996424438.476562 17.345285 1.443338 -0.263961 -0.000216 0.011410 0.000449 0.000770 0.000339
1009799438.476560 17.185577 1.449733 -0.219125 -0.000101 0.010662 0.000404 0.000742 0.000274
1023174438.476560 17.032946 1.456539 -0.191639 -0.000124 0.009958 0.000358 0.000699 0.000267
1036549438.476560 16.890970 1.458023 -0.160068 0.001030 0.009294 0.000368 0.000610 0.000244
1049924438.476560 16.754930 1.455647 -0.132890 0.000043 0.008767 0.000299 0.000593 0.000227
1063299438.476560 16.622566 1.456133 -0.107314 -0.000669 0.008443 0.000259 0.000521 0.000215
1076674438.476560 16.490400 1.463166 -0.078562 -0.000231 0.008016 0.000270 0.000540 0.000225
1090049438.476560 16.378094 1.464105 -0.051397 0.000045 0.007634 0.000279 0.000566 0.000235
1103424438.476560 16.244787 1.469627 0.065973 -0.000367 0.007220 0.000247 0.000492 0.000210
1116799438.476560 16.134342 1.466814 0.094266 -0.000112 0.007164 0.000219 0.000507 0.000197
1130174438.476560 16.024622 1.460839 0.123797 -0.000199 0.006771 0.000249 0.000508 0.000219
1143549438.476560 15.905551 1.436968 0.207859 -0.000422 0.006656 0.000421 0.000782 0.000354
1156924438.476560 15.802561 1.383847 0.300266 0.001102 0.005871 0.000442 0.000655 0.000441
1170299438.476560 15.709817 1.370191 0.295432 -0.000517 0.005479 0.000461 0.000796 0.000408
1183674438.476560 15.604974 1.359023 0.325124 -0.000523 0.005247 0.000385 0.000682 0.000447
1197049438.476560 15.520627 1.340618 0.349674 0.000276 0.004686 0.000400 0.000597 0.000386
1210424438.476560 15.442406 1.368245 0.348828 -0.000261 0.005096 0.000531 0.000861 0.000617
1223799438.476560 15.330068 1.388706 0.384581 -0.000192 0.004207 0.000375 0.000647 0.000353
1237174438.476560 15.236522 1.400071 0.371725 -0.000095 0.004007 0.000387 0.000585 0.000264
1250549438.476560 15.155613 1.435209 0.311966 -0.000194 0.003833 0.000374 0.000661 0.000295
1263924438.476560 15.068919 1.467009 0.255109 -0.000141 0.003483 0.000691 0.000685 0.000468
1277299438.476560 14.980837 1.478652 0.262080 0.000377 0.003399 0.000458 0.000715 0.000442
1290674438.476560 14.909856 1.443586 0.314730 0.000492 0.003023 0.000533 0.000648 0.000368
1304049438.476560 14.818728 1.392239 0.410833 0.000029 0.002736 0.000375 0.000553 0.000266
1317424438.476560 14.749072 1.354564 0.452243 0.000440 0.002740 0.000256 0.000471 0.000186
1330799438.476560 14.666926 1.344114 0.466353 -0.000157 0.002253 0.000269 0.000448 0.000210
1344174438.476560 14.593266 1.333953 0.479702 -0.000404 0.002210 0.000265 0.000453 0.000210
1357549438.476560 14.522081 1.323183 0.494526 0.000095 0.001974 0.000238 0.000426 0.000205
1370924438.476560 14.449862 1.313989 0.503807 0.000044 0.001794 0.000258 0.000452 0.000211
1384299438.476560 14.377768 1.304351 0.519068 -0.000092 0.001773 0.000259 0.000449 0.000196
1397674438.476560 14.308117 1.294724 0.539603 -0.000675 0.001751 0.000266 0.000461 0.000209
1411049438.476560 14.240360 1.281957 0.562728 0.000017 0.001654 0.000261 0.000443 0.000193
1424424438.476560 14.176946 1.271957 0.580157 -0.000046 0.001665 0.000294 0.000452 0.000259
1437799438.476560 14.105667 1.261275 0.593514 0.000191 0.001611 0.000298 0.000434 0.000201
1451174438.476560 14.037809 1.252028 0.603146 -0.000277 0.001725 0.000288 0.000405 0.000193
1464549438.476560 13.973085 1.242085 0.610854 0.000174 0.001728 0.000292 0.000422 0.000208
1477924438.476560 13.906092 1.231487 0.617275 0.000259 0.001825 0.000291 0.000426 0.000216
1491299438.476560 13.838602 1.219176 0.627739 -0.000534 0.001887 0.000298 0.000432 0.000196
1504674438.476560 13.778725 1.205872 0.640185 0.000386 0.001948 0.000288 0.000419 0.000187
1518049438.476560 13.712864 1.193550 0.648397 0.000148 0.002064 0.000308 0.000433 0.000215
1531424438.476560 13.646484 1.183406 0.656029 -0.000310 0.002355 0.000360 0.000498 0.000332
1544799438.476560 13.589541 1.173612 0.675774 0.000249 0.003592 0.000462 0.000628 0.000331
1558174438.476560 13.525819 1.158994 0.692724 0.000545 0.002710 0.000440 0.000566 0.000283
1571549438.476560 13.461080 1.154378 0.711450 0.000879 0.003360 0.000456 0.000643 0.000356
1584924438.476560 13.396976 1.151202 0.746469 0.000035 0.003664 0.000424 0.000574 0.000317
1598299438.476560 13.329827 1.140482 0.732443 -0.000299 0.004807 0.000467 0.000651 0.000319
1611674438.476560 13.273803 1.123477 0.714300 0.000605 0.004348 0.000416 0.000603 0.000251
1625049438.476560 13.206465 1.105420 0.727723 -0.000367 0.005646 0.000664 0.000921 0.000510
1638424438.476560 13.139655 1.098099 0.737543 -0.000405 0.006715 0.000576 0.000763 0.000366
1651799438.476560 13.052982 1.085304 0.746624 0.000550 0.008181 0.000751 0.000942 0.000552
