# # 3C286 QU data converted from polkat JSON output
# # Date (ISO): 2024-02-25T02:53:38.900001
# # Columns: freq(Hz) I(Jy) Q(Jy) U(Jy) V(Jy) dI(Jy) dQ(Jy) dU(Jy) dV(Jy)
# 
902799438.476562 18.956427 1.092041 0.966193 0.000069 0.009319 0.000777 0.000622 0.000415
916174438.476562 18.784006 1.082943 0.984723 -0.000248 0.007832 0.000678 0.000549 0.000344
929549438.476562 18.632078 1.081292 1.004502 0.000899 0.007989 0.000824 0.000632 0.000390
942924438.476562 18.471935 1.091277 1.026570 -0.000577 0.008487 0.001094 0.001055 0.000727
956299438.476562 18.337130 1.079070 1.036545 0.000031 0.005532 0.000579 0.000454 0.000296
969674438.476562 18.202305 1.074567 1.046309 0.000605 0.005254 0.000538 0.000412 0.000203
983049438.476562 18.059935 1.073652 1.055618 0.000110 0.005344 0.000524 0.000407 0.000221
996424438.476562 17.922585 1.063376 1.072392 0.000158 0.005098 0.000530 0.000416 0.000228
1009799438.476560 17.790928 1.058351 1.083024 0.000041 0.004675 0.000526 0.000387 0.000207
1023174438.476560 17.666069 1.062973 1.085695 0.000044 0.004626 0.000506 0.000342 0.000198
1036549438.476560 17.543789 1.055631 1.092382 0.000204 0.004391 0.000492 0.000361 0.000187
1049924438.476560 17.417673 1.050726 1.098666 -0.000126 0.004214 0.000491 0.000337 0.000179
1063299438.476560 17.297203 1.048079 1.103822 -0.000095 0.003958 0.000499 0.000337 0.000178
1076674438.476560 17.178932 1.040181 1.111896 -0.000292 0.003841 0.000531 0.000355 0.000185
1090049438.476560 17.072384 1.028398 1.120440 -0.000208 0.003862 0.000507 0.000342 0.000191
1103424438.476560 16.952866 1.026580 1.123398 -0.000439 0.003606 0.000508 0.000337 0.000179
1116799438.476560 16.841772 1.019572 1.128682 0.000424 0.003464 0.000506 0.000332 0.000167
1130174438.476560 16.735052 1.013611 1.132689 0.000488 0.003496 0.000488 0.000312 0.000165
1143549438.476560 16.630768 1.008997 1.135252 -0.000650 0.003300 0.000515 0.000344 0.000194
1156924438.476560 16.523684 1.000855 1.140418 -0.000285 0.003032 0.000511 0.000354 0.000205
1170299438.476560 16.431377 0.990159 1.146329 0.000232 0.003314 0.000627 0.000444 0.000331
1183674438.476560 16.331049 0.982302 1.145551 0.000261 0.003164 0.000559 0.000404 0.000345
1197049438.476560 16.227638 0.977734 1.150245 0.000222 0.002699 0.000594 0.000375 0.000237
1210424438.476560 16.132481 0.971335 1.150135 -0.000724 0.003026 0.000715 0.000458 0.000377
1223799438.476560 16.036331 0.968051 1.154857 -0.000068 0.002842 0.000695 0.000463 0.000384
1237174438.476560 15.950232 0.962738 1.153789 -0.000143 0.002238 0.000591 0.000364 0.000223
1250549438.476560 15.858192 0.956359 1.155604 0.000021 0.002081 0.000680 0.000368 0.000197
1263924438.476560 15.772666 0.951677 1.154867 0.000483 0.002086 0.000748 0.000479 0.000336
1277299438.476560 15.682099 0.948332 1.155170 0.000435 0.001864 0.000682 0.000398 0.000365
1290674438.476560 15.605639 0.942122 1.155212 -0.000075 0.001604 0.000559 0.000316 0.000173
1304049438.476560 15.520891 0.940043 1.154055 -0.000021 0.001506 0.000549 0.000316 0.000146
1317424438.476560 15.439210 0.929292 1.156684 0.000127 0.001455 0.000540 0.000314 0.000158
1330799438.476560 15.358178 0.919703 1.159838 0.000337 0.001272 0.000539 0.000302 0.000155
1344174438.476560 15.278899 0.915454 1.158153 0.000134 0.001294 0.000558 0.000311 0.000155
1357549438.476560 15.199046 0.908603 1.157597 -0.000090 0.001222 0.000544 0.000300 0.000141
1370924438.476560 15.121498 0.905070 1.156973 -0.000041 0.001197 0.000570 0.000314 0.000147
1384299438.476560 15.045992 0.898469 1.155838 0.000176 0.001220 0.000583 0.000303 0.000149
1397674438.476560 14.971131 0.895227 1.154541 -0.000081 0.001204 0.000570 0.000309 0.000166
1411049438.476560 14.898069 0.888342 1.153884 0.000415 0.001173 0.000536 0.000309 0.000162
1424424438.476560 14.829004 0.884137 1.151116 0.000581 0.001238 0.000561 0.000327 0.000185
1437799438.476560 14.749262 0.881909 1.148567 0.000522 0.001305 0.000571 0.000296 0.000156
1451174438.476560 14.678584 0.877929 1.145407 -0.000116 0.001321 0.000571 0.000306 0.000159
1464549438.476560 14.606351 0.872924 1.145699 0.000418 0.001328 0.000567 0.000307 0.000156
1477924438.476560 14.535585 0.869021 1.142377 0.000362 0.001389 0.000583 0.000307 0.000156
1491299438.476560 14.464748 0.862488 1.141184 -0.000336 0.001414 0.000581 0.000305 0.000170
1504674438.476560 14.394677 0.858131 1.140362 0.000283 0.001502 0.000574 0.000315 0.000191
1518049438.476560 14.321959 0.854258 1.137282 -0.000498 0.001547 0.000583 0.000335 0.000207
1531424438.476560 14.290126 0.854425 1.130082 -0.000794 0.005548 0.001406 0.001535 0.000523
1544799438.476560 14.164783 0.840515 1.132557 0.000133 0.002155 0.000872 0.000542 0.000496
1558174438.476560 14.116037 0.834138 1.130564 -0.000059 0.001653 0.000645 0.000390 0.000301
1571549438.476560 14.037550 0.831457 1.129867 0.000561 0.001920 0.000695 0.000474 0.000375
1584924438.476560 13.970165 0.826121 1.128274 -0.000025 0.001575 0.000699 0.000416 0.000298
1598299438.476560 13.914174 0.822044 1.124184 0.000408 0.001488 0.000676 0.000361 0.000232
1611674438.476560 13.851852 0.821750 1.117884 0.000252 0.001526 0.000644 0.000387 0.000206
1625049438.476560 13.802706 0.810420 1.114934 0.000608 0.001956 0.000701 0.000494 0.000393
1638424438.476560 13.721824 0.806210 1.114736 0.000195 0.002059 0.000745 0.000418 0.000246
1651799438.476560 13.669087 0.796846 1.110286 -0.000059 0.002229 0.000680 0.000489 0.000415
