# # 3C286 QU data converted from polkat JSON output
# # Date (ISO): 2023-11-06T09:33:06.000000
# # Columns: freq(Hz) I(Jy) Q(Jy) U(Jy) V(Jy) dI(Jy) dQ(Jy) dU(Jy) dV(Jy)
# 
902799438.476562 19.112259 1.443506 0.412843 0.000537 0.015336 0.005557 0.001830 0.000583
916174438.476562 18.946243 1.447550 0.440453 -0.000218 0.010206 0.006204 0.001970 0.000471
929549438.476562 18.793879 1.451360 0.466584 0.000858 0.010901 0.006562 0.002056 0.000486
942924438.476562 18.619217 1.459584 0.504280 0.000414 0.018113 0.012009 0.003642 0.001096
956299438.476562 18.486631 1.440263 0.522981 -0.000565 0.007552 0.005314 0.001682 0.000330
969674438.476562 18.340797 1.427983 0.547377 -0.000348 0.006139 0.004500 0.001465 0.000308
983049438.476562 18.208353 1.418356 0.575882 0.000535 0.005584 0.004270 0.001382 0.000254
996424438.476562 18.064228 1.412666 0.601346 -0.000300 0.005440 0.004242 0.001339 0.000261
1009799438.476560 17.945253 1.407763 0.628536 -0.000331 0.005132 0.004149 0.001331 0.000273
1023174438.476560 17.807028 1.408896 0.646335 -0.000442 0.004560 0.004254 0.001338 0.000266
1036549438.476560 17.671993 1.398893 0.665239 0.000027 0.004342 0.003942 0.001269 0.000245
1049924438.476560 17.546705 1.395158 0.682570 -0.000179 0.003975 0.003735 0.001204 0.000232
1063299438.476560 17.426790 1.383794 0.698104 -0.000553 0.003825 0.003464 0.001116 0.000216
1076674438.476560 17.315058 1.370205 0.716306 -0.000229 0.003606 0.003340 0.001122 0.000216
1090049438.476560 17.193443 1.361817 0.740790 0.000024 0.003465 0.003134 0.001054 0.000275
1103424438.476560 17.070181 1.353995 0.760363 0.000068 0.003008 0.002788 0.000958 0.000222
1116799438.476560 16.956039 1.345208 0.775198 -0.000019 0.003101 0.002546 0.000885 0.000232
1130174438.476560 16.847775 1.333040 0.789166 -0.000080 0.003144 0.002503 0.000873 0.000249
1143549438.476560 16.741272 1.319649 0.802831 -0.000344 0.003131 0.002433 0.000911 0.000333
1156924438.476560 16.634583 1.305571 0.821113 -0.000262 0.002634 0.002176 0.000800 0.000242
1170299438.476560 16.531900 1.309303 0.828468 -0.000755 0.004074 0.002604 0.001014 0.000542
1183674438.476560 16.427647 1.273980 0.850029 0.001033 0.003877 0.002108 0.000880 0.000708
1197049438.476560 16.334393 1.300552 0.853458 0.000231 0.005414 0.003281 0.001216 0.000726
1210424438.476560 16.232319 1.279810 0.869500 -0.000605 0.008935 0.004370 0.001637 0.001081
1223799438.476560 16.142614 1.241019 0.884609 0.001400 0.006461 0.002227 0.000960 0.000934
1237174438.476560 16.015162 1.223066 0.894258 0.000555 0.004864 0.001763 0.000756 0.000650
1250549438.476560 15.933135 1.219681 0.901122 0.000006 0.004962 0.001860 0.000889 0.000382
1263924438.476560 15.865165 1.204568 0.901722 0.000522 0.003543 0.001509 0.000732 0.000374
1277299438.476560 15.763087 1.184285 0.908651 0.000322 0.002493 0.000906 0.000862 0.000722
1290674438.476560 15.705910 1.199794 0.912113 0.000161 0.004322 0.002679 0.000759 0.000519
1304049438.476560 15.584108 1.177716 0.924256 0.000020 0.002256 0.000622 0.000530 0.000185
1317424438.476560 15.500814 1.175290 0.936890 0.000361 0.002272 0.000641 0.000516 0.000186
1330799438.476560 15.418102 1.170111 0.947988 -0.000210 0.001961 0.000614 0.000495 0.000194
1344174438.476560 15.333524 1.166769 0.956154 -0.000212 0.002020 0.000618 0.000531 0.000196
1357549438.476560 15.249617 1.159991 0.965202 0.000242 0.001943 0.000632 0.000511 0.000186
1370924438.476560 15.173037 1.152024 0.968676 -0.000251 0.001854 0.000632 0.000501 0.000164
1384299438.476560 15.095228 1.140526 0.968170 -0.000111 0.001724 0.000699 0.000481 0.000173
1397674438.476560 15.015300 1.124455 0.965884 -0.000360 0.001851 0.000737 0.000513 0.000188
1411049438.476560 14.937413 1.111759 0.964828 0.000105 0.001792 0.000839 0.000539 0.000195
1424424438.476560 14.868428 1.098679 0.966396 -0.000156 0.001815 0.000882 0.000507 0.000230
1437799438.476560 14.785670 1.089441 0.967948 0.000094 0.001626 0.001028 0.000548 0.000187
1451174438.476560 14.711790 1.081598 0.971959 0.000393 0.001684 0.001106 0.000576 0.000193
1464549438.476560 14.638558 1.073416 0.978280 0.000404 0.001779 0.001291 0.000607 0.000186
1477924438.476560 14.563993 1.066716 0.982229 0.000166 0.001691 0.001424 0.000647 0.000191
1491299438.476560 14.491459 1.056877 0.984227 -0.000131 0.001723 0.001630 0.000665 0.000184
1504674438.476560 14.417295 1.044098 0.985527 0.000043 0.001696 0.001841 0.000701 0.000222
1518049438.476560 14.347284 1.033340 0.987796 0.000016 0.001731 0.002096 0.000793 0.000223
1531424438.476560 14.253953 1.039748 0.986384 0.000002 0.002251 0.003468 0.001244 0.000602
1544799438.476560 14.185808 1.037752 0.989107 0.000555 0.002273 0.003409 0.001224 0.000573
1558174438.476560 14.132615 1.018922 0.995446 -0.000786 0.003688 0.002607 0.000957 0.000406
1571549438.476560 14.066197 1.009784 1.002676 0.001113 0.002208 0.003285 0.001174 0.000811
1584924438.476560 13.991529 1.007798 0.992998 -0.000188 0.002327 0.003870 0.001324 0.000607
1598299438.476560 13.916482 1.004382 0.988666 0.000432 0.002389 0.003670 0.001229 0.000343
1611674438.476560 13.839867 0.997805 0.986251 0.000390 0.003221 0.003662 0.001260 0.000243
1625049438.476560 13.762466 0.989459 0.982277 0.000074 0.010744 0.003821 0.001670 0.000387
1638424438.476560 13.697971 0.976058 0.988229 -0.000714 0.001763 0.004127 0.001325 0.000211
1651799438.476560 13.642034 0.961548 0.991701 0.000129 0.001802 0.004449 0.001411 0.000385
