# # 3C286 QU data converted from polkat JSON output
# # Date (ISO): 2023-10-01T11:43:10.000000
# # Columns: freq(Hz) I(Jy) Q(Jy) U(Jy) V(Jy) dI(Jy) dQ(Jy) dU(Jy) dV(Jy)
# 
942924438.476562 18.240189 1.508456 -0.245606 -0.000410 0.015709 0.001917 0.002642 0.000901
956299438.476562 18.120438 1.505566 -0.225245 0.000386 0.009469 0.000958 0.000997 0.000750
969674438.476562 18.003120 1.515648 -0.182690 -0.000172 0.007405 0.000607 0.000800 0.000531
983049438.476562 17.879139 1.515025 -0.141036 0.000896 0.006398 0.000490 0.000662 0.000435
996424438.476562 17.761683 1.513264 -0.095612 0.000265 0.005046 0.000510 0.000631 0.000361
1009799438.476560 17.642809 1.517518 -0.054026 -0.000387 0.004391 0.000541 0.000582 0.000319
1023174438.476560 17.524757 1.536072 -0.020938 0.000229 0.004176 0.000399 0.000552 0.000305
1036549438.476560 17.400024 1.544898 0.024097 -0.000007 0.003986 0.000312 0.000534 0.000263
1049924438.476560 17.282951 1.545482 0.062264 0.000139 0.003443 0.000276 0.000524 0.000245
1063299438.476560 17.175655 1.542711 0.098901 -0.000691 0.003213 0.000259 0.000491 0.000220
1076674438.476560 17.066298 1.534790 0.131822 -0.000074 0.003309 0.000293 0.000481 0.000203
1090049438.476560 16.960068 1.517255 0.171320 0.000033 0.003275 0.000330 0.000497 0.000252
1103424438.476560 16.850681 1.515179 0.207747 -0.000442 0.002946 0.000242 0.000480 0.000211
1116799438.476560 16.748653 1.507339 0.235755 0.000272 0.002981 0.000255 0.000472 0.000225
1130174438.476560 16.645897 1.497615 0.266340 -0.000185 0.002762 0.000267 0.000469 0.000196
1143549438.476560 16.548231 1.485493 0.296376 0.000120 0.002849 0.000292 0.000479 0.000224
1156924438.476560 16.443851 1.476015 0.327774 -0.000165 0.002817 0.000265 0.000477 0.000244
1170299438.476560 16.353621 1.461863 0.351253 -0.000215 0.003334 0.000416 0.000517 0.000364
1183674438.476560 16.252804 1.447724 0.384739 -0.000080 0.002545 0.000358 0.000517 0.000357
1197049438.476560 16.159374 1.440215 0.404401 0.000641 0.002534 0.000338 0.000476 0.000293
1210424438.476560 16.065680 1.426607 0.430060 -0.000672 0.003512 0.000643 0.000763 0.000627
1223799438.476560 15.986263 1.415729 0.444898 0.000626 0.003393 0.000537 0.000612 0.000598
1237174438.476560 15.886674 1.398885 0.479677 0.001031 0.002931 0.000458 0.000543 0.000485
1250549438.476560 15.794381 1.397146 0.502075 -0.000069 0.002366 0.000326 0.000415 0.000268
1263924438.476560 15.711249 1.389198 0.512261 0.000104 0.002815 0.000498 0.000554 0.000450
1277299438.476560 15.618834 1.379700 0.539442 0.000415 0.002317 0.000515 0.000571 0.000423
1290674438.476560 15.537977 1.368193 0.555509 0.000734 0.002088 0.000303 0.000423 0.000214
1304049438.476560 15.444493 1.356175 0.574970 0.000016 0.002068 0.000264 0.000395 0.000159
1317424438.476560 15.362913 1.340137 0.590646 0.000266 0.002135 0.000288 0.000405 0.000172
1330799438.476560 15.282352 1.330276 0.606912 0.000104 0.002110 0.000313 0.000387 0.000162
1344174438.476560 15.198261 1.321710 0.620544 0.000493 0.002011 0.000288 0.000393 0.000173
1357549438.476560 15.118307 1.313851 0.637143 -0.000000 0.002135 0.000303 0.000422 0.000187
1370924438.476560 15.038914 1.303300 0.648042 -0.000593 0.002087 0.000286 0.000395 0.000252
1384299438.476560 14.959152 1.287778 0.658928 0.000212 0.002153 0.000290 0.000371 0.000250
1397674438.476560 14.876348 1.278278 0.669439 -0.000125 0.002192 0.000315 0.000377 0.000181
1411049438.476560 14.795706 1.269255 0.680031 0.000507 0.002281 0.000321 0.000388 0.000169
1424424438.476560 14.725187 1.258250 0.689218 0.000222 0.002408 0.000340 0.000379 0.000193
1437799438.476560 14.641558 1.249561 0.696646 0.000019 0.002386 0.000318 0.000368 0.000172
1451174438.476560 14.565284 1.239683 0.704176 0.000011 0.002530 0.000313 0.000379 0.000163
1464549438.476560 14.487631 1.229694 0.714561 0.000440 0.002654 0.000324 0.000395 0.000164
1477924438.476560 14.410796 1.220389 0.725625 -0.000676 0.002639 0.000317 0.000375 0.000185
1491299438.476560 14.333767 1.212941 0.734854 -0.000265 0.002751 0.000354 0.000386 0.000164
1504674438.476560 14.257630 1.204502 0.742967 0.000427 0.002740 0.000342 0.000378 0.000167
1518049438.476560 14.183912 1.197054 0.752858 -0.000124 0.002809 0.000366 0.000379 0.000193
1531424438.476560 14.109958 1.188700 0.753043 -0.000066 0.003402 0.000538 0.000550 0.000603
1544799438.476560 14.038026 1.174403 0.758149 0.000919 0.003674 0.000504 0.000528 0.000490
1558174438.476560 13.963557 1.167302 0.771234 -0.000474 0.003155 0.000382 0.000412 0.000390
1571549438.476560 13.893070 1.161807 0.777305 0.000369 0.003453 0.000670 0.000574 0.000539
1584924438.476560 13.809890 1.147915 0.777074 0.000552 0.004155 0.000527 0.000479 0.000446
1598299438.476560 13.730128 1.146498 0.782481 0.000486 0.003598 0.000391 0.000369 0.000231
1611674438.476560 13.646935 1.138344 0.774401 -0.003953 0.003838 0.001832 0.000957 0.000806
1625049438.476560 13.573433 1.132167 0.789230 -0.000441 0.003890 0.001895 0.000586 0.000300
1638424438.476560 13.493885 1.124178 0.793105 -0.000037 0.004373 0.000409 0.000370 0.000194
1651799438.476560 13.424700 1.115544 0.795579 0.000458 0.004292 0.000396 0.000384 0.000254
