# # J1331+3030 QU data converted from WAPITI text output
# # Date (ISO): 2023-10-28T11:38:23.596
# # Columns: freq(Hz) I(Jy) Q(Jy) U(Jy) V(Jy) dI(Jy) dQ(Jy) dU(Jy) dV(Jy)
# 
902800000.000000 18.639490 1.245908 -0.633727 -0.000006 0.028277 0.001244 0.001913 0.001152
916200000.000000 18.498499 1.289497 -0.611680 -0.001064 0.019185 0.001139 0.001225 0.000961
929500000.000000 18.355185 1.341706 -0.600317 -0.000289 0.014521 0.000783 0.001092 0.000649
942900000.000000 18.179869 1.385281 -0.521008 0.001245 0.010713 0.001057 0.001358 0.001148
956300000.000000 18.026253 1.404592 -0.490875 0.000239 0.006689 0.000434 0.000758 0.000412
969700000.000000 17.862461 1.422776 -0.435944 0.000705 0.005299 0.000349 0.000654 0.000237
983000000.000000 17.713615 1.436334 -0.385640 0.000513 0.005237 0.000298 0.000620 0.000273
996400000.000000 17.577194 1.452950 -0.337811 0.000147 0.004627 0.000316 0.000643 0.000256
1009800000.000000 17.459125 1.460890 -0.286686 -0.000071 0.005005 0.000269 0.000603 0.000245
1023200000.000000 17.338137 1.474842 -0.250790 -0.000492 0.004166 0.000323 0.000628 0.000256
1036500000.000000 17.199112 1.487937 -0.211348 0.000402 0.003541 0.000269 0.000623 0.000210
1049900000.000000 17.060934 1.495402 -0.179944 0.000358 0.004071 0.000216 0.000598 0.000177
1063300000.000000 16.946539 1.497840 -0.145264 -0.000372 0.003830 0.000232 0.000580 0.000201
1076700000.000000 16.850311 1.500211 -0.103594 -0.000193 0.003858 0.000219 0.000575 0.000207
1090000000.000000 16.723507 1.500387 -0.062784 0.000040 0.003418 0.000257 0.000592 0.000214
1103400000.000000 16.603775 1.505124 -0.033163 0.000348 0.003194 0.000224 0.000564 0.000179
1116800000.000000 16.494148 1.499325 0.046164 -0.000048 0.002868 0.000245 0.000603 0.000206
1130200000.000000 16.394262 1.496697 0.074285 0.000077 0.002878 0.000284 0.000565 0.000230
1143500000.000000 16.290264 1.484685 0.120892 -0.000032 0.003098 0.000305 0.000606 0.000269
1156900000.000000 16.175356 1.476306 0.160795 -0.000016 0.002765 0.000326 0.000602 0.000228
1170300000.000000 16.082535 1.477239 0.168461 -0.000073 0.003106 0.000425 0.000676 0.000328
1183700000.000000 15.974380 1.459691 0.214078 0.000164 0.003044 0.000321 0.000679 0.000295
1197000000.000000 15.874959 1.447410 0.245014 0.000198 0.002653 0.000379 0.000681 0.000352
1210400000.000000 15.792346 1.450674 0.268788 0.000728 0.003120 0.000568 0.000846 0.000486
1223800000.000000 15.687918 1.449218 0.297230 -0.000411 0.003148 0.000353 0.000586 0.000283
1237200000.000000 15.603744 1.441156 0.319789 -0.000097 0.003207 0.000339 0.000590 0.000211
1250500000.000000 15.510435 1.444744 0.327463 -0.000271 0.004413 0.000565 0.000611 0.000306
1263900000.000000 15.430128 1.450386 0.326122 -0.000655 0.003012 0.000602 0.000753 0.000383
1277300000.000000 15.332386 1.463878 0.312994 -0.000078 0.003552 0.000392 0.000648 0.000451
1290700000.000000 15.249165 1.434338 0.357237 0.000012 0.002359 0.000394 0.000565 0.000275
1304000000.000000 15.163992 1.409142 0.406104 -0.000648 0.002457 0.000304 0.000525 0.000174
1317400000.000000 15.086707 1.395526 0.433243 0.000576 0.002513 0.000264 0.000486 0.000186
1330800000.000000 15.004668 1.384589 0.455343 -0.000144 0.002533 0.000257 0.000480 0.000154
1344200000.000000 14.923282 1.372266 0.473134 0.000017 0.003011 0.000305 0.000503 0.000155
1357500000.000000 14.845183 1.362523 0.492466 -0.000045 0.002318 0.000303 0.000489 0.000161
1370900000.000000 14.775372 1.351251 0.508674 0.000392 0.002557 0.000287 0.000493 0.000172
1384300000.000000 14.695338 1.341287 0.525682 -0.000238 0.002335 0.000294 0.000507 0.000171
1397700000.000000 14.617036 1.331073 0.542986 0.000229 0.002097 0.000304 0.000512 0.000157
1411000000.000000 14.546001 1.317185 0.559314 -0.000036 0.002218 0.000317 0.000461 0.000146
1424400000.000000 14.472611 1.305216 0.572536 0.000281 0.002370 0.000336 0.000507 0.000202
1437800000.000000 14.404262 1.296380 0.582354 -0.000132 0.002427 0.000302 0.000496 0.000168
1451200000.000000 14.327290 1.285663 0.591270 0.000199 0.002373 0.000337 0.000442 0.000180
1464500000.000000 14.259438 1.277706 0.600987 0.000591 0.002801 0.000330 0.000453 0.000167
1477900000.000000 14.194139 1.267000 0.611871 0.000195 0.002410 0.000299 0.000446 0.000154
1491300000.000000 14.124094 1.255607 0.622741 -0.000571 0.002268 0.000342 0.000463 0.000196
1504700000.000000 14.056657 1.242714 0.636422 -0.000200 0.002534 0.000365 0.000480 0.000203
1518000000.000000 13.993774 1.233537 0.647000 -0.000675 0.002526 0.000324 0.000472 0.000234
1531400000.000000 13.936948 1.221027 0.654584 -0.000144 0.003940 0.000552 0.000682 0.000345
1544800000.000000 13.871058 1.205061 0.676140 0.000196 0.003446 0.000479 0.000629 0.000394
1558200000.000000 13.798008 1.185701 0.691008 -0.000249 0.002566 0.000400 0.000472 0.000296
1571500000.000000 13.729343 1.182624 0.704300 -0.000152 0.003436 0.000500 0.000581 0.000367
1584900000.000000 13.660741 1.173306 0.714959 -0.000141 0.002994 0.000470 0.000540 0.000336
1598300000.000000 13.593326 1.163311 0.714296 0.000261 0.004971 0.000485 0.000711 0.000363
1611700000.000000 13.532242 1.167083 0.706303 0.000414 0.003889 0.000445 0.000495 0.000222
1625000000.000000 13.473376 1.152443 0.714804 -0.000157 0.003068 0.000469 0.000533 0.000413
1638400000.000000 13.410052 1.148345 0.718040 -0.000114 0.003045 0.000390 0.000469 0.000231
1651800000.000000 13.344029 1.143112 0.718992 0.000012 0.003639 0.000488 0.000460 0.000400
