# # J1331+3030 QU data converted from WAPITI text output
# # Date (ISO): 2023-09-23T14:20:09.594
# # Columns: freq(Hz) I(Jy) Q(Jy) U(Jy) V(Jy) dI(Jy) dQ(Jy) dU(Jy) dV(Jy)
# 
902800000.000000 18.667137 1.373388 -0.358746 0.000073 0.012396 0.000934 0.001108 0.000882
916200000.000000 18.497315 1.398004 -0.338110 -0.000108 0.009545 0.000717 0.001017 0.000626
929500000.000000 18.340050 1.427633 -0.312355 -0.000606 0.007307 0.000651 0.000921 0.000564
942900000.000000 17.983396 1.459914 -0.262764 0.000552 0.009451 0.000772 0.001288 0.000964
956300000.000000 18.025784 1.467805 -0.230697 0.000821 0.005319 0.000427 0.000738 0.000343
969700000.000000 17.873694 1.479585 -0.186317 0.000485 0.005106 0.000294 0.000724 0.000270
983000000.000000 17.730747 1.486988 -0.144429 0.000086 0.004711 0.000328 0.000707 0.000263
996400000.000000 17.604448 1.493569 -0.106335 -0.000032 0.004402 0.000256 0.000696 0.000248
1009800000.000000 17.467201 1.498954 -0.073799 -0.000688 0.004151 0.000291 0.000655 0.000223
1023200000.000000 17.346695 1.501180 -0.001200 0.000381 0.004121 0.000276 0.000649 0.000248
1036500000.000000 17.215946 1.499697 0.071851 -0.000024 0.004070 0.000322 0.000656 0.000220
1049900000.000000 17.085312 1.495974 0.095108 0.000315 0.003714 0.000270 0.000614 0.000219
1063300000.000000 16.980345 1.488062 0.123249 -0.000585 0.003794 0.000247 0.000578 0.000207
1076700000.000000 16.869391 1.483234 0.155545 -0.000137 0.003152 0.000291 0.000635 0.000192
1090000000.000000 16.752388 1.479014 0.193297 -0.000152 0.003378 0.000307 0.000611 0.000226
1103400000.000000 16.621960 1.479282 0.217416 -0.000351 0.003518 0.000277 0.000602 0.000212
1116800000.000000 16.514448 1.472521 0.245636 0.000307 0.002779 0.000283 0.000601 0.000188
1130200000.000000 16.406782 1.465528 0.277915 0.000180 0.002986 0.000283 0.000643 0.000217
1143500000.000000 16.297979 1.455599 0.309121 -0.000046 0.002912 0.000258 0.000607 0.000236
1156900000.000000 16.188711 1.440780 0.340237 -0.000369 0.002592 0.000289 0.000624 0.000223
1170300000.000000 16.087772 1.423692 0.353962 -0.000061 0.003451 0.000396 0.000653 0.000311
1183700000.000000 15.982300 1.430844 0.404928 -0.000221 0.003214 0.000331 0.000598 0.000390
1197000000.000000 15.873751 1.424519 0.412726 0.000081 0.003209 0.000361 0.000605 0.000269
1210400000.000000 15.786532 1.421505 0.441826 -0.000185 0.003429 0.000404 0.000589 0.000411
1223800000.000000 15.670715 1.414714 0.499408 -0.000264 0.003365 0.000329 0.000579 0.000257
1237200000.000000 15.576019 1.395428 0.509624 0.000633 0.002628 0.000295 0.000572 0.000235
1250500000.000000 15.489246 1.384573 0.484906 0.000620 0.002406 0.000347 0.000563 0.000278
1263900000.000000 15.403780 1.374842 0.493367 -0.000552 0.003598 0.000380 0.000609 0.000412
1277300000.000000 15.307864 1.360132 0.513880 0.000294 0.004247 0.000446 0.000648 0.000408
1290700000.000000 15.213774 1.350005 0.532204 -0.000622 0.002987 0.000302 0.000556 0.000223
1304000000.000000 15.128383 1.343720 0.548259 -0.000126 0.002714 0.000276 0.000514 0.000172
1317400000.000000 15.044055 1.336000 0.570331 0.000235 0.002475 0.000290 0.000522 0.000196
1330800000.000000 14.959132 1.323208 0.588711 -0.000232 0.002448 0.000280 0.000493 0.000195
1344200000.000000 14.872533 1.314034 0.600803 0.000173 0.002590 0.000276 0.000491 0.000165
1357500000.000000 14.793892 1.301357 0.617513 -0.000347 0.002615 0.000275 0.000464 0.000191
1370900000.000000 14.707903 1.291519 0.626519 -0.000092 0.002401 0.000330 0.000487 0.000153
1384300000.000000 14.630102 1.282435 0.638645 0.000393 0.002324 0.000304 0.000470 0.000194
1397700000.000000 14.556415 1.270269 0.657099 0.000028 0.002222 0.000315 0.000454 0.000194
1411000000.000000 14.479626 1.260009 0.671808 0.000378 0.002399 0.000287 0.000450 0.000169
1424400000.000000 14.408037 1.247773 0.683702 0.000911 0.002568 0.000367 0.000501 0.000220
1437800000.000000 14.336312 1.239027 0.693678 0.000612 0.002233 0.000333 0.000475 0.000190
1451200000.000000 14.265548 1.230006 0.701957 0.000037 0.002096 0.000343 0.000475 0.000175
1464500000.000000 14.195714 1.218605 0.710165 0.000863 0.002164 0.000319 0.000470 0.000152
1477900000.000000 14.124525 1.207496 0.719098 -0.000327 0.002576 0.000300 0.000457 0.000173
1491300000.000000 14.061134 1.196367 0.726650 -0.000779 0.002327 0.000332 0.000432 0.000187
1504700000.000000 13.997843 1.187085 0.733184 0.000415 0.002197 0.000326 0.000443 0.000200
1518000000.000000 13.939075 1.177615 0.739739 0.000100 0.002102 0.000367 0.000454 0.000183
1531400000.000000 13.882611 1.171327 0.740823 -0.000473 0.002459 0.000388 0.000537 0.000359
1544800000.000000 13.819705 1.161328 0.746237 0.000038 0.003591 0.000469 0.000565 0.000356
1558200000.000000 13.758019 1.150553 0.761065 0.001003 0.002370 0.000356 0.000463 0.000248
1571500000.000000 13.697072 1.144560 0.771584 0.000058 0.002331 0.000452 0.000477 0.000279
1584900000.000000 13.645392 1.137540 0.781761 0.000174 0.002231 0.000403 0.000449 0.000249
1598300000.000000 13.592295 1.126821 0.776191 0.000055 0.002267 0.000336 0.000491 0.000255
1611700000.000000 13.542619 1.115918 0.781731 -0.000305 0.002217 0.000399 0.000430 0.000204
1625000000.000000 13.493320 1.106116 0.780248 -0.000557 0.002891 0.000399 0.000571 0.000353
1638400000.000000 13.445330 1.101716 0.784562 0.000210 0.002341 0.000351 0.000443 0.000190
1651800000.000000 13.402292 1.093027 0.785956 -0.000114 0.002580 0.000449 0.000530 0.000301
