# ======================================================================
# FLAGGED DATA - KEPT CHANNELS ONLY
# ======================================================================
# 
# FLAGGING SUMMARY:
#   Total channels: 112
#   Flagged: 43 (38.4%)
#   Kept: 69 (61.6%)
# 
# FLAGGING CRITERIA APPLIED:
#   - Gross outliers: 3 channels
#   - Frequency ranges: 8 channels
#       Ranges: ['1.60~1.8']
#   - Error outliers: 6 channels
#       Threshold: 4.0σ above median in log-space
#       Iterations: 3
#   - Spectral baseline clipping: 24 channels
#   - Stokes V clipping: 2 channels
#       Threshold: 2.46σ
#       Reference: median
#       Iterations: 2
# 
# COLUMN FORMAT: freq(Hz) I Q U V dI dQ dU dV
# ======================================================================
9.0610000000e+08 9.8069000000e-02 3.6500000000e-04 3.4000000000e-05 -1.0800000000e-04 2.0400000000e-04 1.8700000000e-04 1.7400000000e-04 1.7800000000e-04
9.1280000000e+08 9.8439000000e-02 2.0700000000e-04 4.8300000000e-04 1.0000000000e-06 1.8300000000e-04 1.7500000000e-04 1.6900000000e-04 1.4900000000e-04
9.1950000000e+08 9.7717000000e-02 -4.7000000000e-05 1.9400000000e-04 -1.5300000000e-04 2.0100000000e-04 1.6200000000e-04 1.7000000000e-04 1.6600000000e-04
9.2620000000e+08 9.8410000000e-02 7.6000000000e-05 1.8700000000e-04 2.0800000000e-04 1.9700000000e-04 1.8000000000e-04 1.8700000000e-04 1.6900000000e-04
9.5300000000e+08 9.7921000000e-02 2.6700000000e-04 1.9100000000e-04 3.1300000000e-04 2.5200000000e-04 1.7600000000e-04 1.9100000000e-04 1.9600000000e-04
9.5960000000e+08 9.8283000000e-02 3.0000000000e-04 9.9000000000e-05 2.2000000000e-05 2.4300000000e-04 2.1000000000e-04 2.3100000000e-04 1.9400000000e-04
9.6630000000e+08 9.7989000000e-02 2.4600000000e-04 -3.0000000000e-06 -6.7000000000e-05 1.8600000000e-04 1.5100000000e-04 1.5000000000e-04 1.5800000000e-04
9.7300000000e+08 9.7855000000e-02 4.3500000000e-04 -5.0000000000e-06 1.6200000000e-04 2.0100000000e-04 1.5200000000e-04 1.6300000000e-04 1.6400000000e-04
9.7970000000e+08 9.7627000000e-02 2.6500000000e-04 1.4000000000e-04 -2.3400000000e-04 1.8800000000e-04 1.5600000000e-04 1.6800000000e-04 1.6700000000e-04
9.8640000000e+08 9.7540000000e-02 4.2100000000e-04 2.2100000000e-04 -2.5000000000e-05 2.0100000000e-04 1.5800000000e-04 1.6900000000e-04 1.4700000000e-04
9.9310000000e+08 9.8033000000e-02 3.0700000000e-04 1.2300000000e-04 -2.2000000000e-05 1.7900000000e-04 1.6600000000e-04 1.5200000000e-04 1.5100000000e-04
9.9980000000e+08 9.7413000000e-02 3.4700000000e-04 4.2000000000e-05 -7.0000000000e-06 1.7700000000e-04 1.5300000000e-04 1.5600000000e-04 1.5500000000e-04
1.0131000000e+09 9.7515000000e-02 1.3800000000e-04 7.4000000000e-05 -2.9900000000e-04 1.8700000000e-04 1.7300000000e-04 1.5200000000e-04 1.5400000000e-04
1.0198000000e+09 9.7746000000e-02 -2.2000000000e-05 1.1900000000e-04 -7.2000000000e-05 1.7000000000e-04 1.6800000000e-04 1.6600000000e-04 1.5300000000e-04
1.0265000000e+09 9.7059000000e-02 5.7900000000e-04 1.3900000000e-04 -8.2000000000e-05 2.0100000000e-04 1.7100000000e-04 1.8500000000e-04 1.7400000000e-04
1.0332000000e+09 9.6682000000e-02 3.2300000000e-04 2.0700000000e-04 2.1500000000e-04 2.1800000000e-04 2.1900000000e-04 1.8200000000e-04 1.9100000000e-04
1.0399000000e+09 9.6709000000e-02 3.3800000000e-04 1.3600000000e-04 -7.8000000000e-05 1.9500000000e-04 1.4100000000e-04 1.4800000000e-04 1.4800000000e-04
1.0466000000e+09 9.7001000000e-02 1.4600000000e-04 9.5000000000e-05 -2.7800000000e-04 1.7100000000e-04 1.4100000000e-04 1.8500000000e-04 1.6000000000e-04
1.0533000000e+09 9.6881000000e-02 1.7200000000e-04 1.6400000000e-04 4.8000000000e-05 1.8200000000e-04 1.4600000000e-04 1.6300000000e-04 1.3700000000e-04
1.0600000000e+09 9.6839000000e-02 1.4400000000e-04 4.1500000000e-04 -2.1500000000e-04 1.7600000000e-04 1.5700000000e-04 1.5900000000e-04 1.5100000000e-04
1.0666000000e+09 9.5699000000e-02 3.6200000000e-04 -4.3000000000e-05 6.6000000000e-05 2.1800000000e-04 1.7400000000e-04 1.7400000000e-04 1.5800000000e-04
1.0733000000e+09 9.6698000000e-02 1.5100000000e-04 3.3000000000e-04 -1.5300000000e-04 1.7400000000e-04 1.4400000000e-04 1.4500000000e-04 1.5800000000e-04
1.0800000000e+09 9.6137000000e-02 2.9000000000e-04 9.0000000000e-05 -2.7200000000e-04 1.9100000000e-04 1.5800000000e-04 1.4900000000e-04 1.3700000000e-04
1.1001000000e+09 9.6228000000e-02 5.2400000000e-04 -1.1100000000e-04 -1.5000000000e-04 1.9500000000e-04 1.7100000000e-04 1.6000000000e-04 1.9100000000e-04
1.1068000000e+09 9.6453000000e-02 -1.0000000000e-05 -9.4000000000e-05 -3.3600000000e-04 2.0700000000e-04 1.6600000000e-04 1.8900000000e-04 1.8100000000e-04
1.1201000000e+09 9.6082000000e-02 1.9100000000e-04 -1.3200000000e-04 -2.1400000000e-04 1.6800000000e-04 1.3600000000e-04 1.4400000000e-04 1.4100000000e-04
1.1268000000e+09 9.5417000000e-02 5.3700000000e-04 -2.9200000000e-04 -6.0000000000e-05 1.8600000000e-04 1.6300000000e-04 1.6100000000e-04 1.3700000000e-04
1.1402000000e+09 9.5053000000e-02 3.1800000000e-04 -2.0100000000e-04 -1.3500000000e-04 1.8300000000e-04 1.5800000000e-04 1.4400000000e-04 1.5900000000e-04
1.1536000000e+09 9.5447000000e-02 5.2600000000e-04 4.4000000000e-05 4.7000000000e-05 1.7500000000e-04 1.4200000000e-04 1.5200000000e-04 1.5500000000e-04
1.1670000000e+09 9.5422000000e-02 2.3300000000e-04 -5.9000000000e-05 -4.0300000000e-04 2.1900000000e-04 1.8700000000e-04 1.9000000000e-04 1.8000000000e-04
1.1937000000e+09 9.4532000000e-02 5.1700000000e-04 9.0000000000e-05 -2.2000000000e-05 1.8200000000e-04 1.5100000000e-04 1.7500000000e-04 1.8300000000e-04
1.2472000000e+09 9.4185000000e-02 3.3800000000e-04 4.0500000000e-04 -4.2000000000e-04 1.9000000000e-04 1.3800000000e-04 1.5000000000e-04 1.5800000000e-04
1.2539000000e+09 9.4566000000e-02 4.8000000000e-04 3.0200000000e-04 2.4600000000e-04 1.7800000000e-04 1.5100000000e-04 1.6000000000e-04 1.4800000000e-04
1.3007000000e+09 9.5493000000e-02 3.6400000000e-04 1.8000000000e-04 -1.3400000000e-04 1.4400000000e-04 1.2800000000e-04 1.3600000000e-04 1.4500000000e-04
1.3074000000e+09 9.5729000000e-02 4.0400000000e-04 2.8800000000e-04 -4.5000000000e-05 1.5300000000e-04 1.4400000000e-04 1.1400000000e-04 1.2600000000e-04
1.3141000000e+09 9.5679000000e-02 2.4600000000e-04 -2.1000000000e-05 1.3500000000e-04 1.4000000000e-04 1.2000000000e-04 1.3200000000e-04 1.3000000000e-04
1.3208000000e+09 9.5281000000e-02 4.1000000000e-05 4.0000000000e-05 -3.6200000000e-04 1.5900000000e-04 1.3100000000e-04 1.3500000000e-04 1.2200000000e-04
1.3275000000e+09 9.5618000000e-02 2.6500000000e-04 -7.0000000000e-06 -2.9100000000e-04 1.4200000000e-04 1.3100000000e-04 1.3600000000e-04 1.2400000000e-04
1.3341000000e+09 9.5625000000e-02 1.9300000000e-04 2.7900000000e-04 5.4000000000e-05 1.4900000000e-04 1.2800000000e-04 1.2300000000e-04 1.1900000000e-04
1.3408000000e+09 9.5531000000e-02 4.6300000000e-04 1.9300000000e-04 -5.0000000000e-05 1.4300000000e-04 1.2700000000e-04 1.3300000000e-04 1.3400000000e-04
1.3475000000e+09 9.5623000000e-02 2.2800000000e-04 1.0700000000e-04 -1.3800000000e-04 1.5500000000e-04 1.2100000000e-04 1.2400000000e-04 1.1600000000e-04
1.3542000000e+09 9.5381000000e-02 2.8200000000e-04 1.2000000000e-05 4.8000000000e-05 1.4600000000e-04 1.1800000000e-04 1.3400000000e-04 1.2100000000e-04
1.3609000000e+09 9.5509000000e-02 2.3300000000e-04 3.2700000000e-04 -1.7800000000e-04 1.4000000000e-04 1.2200000000e-04 1.2500000000e-04 1.2000000000e-04
1.3676000000e+09 9.5527000000e-02 3.6000000000e-04 2.6300000000e-04 -2.9000000000e-05 1.3800000000e-04 1.1400000000e-04 1.2800000000e-04 1.2600000000e-04
1.3743000000e+09 9.5378000000e-02 2.5400000000e-04 2.6400000000e-04 -2.6000000000e-05 1.3700000000e-04 1.2100000000e-04 1.2300000000e-04 1.1600000000e-04
1.3810000000e+09 9.5540000000e-02 8.0000000000e-06 -1.0000000000e-05 7.6000000000e-05 1.5300000000e-04 1.2500000000e-04 1.3000000000e-04 1.2200000000e-04
1.3876000000e+09 9.5593000000e-02 2.7000000000e-05 1.7100000000e-04 6.5000000000e-05 1.5000000000e-04 1.3100000000e-04 1.3500000000e-04 1.2400000000e-04
1.3943000000e+09 9.5647000000e-02 4.9200000000e-04 1.2800000000e-04 -2.2900000000e-04 1.5600000000e-04 1.2000000000e-04 1.3000000000e-04 1.1700000000e-04
1.4010000000e+09 9.5525000000e-02 3.1800000000e-04 2.3400000000e-04 -1.1000000000e-04 1.3600000000e-04 1.2400000000e-04 1.3200000000e-04 1.2700000000e-04
1.4077000000e+09 9.5662000000e-02 4.0400000000e-04 2.3000000000e-04 -2.9800000000e-04 1.3300000000e-04 1.2000000000e-04 1.2600000000e-04 1.1900000000e-04
1.4144000000e+09 9.5624000000e-02 2.3500000000e-04 3.1700000000e-04 -1.9000000000e-05 1.3700000000e-04 1.2100000000e-04 1.1300000000e-04 1.2800000000e-04
1.4278000000e+09 9.5601000000e-02 1.9800000000e-04 2.3500000000e-04 3.2000000000e-05 1.4300000000e-04 1.3000000000e-04 1.2300000000e-04 1.2500000000e-04
1.4345000000e+09 9.5514000000e-02 5.6000000000e-05 1.6900000000e-04 -1.2500000000e-04 1.5600000000e-04 1.2300000000e-04 1.2900000000e-04 1.2100000000e-04
1.4411000000e+09 9.5747000000e-02 2.7200000000e-04 1.5500000000e-04 -6.2000000000e-05 1.3700000000e-04 1.2300000000e-04 1.1800000000e-04 1.2700000000e-04
1.4478000000e+09 9.5936000000e-02 4.4500000000e-04 1.9900000000e-04 -8.6000000000e-05 1.4200000000e-04 1.2700000000e-04 1.2400000000e-04 1.1900000000e-04
1.4545000000e+09 9.5675000000e-02 3.1500000000e-04 2.1400000000e-04 -6.8000000000e-05 1.3500000000e-04 1.2200000000e-04 1.2300000000e-04 1.1900000000e-04
1.4612000000e+09 9.5630000000e-02 2.8600000000e-04 3.0100000000e-04 -1.7400000000e-04 1.3600000000e-04 1.2200000000e-04 1.3000000000e-04 1.2000000000e-04
1.4679000000e+09 9.5850000000e-02 3.2900000000e-04 2.5000000000e-05 1.5500000000e-04 1.4700000000e-04 1.2400000000e-04 1.2500000000e-04 1.2100000000e-04
1.4746000000e+09 9.5710000000e-02 7.4000000000e-05 3.5200000000e-04 1.9300000000e-04 1.4100000000e-04 1.1300000000e-04 1.3000000000e-04 1.2200000000e-04
1.4813000000e+09 9.5522000000e-02 5.8000000000e-05 1.4400000000e-04 -2.1000000000e-05 1.4200000000e-04 1.2400000000e-04 1.2300000000e-04 1.2400000000e-04
1.4880000000e+09 9.5536000000e-02 3.0700000000e-04 8.6000000000e-05 -1.1200000000e-04 1.4400000000e-04 1.2600000000e-04 1.3200000000e-04 1.2600000000e-04
1.4946000000e+09 9.5430000000e-02 4.0900000000e-04 1.6300000000e-04 -1.6000000000e-04 1.3600000000e-04 1.1600000000e-04 1.2800000000e-04 1.2500000000e-04
1.5013000000e+09 9.5920000000e-02 3.2300000000e-04 4.4000000000e-05 1.4300000000e-04 1.5900000000e-04 1.2600000000e-04 1.2900000000e-04 1.3800000000e-04
1.5080000000e+09 9.5914000000e-02 3.1500000000e-04 1.7800000000e-04 -1.7200000000e-04 1.3500000000e-04 1.2300000000e-04 1.1700000000e-04 1.2400000000e-04
1.5147000000e+09 9.6076000000e-02 1.6500000000e-04 1.2200000000e-04 2.0000000000e-05 1.3200000000e-04 1.0500000000e-04 1.2600000000e-04 1.1800000000e-04
1.5348000000e+09 9.5959000000e-02 4.6600000000e-04 -4.0000000000e-06 -3.6900000000e-04 3.0500000000e-04 2.7100000000e-04 2.6800000000e-04 3.0100000000e-04
1.5548000000e+09 9.5852000000e-02 3.6500000000e-04 4.6600000000e-04 -2.8400000000e-04 1.9900000000e-04 1.6700000000e-04 1.7200000000e-04 1.7300000000e-04
1.5682000000e+09 9.4854000000e-02 2.3100000000e-04 1.5300000000e-04 -1.0100000000e-04 1.9200000000e-04 1.6500000000e-04 1.7400000000e-04 1.6100000000e-04
1.5816000000e+09 9.4068000000e-02 -8.0000000000e-06 -9.8000000000e-05 -3.2600000000e-04 1.9900000000e-04 1.6900000000e-04 1.5800000000e-04 1.7300000000e-04
