9.036000000000000000e+08 2.232129999999999947e-01 3.550000000000000096e-04 -3.021999999999999947e-03 4.780000000000000178e-04 3.400000000000000244e-04 3.469999999999999777e-04
9.053000000000000000e+08 2.241130000000000067e-01 -1.700000000000000122e-04 -1.918999999999999916e-03 4.609999999999999840e-04 3.370000000000000057e-04 3.370000000000000057e-04
9.070000000000000000e+08 2.237520000000000064e-01 1.069999999999999988e-04 -2.116999999999999958e-03 4.319999999999999838e-04 3.589999999999999984e-04 3.750000000000000078e-04
9.087000000000000000e+08 2.232629999999999892e-01 -3.110000000000000243e-04 -1.660000000000000017e-03 3.930000000000000117e-04 3.820000000000000153e-04 3.339999999999999870e-04
9.103000000000000000e+08 2.237439999999999984e-01 1.259999999999999998e-04 -1.965000000000000167e-03 4.440000000000000045e-04 3.730000000000000134e-04 3.510000000000000208e-04
9.137000000000000000e+08 2.236789999999999889e-01 -8.799999999999999771e-05 -2.769999999999999893e-03 4.380000000000000213e-04 4.070000000000000267e-04 3.759999999999999779e-04
9.153000000000000000e+08 2.240360000000000129e-01 -8.299999999999999815e-05 -2.154000000000000099e-03 3.840000000000000097e-04 2.970000000000000092e-04 3.249999999999999851e-04
9.170000000000000000e+08 2.230550000000000033e-01 4.040000000000000080e-04 -2.703000000000000107e-03 3.849999999999999798e-04 3.480000000000000020e-04 3.159999999999999832e-04
9.204000000000000000e+08 2.220260000000000011e-01 5.399999999999999798e-05 -2.285000000000000139e-03 4.139999999999999800e-04 3.820000000000000153e-04 3.559999999999999797e-04
9.220000000000000000e+08 2.220840000000000036e-01 2.439999999999999949e-04 -2.077999999999999986e-03 4.159999999999999744e-04 3.710000000000000190e-04 3.209999999999999963e-04
9.237000000000000000e+08 2.220600000000000074e-01 1.669999999999999935e-04 -1.871000000000000050e-03 4.079999999999999968e-04 3.649999999999999816e-04 3.550000000000000096e-04
9.254000000000000000e+08 2.217949999999999922e-01 6.480000000000000300e-04 -2.380000000000000171e-03 3.910000000000000172e-04 3.570000000000000040e-04 3.469999999999999777e-04
9.270000000000000000e+08 2.219379999999999964e-01 9.499999999999999981e-04 -2.406000000000000152e-03 4.319999999999999838e-04 3.559999999999999797e-04 3.690000000000000246e-04
9.287000000000000000e+08 2.218849999999999989e-01 3.420000000000000188e-04 -1.549999999999999946e-03 3.959999999999999762e-04 3.289999999999999739e-04 3.420000000000000188e-04
9.304000000000000000e+08 2.220050000000000079e-01 1.134999999999999941e-03 -1.693999999999999976e-03 3.869999999999999742e-04 3.260000000000000094e-04 3.480000000000000020e-04
9.504000000000000000e+08 2.189379999999999937e-01 3.209999999999999963e-04 -1.549000000000000030e-03 3.780000000000000265e-04 3.440000000000000132e-04 3.159999999999999832e-04
9.521000000000000000e+08 2.195689999999999864e-01 8.599999999999999789e-04 -1.438999999999999958e-03 4.539999999999999765e-04 3.310000000000000225e-04 3.409999999999999945e-04
9.538000000000000000e+08 2.191869999999999929e-01 8.840000000000000201e-04 -2.230999999999999910e-03 3.480000000000000020e-04 3.249999999999999851e-04 3.519999999999999908e-04
9.571000000000000000e+08 2.175970000000000126e-01 -1.160000000000000007e-04 -1.975999999999999892e-03 3.699999999999999947e-04 3.530000000000000152e-04 3.099999999999999999e-04
9.588000000000000000e+08 2.183869999999999978e-01 -1.620000000000000075e-04 -1.964000000000000034e-03 3.609999999999999928e-04 3.390000000000000001e-04 3.089999999999999756e-04
9.605000000000000000e+08 2.181109999999999993e-01 9.560000000000000355e-04 -1.448000000000000068e-03 4.119999999999999856e-04 3.260000000000000094e-04 2.919999999999999961e-04
9.622000000000000000e+08 2.180930000000000091e-01 5.800000000000000034e-04 -1.407999999999999963e-03 3.310000000000000225e-04 3.469999999999999777e-04 3.130000000000000187e-04
9.638000000000000000e+08 2.177550000000000041e-01 3.020000000000000223e-04 -1.296000000000000060e-03 3.849999999999999798e-04 3.849999999999999798e-04 2.939999999999999905e-04
9.655000000000000000e+08 2.168829999999999925e-01 3.860000000000000041e-04 -1.195000000000000099e-03 3.829999999999999854e-04 3.260000000000000094e-04 3.280000000000000038e-04
9.672000000000000000e+08 2.167439999999999922e-01 6.859999999999999779e-04 -1.242000000000000048e-03 3.699999999999999947e-04 3.319999999999999926e-04 3.339999999999999870e-04
9.688000000000000000e+08 2.171599999999999919e-01 7.249999999999999500e-04 -1.433000000000000029e-03 3.770000000000000022e-04 3.339999999999999870e-04 3.190000000000000019e-04
9.705000000000000000e+08 2.173160000000000092e-01 5.890000000000000053e-04 -1.324000000000000090e-03 3.420000000000000188e-04 3.240000000000000150e-04 3.040000000000000167e-04
9.722000000000000000e+08 2.174500000000000044e-01 6.170000000000000354e-04 -7.320000000000000118e-04 3.600000000000000227e-04 3.170000000000000075e-04 3.339999999999999870e-04
9.739000000000000000e+08 2.174200000000000021e-01 4.600000000000000004e-05 -1.386999999999999995e-03 3.350000000000000113e-04 2.750000000000000166e-04 3.390000000000000001e-04
9.755000000000000000e+08 2.172800000000000009e-01 5.839999999999999922e-04 -1.021999999999999905e-03 3.789999999999999966e-04 3.020000000000000223e-04 3.080000000000000055e-04
9.772000000000000000e+08 2.162749999999999950e-01 1.312999999999999931e-03 -1.503999999999999912e-03 3.669999999999999760e-04 2.999999999999999737e-04 3.269999999999999795e-04
9.789000000000000000e+08 2.164880000000000138e-01 5.850000000000000165e-04 -1.611999999999999935e-03 3.600000000000000227e-04 3.400000000000000244e-04 2.990000000000000036e-04
9.805000000000000000e+08 2.165040000000000020e-01 4.049999999999999781e-04 -1.396000000000000105e-03 3.579999999999999741e-04 3.260000000000000094e-04 2.770000000000000110e-04
9.822000000000000000e+08 2.163720000000000088e-01 9.340000000000000429e-04 -9.770000000000000039e-04 3.530000000000000152e-04 3.209999999999999963e-04 3.339999999999999870e-04
9.839000000000000000e+08 2.148049999999999959e-01 6.970000000000000284e-04 -1.219000000000000031e-03 3.739999999999999835e-04 3.420000000000000188e-04 3.319999999999999926e-04
9.872000000000000000e+08 2.146619999999999917e-01 5.890000000000000053e-04 -1.038000000000000077e-03 3.840000000000000097e-04 3.089999999999999756e-04 3.029999999999999924e-04
9.889000000000000000e+08 2.138089999999999991e-01 9.600000000000000243e-04 -1.894000000000000067e-03 3.609999999999999928e-04 3.049999999999999868e-04 3.640000000000000115e-04
9.906000000000000000e+08 2.143889999999999962e-01 3.000000000000000076e-06 -1.378000000000000102e-03 3.170000000000000075e-04 3.330000000000000169e-04 3.159999999999999832e-04
9.922000000000000000e+08 2.141859999999999875e-01 1.371999999999999956e-03 -7.029999999999999574e-04 3.310000000000000225e-04 3.080000000000000055e-04 3.099999999999999999e-04
9.939000000000000000e+08 2.139500000000000013e-01 7.780000000000000457e-04 -1.458000000000000095e-03 3.429999999999999889e-04 3.209999999999999963e-04 3.229999999999999907e-04
9.956000000000000000e+08 2.134909999999999863e-01 4.920000000000000328e-04 -1.219000000000000031e-03 3.400000000000000244e-04 3.150000000000000131e-04 3.209999999999999963e-04
9.973000000000000000e+08 2.137179999999999913e-01 9.909999999999999105e-04 -1.280000000000000105e-03 3.780000000000000265e-04 3.159999999999999832e-04 3.339999999999999870e-04
9.989000000000000000e+08 2.137070000000000081e-01 5.749999999999999903e-04 -1.485999999999999908e-03 3.289999999999999739e-04 2.999999999999999737e-04 3.139999999999999888e-04
1.000600000000000000e+09 2.133710000000000051e-01 1.206999999999999957e-03 -1.497999999999999983e-03 3.269999999999999795e-04 2.669999999999999847e-04 2.730000000000000222e-04
1.002300000000000000e+09 2.129669999999999896e-01 6.610000000000000207e-04 -1.590000000000000050e-03 3.640000000000000115e-04 3.200000000000000262e-04 3.209999999999999963e-04
1.009000000000000000e+09 2.116260000000000085e-01 8.859999999999999603e-04 -1.497000000000000067e-03 3.989999999999999949e-04 3.020000000000000223e-04 2.790000000000000054e-04
1.010600000000000000e+09 2.126730000000000009e-01 1.515000000000000071e-03 -1.688000000000000047e-03 3.379999999999999758e-04 2.910000000000000260e-04 3.240000000000000150e-04
1.012300000000000000e+09 2.123730000000000062e-01 5.140000000000000254e-04 -2.054999999999999969e-03 3.269999999999999795e-04 3.049999999999999868e-04 2.880000000000000073e-04
1.014000000000000000e+09 2.130070000000000019e-01 5.389999999999999826e-04 -8.570000000000000144e-04 3.589999999999999984e-04 2.880000000000000073e-04 3.049999999999999868e-04
1.015700000000000000e+09 2.125519999999999909e-01 8.030000000000000028e-04 -1.283999999999999985e-03 3.099999999999999999e-04 3.119999999999999944e-04 3.040000000000000167e-04
1.017300000000000000e+09 2.125150000000000095e-01 7.349999999999999763e-04 -1.121000000000000035e-03 3.429999999999999889e-04 2.990000000000000036e-04 3.469999999999999777e-04
1.019000000000000000e+09 2.121240000000000070e-01 5.039999999999999992e-04 -1.474999999999999966e-03 3.240000000000000150e-04 2.840000000000000185e-04 3.060000000000000111e-04
1.020700000000000000e+09 2.117570000000000008e-01 1.152999999999999945e-03 -1.188999999999999953e-03 3.170000000000000075e-04 3.110000000000000243e-04 2.860000000000000129e-04
1.022300000000000000e+09 2.118909999999999960e-01 7.510000000000000399e-04 -1.451000000000000033e-03 3.600000000000000227e-04 3.069999999999999812e-04 3.009999999999999980e-04
1.027400000000000000e+09 2.110690000000000066e-01 1.036999999999999944e-03 -1.915000000000000036e-03 3.930000000000000117e-04 3.440000000000000132e-04 3.299999999999999982e-04
1.035700000000000000e+09 2.113319999999999921e-01 9.550000000000000112e-04 -1.430999999999999980e-03 3.209999999999999963e-04 2.869999999999999830e-04 3.220000000000000206e-04
1.042400000000000000e+09 2.108440000000000036e-01 8.800000000000000313e-04 -2.174000000000000151e-03 3.350000000000000113e-04 3.029999999999999924e-04 3.339999999999999870e-04
1.044100000000000000e+09 2.087269999999999959e-01 4.840000000000000010e-04 -1.645999999999999894e-03 3.429999999999999889e-04 3.200000000000000262e-04 3.119999999999999944e-04
1.045700000000000000e+09 2.085259999999999891e-01 1.541999999999999968e-03 -2.364999999999999915e-03 3.179999999999999776e-04 3.190000000000000019e-04 3.310000000000000225e-04
1.049100000000000000e+09 2.081629999999999869e-01 1.185999999999999988e-03 -1.698000000000000074e-03 3.299999999999999982e-04 3.089999999999999756e-04 2.849999999999999886e-04
1.050800000000000000e+09 2.096359999999999890e-01 6.650000000000000095e-04 -2.501999999999999884e-03 3.480000000000000020e-04 3.200000000000000262e-04 3.009999999999999980e-04
1.054100000000000000e+09 2.098720000000000030e-01 5.839999999999999922e-04 -2.138999999999999842e-03 3.179999999999999776e-04 3.110000000000000243e-04 3.209999999999999963e-04
1.055800000000000000e+09 2.094920000000000115e-01 1.374000000000000004e-03 -1.783000000000000080e-03 3.260000000000000094e-04 3.049999999999999868e-04 2.990000000000000036e-04
1.057400000000000000e+09 2.082090000000000052e-01 2.910000000000000260e-04 -2.096000000000000207e-03 3.130000000000000187e-04 3.130000000000000187e-04 2.889999999999999774e-04
1.059100000000000000e+09 2.079199999999999937e-01 8.520000000000000013e-04 -2.419999999999999842e-03 3.350000000000000113e-04 2.889999999999999774e-04 3.249999999999999851e-04
1.060800000000000000e+09 2.080919999999999992e-01 4.350000000000000026e-04 -1.659000000000000101e-03 3.550000000000000096e-04 3.009999999999999980e-04 2.919999999999999961e-04
1.062500000000000000e+09 2.082279999999999964e-01 5.730000000000000501e-04 -1.637999999999999916e-03 3.229999999999999907e-04 2.930000000000000204e-04 3.049999999999999868e-04
1.065800000000000000e+09 2.082219999999999904e-01 7.619999999999999820e-04 -2.579999999999999828e-03 3.240000000000000150e-04 2.900000000000000017e-04 3.060000000000000111e-04
1.070800000000000000e+09 2.070619999999999961e-01 3.680000000000000003e-04 -2.050000000000000173e-03 3.269999999999999795e-04 3.130000000000000187e-04 3.260000000000000094e-04
1.072500000000000000e+09 2.073709999999999998e-01 2.500000000000000052e-04 -2.158999999999999895e-03 3.280000000000000038e-04 3.009999999999999980e-04 3.150000000000000131e-04
1.074200000000000000e+09 2.077450000000000130e-01 1.026000000000000002e-03 -2.272999999999999847e-03 3.299999999999999982e-04 2.970000000000000092e-04 3.020000000000000223e-04
1.075800000000000000e+09 2.070200000000000096e-01 7.489999999999999913e-04 -2.206000000000000062e-03 3.009999999999999980e-04 2.840000000000000185e-04 3.139999999999999888e-04
1.077500000000000000e+09 2.083099999999999952e-01 9.749999999999999552e-04 -1.647000000000000026e-03 3.040000000000000167e-04 2.869999999999999830e-04 3.029999999999999924e-04
1.079200000000000000e+09 2.081210000000000004e-01 5.670000000000000127e-04 -2.295999999999999864e-03 3.130000000000000187e-04 2.799999999999999755e-04 2.999999999999999737e-04
1.080900000000000000e+09 2.074259999999999993e-01 7.889999999999999878e-04 -1.314000000000000064e-03 3.280000000000000038e-04 2.709999999999999735e-04 2.770000000000000110e-04
1.084200000000000000e+09 2.062380000000000047e-01 8.729999999999999696e-04 -2.249000000000000131e-03 3.319999999999999926e-04 3.040000000000000167e-04 3.319999999999999926e-04
1.094200000000000000e+09 2.066780000000000006e-01 4.530000000000000064e-04 -2.165999999999999957e-03 3.800000000000000209e-04 3.600000000000000227e-04 3.049999999999999868e-04
1.097600000000000000e+09 2.061880000000000102e-01 1.353999999999999952e-03 -1.508000000000000009e-03 3.080000000000000055e-04 2.840000000000000185e-04 2.999999999999999737e-04
1.099200000000000000e+09 2.053230000000000055e-01 6.139999999999999625e-04 -1.425999999999999967e-03 3.260000000000000094e-04 3.020000000000000223e-04 2.559999999999999884e-04
1.100900000000000000e+09 2.050359999999999960e-01 1.311000000000000099e-03 -1.376999999999999969e-03 4.220000000000000118e-04 3.699999999999999947e-04 4.440000000000000045e-04
1.109300000000000000e+09 2.065249999999999864e-01 1.051999999999999984e-03 -1.510000000000000057e-03 3.119999999999999944e-04 3.029999999999999924e-04 2.770000000000000110e-04
1.110900000000000000e+09 2.052440000000000098e-01 1.015999999999999976e-03 -1.438000000000000042e-03 3.800000000000000209e-04 3.440000000000000132e-04 3.280000000000000038e-04
1.117600000000000000e+09 2.053929999999999922e-01 8.700000000000000051e-04 -1.482000000000000027e-03 3.040000000000000167e-04 2.809999999999999998e-04 2.990000000000000036e-04
1.119300000000000000e+09 2.059789999999999954e-01 6.409999999999999682e-04 -1.299999999999999940e-03 3.159999999999999832e-04 2.599999999999999772e-04 2.759999999999999867e-04
1.121000000000000000e+09 2.055770000000000097e-01 6.440000000000000412e-04 -1.157999999999999958e-03 2.820000000000000241e-04 2.680000000000000090e-04 2.829999999999999942e-04
1.126000000000000000e+09 2.046840000000000048e-01 1.160000000000000007e-03 -1.587000000000000086e-03 3.319999999999999926e-04 3.609999999999999928e-04 3.249999999999999851e-04
1.129300000000000000e+09 2.047589999999999966e-01 -1.720000000000000066e-04 -8.260000000000000198e-04 3.600000000000000227e-04 3.069999999999999812e-04 2.860000000000000129e-04
1.131000000000000000e+09 2.041489999999999971e-01 1.900000000000000105e-05 -1.209000000000000005e-03 3.029999999999999924e-04 2.829999999999999942e-04 2.680000000000000090e-04
1.132700000000000000e+09 2.042400000000000049e-01 6.009999999999999717e-04 -1.185999999999999988e-03 2.829999999999999942e-04 2.649999999999999903e-04 2.770000000000000110e-04
1.134400000000000000e+09 2.041360000000000119e-01 2.210000000000000050e-04 -1.214000000000000018e-03 3.420000000000000188e-04 2.799999999999999755e-04 2.700000000000000035e-04
1.142700000000000000e+09 2.048929999999999918e-01 1.010000000000000020e-04 -1.843000000000000020e-03 3.220000000000000206e-04 2.669999999999999847e-04 2.790000000000000054e-04
1.146100000000000000e+09 2.035540000000000127e-01 3.629999999999999872e-04 -5.339999999999999695e-04 4.040000000000000080e-04 3.330000000000000169e-04 3.400000000000000244e-04
1.152700000000000000e+09 2.025139999999999996e-01 4.229999999999999819e-04 -1.028000000000000051e-03 3.170000000000000075e-04 3.060000000000000111e-04 2.849999999999999886e-04
1.154400000000000000e+09 2.035770000000000080e-01 2.910000000000000260e-04 -1.446000000000000020e-03 2.770000000000000110e-04 3.049999999999999868e-04 2.930000000000000204e-04
1.159400000000000000e+09 2.033909999999999885e-01 6.949999999999999798e-04 -1.288000000000000082e-03 3.429999999999999889e-04 2.930000000000000204e-04 2.709999999999999735e-04
1.164400000000000000e+09 2.017349999999999977e-01 2.719999999999999979e-04 -9.879999999999999460e-04 3.359999999999999814e-04 3.150000000000000131e-04 2.880000000000000073e-04
1.166100000000000000e+09 2.019710000000000116e-01 5.699999999999999772e-04 -9.940000000000000918e-04 3.269999999999999795e-04 2.999999999999999737e-04 2.809999999999999998e-04
1.167800000000000000e+09 2.019489999999999896e-01 7.410000000000000137e-04 -9.100000000000000016e-04 3.770000000000000022e-04 3.020000000000000223e-04 3.319999999999999926e-04
1.184500000000000000e+09 2.021439999999999904e-01 1.060000000000000016e-04 -5.959999999999999586e-04 4.650000000000000270e-04 4.270000000000000249e-04 3.829999999999999854e-04
1.186200000000000000e+09 2.019940000000000069e-01 2.210000000000000050e-04 -8.409999999999999507e-04 3.359999999999999814e-04 3.119999999999999944e-04 2.739999999999999923e-04
1.187900000000000000e+09 2.009789999999999910e-01 1.221999999999999996e-03 -6.340000000000000149e-04 3.130000000000000187e-04 2.970000000000000092e-04 2.629999999999999959e-04
1.214600000000000000e+09 2.008900000000000130e-01 5.469999999999999602e-04 -4.859999999999999954e-04 4.209999999999999875e-04 3.229999999999999907e-04 3.530000000000000152e-04
1.217900000000000000e+09 1.985409999999999953e-01 -6.299999999999999990e-05 -9.640000000000000131e-04 3.550000000000000096e-04 2.739999999999999923e-04 3.040000000000000167e-04
1.219600000000000000e+09 1.995879999999999876e-01 6.409999999999999682e-04 -8.229999999999999469e-04 3.530000000000000152e-04 3.240000000000000150e-04 2.820000000000000241e-04
1.221300000000000000e+09 1.988920000000000132e-01 2.599999999999999772e-04 -4.800000000000000122e-04 3.620000000000000171e-04 3.319999999999999926e-04 3.249999999999999851e-04
1.233000000000000000e+09 1.980570000000000108e-01 8.779999999999999827e-04 -6.440000000000000412e-04 3.910000000000000172e-04 3.390000000000000001e-04 3.209999999999999963e-04
1.234700000000000000e+09 1.990119999999999945e-01 6.980000000000000527e-04 -1.502000000000000080e-03 4.029999999999999837e-04 3.029999999999999924e-04 2.930000000000000204e-04
1.236300000000000000e+09 1.986799999999999955e-01 7.249999999999999500e-04 -8.949999999999999623e-04 3.510000000000000208e-04 2.869999999999999830e-04 3.260000000000000094e-04
1.238000000000000000e+09 1.988890000000000102e-01 4.920000000000000328e-04 -1.570999999999999914e-03 3.460000000000000076e-04 3.159999999999999832e-04 2.910000000000000260e-04
1.241400000000000000e+09 1.984279999999999933e-01 4.499999999999999877e-04 -1.356000000000000000e-03 3.800000000000000209e-04 3.530000000000000152e-04 3.150000000000000131e-04
1.244700000000000000e+09 1.988389999999999880e-01 8.899999999999999491e-04 -1.160000000000000007e-03 5.280000000000000405e-04 3.879999999999999985e-04 3.710000000000000190e-04
1.251400000000000000e+09 1.985280000000000100e-01 1.441999999999999922e-03 -4.150000000000000043e-04 3.049999999999999868e-04 2.880000000000000073e-04 2.669999999999999847e-04
1.253100000000000000e+09 1.965760000000000007e-01 1.247000000000000062e-03 -6.070000000000000092e-04 3.840000000000000097e-04 3.130000000000000187e-04 2.910000000000000260e-04
1.256400000000000000e+09 1.969269999999999909e-01 1.013000000000000012e-03 -5.630000000000000239e-04 3.119999999999999944e-04 2.950000000000000148e-04 2.730000000000000222e-04
1.288200000000000000e+09 1.961809999999999943e-01 1.046000000000000055e-03 -2.889999999999999774e-04 5.710000000000000015e-04 5.689999999999999529e-04 5.869999999999999567e-04
1.291500000000000000e+09 1.946789999999999909e-01 1.742000000000000059e-03 -1.257000000000000088e-03 5.400000000000000069e-04 5.689999999999999529e-04 4.979999999999999618e-04
1.294900000000000000e+09 1.964809999999999890e-01 2.033000000000000085e-03 -9.139999999999999904e-04 3.049999999999999868e-04 2.530000000000000239e-04 2.660000000000000146e-04
1.296500000000000000e+09 1.949569999999999914e-01 1.958000000000000105e-03 -8.869999999999999846e-04 2.990000000000000036e-04 2.790000000000000054e-04 2.680000000000000090e-04
1.298200000000000000e+09 1.951019999999999976e-01 2.651999999999999844e-03 -1.500000000000000038e-05 2.820000000000000241e-04 2.739999999999999923e-04 2.570000000000000127e-04
1.299900000000000000e+09 1.953519999999999979e-01 1.742000000000000059e-03 -7.590000000000000175e-04 2.999999999999999737e-04 2.739999999999999923e-04 2.660000000000000146e-04
1.301500000000000000e+09 1.947059999999999902e-01 1.796000000000000070e-03 -4.070000000000000267e-04 2.790000000000000054e-04 2.790000000000000054e-04 2.820000000000000241e-04
1.303200000000000000e+09 1.948370000000000102e-01 2.394999999999999993e-03 -9.629999999999999888e-04 2.919999999999999961e-04 2.689999999999999791e-04 2.820000000000000241e-04
1.304900000000000000e+09 1.947290000000000132e-01 2.118000000000000091e-03 -7.299999999999999632e-04 2.649999999999999903e-04 2.709999999999999735e-04 2.390000000000000089e-04
1.306600000000000000e+09 1.946209999999999885e-01 2.191999999999999938e-03 -4.739999999999999747e-04 2.429999999999999977e-04 2.509999999999999753e-04 2.480000000000000108e-04
1.308200000000000000e+09 1.948219999999999952e-01 2.053000000000000137e-03 -7.399999999999999894e-04 2.359999999999999902e-04 2.380000000000000117e-04 2.489999999999999809e-04
1.309900000000000000e+09 1.945699999999999930e-01 2.455999999999999850e-03 -7.249999999999999500e-04 2.559999999999999884e-04 2.700000000000000035e-04 2.469999999999999865e-04
1.311600000000000000e+09 1.940040000000000098e-01 2.432000000000000134e-03 -1.044999999999999922e-03 2.509999999999999753e-04 2.530000000000000239e-04 2.390000000000000089e-04
1.313200000000000000e+09 1.946730000000000127e-01 1.683999999999999950e-03 -7.230000000000000098e-04 2.759999999999999867e-04 2.719999999999999979e-04 2.629999999999999959e-04
1.314900000000000000e+09 1.938719999999999888e-01 2.184999999999999876e-03 -5.699999999999999772e-04 2.689999999999999791e-04 2.390000000000000089e-04 2.689999999999999791e-04
1.316600000000000000e+09 1.942270000000000107e-01 2.037999999999999881e-03 -6.909999999999999910e-04 2.400000000000000061e-04 2.410000000000000033e-04 2.550000000000000183e-04
1.318300000000000000e+09 1.942379999999999940e-01 2.145999999999999904e-03 -6.359999999999999551e-04 2.660000000000000146e-04 2.480000000000000108e-04 2.439999999999999949e-04
1.319900000000000000e+09 1.935699999999999921e-01 2.295000000000000165e-03 -5.879999999999999810e-04 2.770000000000000110e-04 2.620000000000000258e-04 2.820000000000000241e-04
1.321600000000000000e+09 1.935669999999999891e-01 2.402000000000000055e-03 -8.009999999999999542e-04 2.709999999999999735e-04 2.509999999999999753e-04 2.410000000000000033e-04
1.323300000000000000e+09 1.944879999999999942e-01 2.325999999999999943e-03 -7.960000000000000495e-04 2.429999999999999977e-04 2.620000000000000258e-04 2.439999999999999949e-04
1.324900000000000000e+09 1.941620000000000013e-01 2.235000000000000007e-03 -3.559999999999999797e-04 2.410000000000000033e-04 2.329999999999999986e-04 2.559999999999999884e-04
1.326600000000000000e+09 1.936539999999999928e-01 1.879999999999999944e-03 -5.569999999999999864e-04 2.869999999999999830e-04 2.570000000000000127e-04 2.779999999999999811e-04
1.328300000000000000e+09 1.936569999999999958e-01 1.758000000000000014e-03 -1.160000000000000007e-03 2.469999999999999865e-04 2.629999999999999959e-04 2.660000000000000146e-04
1.330000000000000000e+09 1.937029999999999863e-01 2.190999999999999805e-03 -1.147999999999999932e-03 2.599999999999999772e-04 2.500000000000000052e-04 2.429999999999999977e-04
1.331600000000000000e+09 1.932699999999999974e-01 2.047000000000000208e-03 -8.140000000000000534e-04 2.439999999999999949e-04 2.530000000000000239e-04 2.500000000000000052e-04
1.333300000000000000e+09 1.935070000000000123e-01 2.024000000000000191e-03 -1.059000000000000045e-03 2.369999999999999874e-04 2.190000000000000106e-04 2.359999999999999902e-04
1.335000000000000000e+09 1.929770000000000096e-01 1.892000000000000019e-03 -1.051999999999999984e-03 2.559999999999999884e-04 2.420000000000000005e-04 2.559999999999999884e-04
1.336700000000000000e+09 1.926630000000000009e-01 2.193000000000000071e-03 -5.500000000000000331e-04 2.640000000000000202e-04 2.349999999999999930e-04 2.629999999999999959e-04
1.338300000000000000e+09 1.936539999999999928e-01 2.171999999999999886e-03 -2.939999999999999905e-04 2.380000000000000117e-04 2.750000000000000166e-04 2.329999999999999986e-04
1.340000000000000000e+09 1.931340000000000001e-01 2.147000000000000037e-03 -4.690000000000000158e-04 2.700000000000000035e-04 2.610000000000000015e-04 2.469999999999999865e-04
1.341700000000000000e+09 1.931599999999999984e-01 2.501000000000000185e-03 -6.480000000000000300e-04 2.570000000000000127e-04 2.439999999999999949e-04 2.339999999999999958e-04
1.343300000000000000e+09 1.926150000000000084e-01 2.145999999999999904e-03 -3.579999999999999741e-04 2.689999999999999791e-04 2.480000000000000108e-04 2.429999999999999977e-04
1.345000000000000000e+09 1.927500000000000047e-01 2.345999999999999995e-03 -6.080000000000000335e-04 2.509999999999999753e-04 2.349999999999999930e-04 2.439999999999999949e-04
1.346700000000000000e+09 1.928960000000000119e-01 1.944999999999999897e-03 -4.369999999999999970e-04 2.429999999999999977e-04 2.570000000000000127e-04 2.469999999999999865e-04
1.348400000000000000e+09 1.923999999999999877e-01 1.698999999999999989e-03 -4.220000000000000118e-04 2.469999999999999865e-04 2.290000000000000098e-04 2.590000000000000071e-04
1.350000000000000000e+09 1.927470000000000017e-01 1.833999999999999910e-03 -5.410000000000000312e-04 2.480000000000000108e-04 2.719999999999999979e-04 2.390000000000000089e-04
1.351700000000000000e+09 1.929099999999999981e-01 2.252999999999999794e-03 -8.760000000000000425e-04 2.640000000000000202e-04 2.539999999999999940e-04 2.489999999999999809e-04
1.353400000000000000e+09 1.922969999999999957e-01 2.148000000000000170e-03 -9.640000000000000131e-04 2.359999999999999902e-04 2.290000000000000098e-04 2.480000000000000108e-04
1.355000000000000000e+09 1.924230000000000107e-01 2.177999999999999815e-03 -4.609999999999999840e-04 2.550000000000000183e-04 2.700000000000000035e-04 2.220000000000000022e-04
1.356700000000000000e+09 1.918120000000000103e-01 2.223000000000000149e-03 -8.869999999999999846e-04 2.649999999999999903e-04 2.390000000000000089e-04 2.500000000000000052e-04
1.358400000000000000e+09 1.918219999999999925e-01 1.961000000000000069e-03 -1.005000000000000034e-03 2.649999999999999903e-04 2.180000000000000134e-04 2.570000000000000127e-04
1.360100000000000000e+09 1.921170000000000100e-01 1.704999999999999918e-03 -8.270000000000000441e-04 2.400000000000000061e-04 2.460000000000000164e-04 2.349999999999999930e-04
1.361700000000000000e+09 1.927490000000000037e-01 1.876999999999999979e-03 -7.879999999999999635e-04 2.599999999999999772e-04 2.530000000000000239e-04 2.400000000000000061e-04
1.363400000000000000e+09 1.919210000000000083e-01 2.409000000000000117e-03 -7.799999999999999859e-04 2.730000000000000222e-04 2.329999999999999986e-04 2.290000000000000098e-04
1.365100000000000000e+09 1.916430000000000078e-01 1.886000000000000090e-03 -9.920000000000000432e-04 2.709999999999999735e-04 2.320000000000000014e-04 2.359999999999999902e-04
1.366700000000000000e+09 1.918229999999999935e-01 1.631000000000000071e-03 -5.280000000000000405e-04 2.750000000000000166e-04 2.380000000000000117e-04 2.390000000000000089e-04
1.368400000000000000e+09 1.919790000000000108e-01 1.520000000000000084e-03 -5.299999999999999807e-04 2.320000000000000014e-04 2.599999999999999772e-04 2.439999999999999949e-04
1.370100000000000000e+09 1.913710000000000133e-01 1.988000000000000184e-03 -5.929999999999999941e-04 2.530000000000000239e-04 2.400000000000000061e-04 2.460000000000000164e-04
1.371800000000000000e+09 1.916180000000000105e-01 1.824000000000000100e-03 -1.064000000000000059e-03 2.539999999999999940e-04 2.420000000000000005e-04 2.709999999999999735e-04
1.373400000000000000e+09 1.911680000000000046e-01 2.364000000000000216e-03 -4.369999999999999970e-04 2.489999999999999809e-04 2.429999999999999977e-04 2.380000000000000117e-04
1.375100000000000000e+09 1.915469999999999950e-01 2.262999999999999821e-03 -7.050000000000000060e-04 2.680000000000000090e-04 2.550000000000000183e-04 2.429999999999999977e-04
1.376800000000000000e+09 1.912040000000000128e-01 1.657000000000000053e-03 -7.619999999999999820e-04 2.489999999999999809e-04 2.509999999999999753e-04 2.480000000000000108e-04
1.378400000000000000e+09 1.916410000000000058e-01 2.177000000000000116e-03 -1.023000000000000038e-03 2.759999999999999867e-04 2.620000000000000258e-04 2.489999999999999809e-04
1.380100000000000000e+09 1.906220000000000137e-01 2.377999999999999906e-03 -2.120000000000000031e-04 2.770000000000000110e-04 2.700000000000000035e-04 2.790000000000000054e-04
1.381800000000000000e+09 1.902510000000000034e-01 1.962000000000000202e-03 -8.540000000000000499e-04 2.809999999999999998e-04 2.950000000000000148e-04 2.620000000000000258e-04
1.383500000000000000e+09 1.914099999999999968e-01 1.832000000000000078e-03 -7.370000000000000249e-04 2.610000000000000015e-04 2.410000000000000033e-04 2.410000000000000033e-04
1.385100000000000000e+09 1.913390000000000091e-01 2.164000000000000125e-03 -7.420000000000000380e-04 2.429999999999999977e-04 2.400000000000000061e-04 2.429999999999999977e-04
1.386800000000000000e+09 1.905560000000000032e-01 1.802999999999999915e-03 -7.429999999999999539e-04 2.349999999999999930e-04 2.599999999999999772e-04 2.300000000000000070e-04
1.388500000000000000e+09 1.908990000000000131e-01 1.693000000000000060e-03 -8.440000000000000236e-04 2.359999999999999902e-04 2.329999999999999986e-04 2.539999999999999940e-04
1.390200000000000000e+09 1.905930000000000124e-01 1.837000000000000091e-03 -4.060000000000000024e-04 2.519999999999999996e-04 2.509999999999999753e-04 2.410000000000000033e-04
1.391800000000000000e+09 1.906210000000000127e-01 2.141999999999999807e-03 -2.950000000000000148e-04 2.489999999999999809e-04 2.429999999999999977e-04 2.280000000000000126e-04
1.393500000000000000e+09 1.906970000000000054e-01 2.203000000000000097e-03 -4.699999999999999859e-04 2.320000000000000014e-04 2.249999999999999938e-04 2.500000000000000052e-04
1.395200000000000000e+09 1.905660000000000132e-01 2.577999999999999996e-03 -2.959999999999999849e-04 2.489999999999999809e-04 2.700000000000000035e-04 2.429999999999999977e-04
1.396800000000000000e+09 1.905640000000000112e-01 2.370999999999999844e-03 -5.240000000000000517e-04 2.339999999999999958e-04 2.249999999999999938e-04 2.429999999999999977e-04
1.398500000000000000e+09 1.898940000000000072e-01 1.685000000000000083e-03 -5.190000000000000386e-04 2.559999999999999884e-04 2.500000000000000052e-04 2.629999999999999959e-04
1.400200000000000000e+09 1.905070000000000097e-01 1.732000000000000033e-03 -6.989999999999999686e-04 2.290000000000000098e-04 2.649999999999999903e-04 2.469999999999999865e-04
1.401900000000000000e+09 1.905119999999999869e-01 2.066999999999999827e-03 -4.739999999999999747e-04 2.709999999999999735e-04 2.369999999999999874e-04 2.380000000000000117e-04
1.403500000000000000e+09 1.904160000000000019e-01 2.105999999999999799e-03 -3.780000000000000265e-04 2.489999999999999809e-04 2.449999999999999921e-04 2.349999999999999930e-04
1.405200000000000000e+09 1.901049999999999962e-01 2.076999999999999853e-03 -1.510000000000000112e-04 2.310000000000000042e-04 2.420000000000000005e-04 2.329999999999999986e-04
1.406900000000000000e+09 1.901430000000000065e-01 2.148999999999999869e-03 -9.399999999999999719e-04 2.620000000000000258e-04 2.509999999999999753e-04 2.369999999999999874e-04
1.408500000000000000e+09 1.903350000000000042e-01 2.049000000000000040e-03 -7.280000000000000230e-04 2.380000000000000117e-04 2.410000000000000033e-04 2.310000000000000042e-04
1.410200000000000000e+09 1.895620000000000083e-01 1.913999999999999903e-03 -4.640000000000000027e-04 2.550000000000000183e-04 2.599999999999999772e-04 2.439999999999999949e-04
1.411900000000000000e+09 1.897580000000000100e-01 1.975000000000000193e-03 -6.459999999999999814e-04 2.660000000000000146e-04 2.590000000000000071e-04 2.489999999999999809e-04
1.413600000000000000e+09 1.900959999999999872e-01 1.758000000000000014e-03 -5.770000000000000389e-04 2.439999999999999949e-04 2.610000000000000015e-04 2.620000000000000258e-04
1.415200000000000000e+09 1.899309999999999887e-01 2.345999999999999995e-03 -6.040000000000000447e-04 2.640000000000000202e-04 2.400000000000000061e-04 2.339999999999999958e-04
1.416900000000000000e+09 1.896980000000000055e-01 2.256000000000000193e-03 -7.209999999999999612e-04 2.539999999999999940e-04 2.550000000000000183e-04 2.550000000000000183e-04
1.423600000000000000e+09 1.898050000000000015e-01 2.220999999999999884e-03 -3.480000000000000020e-04 2.400000000000000061e-04 2.509999999999999753e-04 2.460000000000000164e-04
1.425300000000000000e+09 1.891589999999999938e-01 2.560999999999999908e-03 -3.499999999999999964e-04 2.559999999999999884e-04 2.570000000000000127e-04 2.469999999999999865e-04
1.426900000000000000e+09 1.892530000000000046e-01 1.657000000000000053e-03 -4.169999999999999987e-04 2.239999999999999966e-04 2.449999999999999921e-04 2.410000000000000033e-04
1.428600000000000000e+09 1.893509999999999915e-01 2.181000000000000213e-03 -4.800000000000000122e-04 2.349999999999999930e-04 2.410000000000000033e-04 2.339999999999999958e-04
1.430300000000000000e+09 1.891849999999999921e-01 1.930999999999999991e-03 -9.699999999999999963e-05 2.689999999999999791e-04 2.579999999999999828e-04 2.400000000000000061e-04
1.431900000000000000e+09 1.887800000000000034e-01 1.446999999999999936e-03 -4.979999999999999618e-04 2.840000000000000185e-04 2.439999999999999949e-04 2.349999999999999930e-04
1.433600000000000000e+09 1.888319999999999999e-01 2.046000000000000076e-03 -4.440000000000000045e-04 2.280000000000000126e-04 2.390000000000000089e-04 2.410000000000000033e-04
1.435300000000000000e+09 1.887030000000000096e-01 1.626000000000000058e-03 -2.889999999999999774e-04 2.449999999999999921e-04 2.590000000000000071e-04 2.429999999999999977e-04
1.437000000000000000e+09 1.887439999999999951e-01 1.753000000000000001e-03 -2.390000000000000089e-04 2.500000000000000052e-04 2.320000000000000014e-04 2.620000000000000258e-04
1.438600000000000000e+09 1.887810000000000044e-01 1.281000000000000021e-03 -5.029999999999999749e-04 2.530000000000000239e-04 2.519999999999999996e-04 2.359999999999999902e-04
1.440300000000000000e+09 1.887629999999999864e-01 1.435999999999999993e-03 -6.199999999999999999e-04 2.400000000000000061e-04 2.400000000000000061e-04 2.660000000000000146e-04
1.442000000000000000e+09 1.886829999999999896e-01 1.693999999999999976e-03 -4.769999999999999934e-04 2.660000000000000146e-04 2.539999999999999940e-04 2.259999999999999910e-04
1.443700000000000000e+09 1.885330000000000061e-01 1.579000000000000108e-03 -6.470000000000000057e-04 2.640000000000000202e-04 2.439999999999999949e-04 2.349999999999999930e-04
1.445300000000000000e+09 1.888390000000000069e-01 2.426000000000000205e-03 -7.590000000000000175e-04 2.599999999999999772e-04 2.750000000000000166e-04 2.599999999999999772e-04
1.447000000000000000e+09 1.884240000000000081e-01 2.014999999999999864e-03 -4.749999999999999990e-04 2.530000000000000239e-04 2.489999999999999809e-04 2.660000000000000146e-04
1.448700000000000000e+09 1.883120000000000072e-01 1.935000000000000088e-03 -3.530000000000000152e-04 2.239999999999999966e-04 2.449999999999999921e-04 2.579999999999999828e-04
1.450300000000000000e+09 1.879909999999999914e-01 1.955000000000000140e-03 -4.409999999999999858e-04 2.550000000000000183e-04 2.509999999999999753e-04 2.460000000000000164e-04
1.452000000000000000e+09 1.881369999999999987e-01 1.614999999999999899e-03 -5.869999999999999567e-04 2.530000000000000239e-04 2.570000000000000127e-04 2.439999999999999949e-04
1.453700000000000000e+09 1.878900000000000015e-01 1.969999999999999963e-03 -7.119999999999999593e-04 2.629999999999999959e-04 2.519999999999999996e-04 2.739999999999999923e-04
1.455400000000000000e+09 1.879129999999999967e-01 2.011999999999999900e-03 -4.920000000000000328e-04 2.660000000000000146e-04 2.590000000000000071e-04 2.359999999999999902e-04
1.457000000000000000e+09 1.878239999999999910e-01 1.828999999999999897e-03 -5.460000000000000443e-04 2.570000000000000127e-04 2.400000000000000061e-04 2.369999999999999874e-04
1.458700000000000000e+09 1.880120000000000124e-01 1.655999999999999920e-03 -5.500000000000000331e-04 2.629999999999999959e-04 2.329999999999999986e-04 2.200000000000000078e-04
1.460400000000000000e+09 1.878100000000000047e-01 1.861999999999999940e-03 -4.609999999999999840e-04 2.620000000000000258e-04 2.460000000000000164e-04 2.420000000000000005e-04
1.462000000000000000e+09 1.876869999999999927e-01 1.704000000000000003e-03 -1.659999999999999963e-04 2.359999999999999902e-04 2.509999999999999753e-04 2.410000000000000033e-04
1.463700000000000000e+09 1.876160000000000050e-01 1.587000000000000086e-03 -5.900000000000000296e-04 2.530000000000000239e-04 2.349999999999999930e-04 2.460000000000000164e-04
1.465400000000000000e+09 1.872590000000000088e-01 2.057999999999999934e-03 -3.029999999999999924e-04 2.469999999999999865e-04 2.500000000000000052e-04 2.570000000000000127e-04
1.467100000000000000e+09 1.877890000000000115e-01 1.863999999999999988e-03 -3.499999999999999964e-04 2.469999999999999865e-04 2.570000000000000127e-04 2.629999999999999959e-04
1.468700000000000000e+09 1.874280000000000113e-01 1.498999999999999898e-03 -1.097000000000000102e-03 2.599999999999999772e-04 2.509999999999999753e-04 2.489999999999999809e-04
1.470400000000000000e+09 1.871379999999999988e-01 1.765000000000000076e-03 -3.249999999999999851e-04 2.429999999999999977e-04 2.339999999999999958e-04 2.310000000000000042e-04
1.472100000000000000e+09 1.872729999999999950e-01 1.317999999999999944e-03 -2.730000000000000222e-04 2.280000000000000126e-04 2.610000000000000015e-04 2.660000000000000146e-04
1.473700000000000000e+09 1.868329999999999991e-01 1.165000000000000020e-03 -7.470000000000000511e-04 2.539999999999999940e-04 2.509999999999999753e-04 2.590000000000000071e-04
1.475400000000000000e+09 1.869609999999999883e-01 1.404000000000000083e-03 -4.429999999999999802e-04 2.889999999999999774e-04 2.460000000000000164e-04 2.460000000000000164e-04
1.477100000000000000e+09 1.870489999999999930e-01 1.701000000000000038e-03 -4.040000000000000080e-04 2.790000000000000054e-04 2.680000000000000090e-04 2.500000000000000052e-04
1.478800000000000000e+09 1.871379999999999988e-01 1.165999999999999936e-03 -6.800000000000000488e-04 2.410000000000000033e-04 2.709999999999999735e-04 2.439999999999999949e-04
1.480400000000000000e+09 1.868740000000000123e-01 1.735999999999999913e-03 -3.840000000000000097e-04 2.369999999999999874e-04 2.239999999999999966e-04 2.310000000000000042e-04
1.482100000000000000e+09 1.868559999999999943e-01 1.270999999999999994e-03 2.000000000000000164e-05 2.509999999999999753e-04 2.329999999999999986e-04 2.559999999999999884e-04
1.483800000000000000e+09 1.867880000000000096e-01 1.317000000000000028e-03 -1.530000000000000056e-04 2.579999999999999828e-04 2.429999999999999977e-04 2.570000000000000127e-04
1.485400000000000000e+09 1.867119999999999891e-01 7.699999999999999597e-04 -4.960000000000000216e-04 2.489999999999999809e-04 2.739999999999999923e-04 2.709999999999999735e-04
1.487100000000000000e+09 1.867119999999999891e-01 1.164000000000000104e-03 -5.360000000000000181e-04 2.519999999999999996e-04 2.449999999999999921e-04 2.449999999999999921e-04
1.488800000000000000e+09 1.867270000000000041e-01 9.100000000000000016e-04 -7.010000000000000172e-04 2.500000000000000052e-04 2.660000000000000146e-04 2.509999999999999753e-04
1.490500000000000000e+09 1.866009999999999891e-01 1.111999999999999924e-03 4.000000000000000327e-05 2.590000000000000071e-04 2.669999999999999847e-04 2.519999999999999996e-04
1.492100000000000000e+09 1.867759999999999976e-01 8.159999999999999936e-04 -2.770000000000000110e-04 2.620000000000000258e-04 2.509999999999999753e-04 2.420000000000000005e-04
1.493800000000000000e+09 1.863819999999999921e-01 1.077000000000000049e-03 -2.220000000000000022e-04 2.590000000000000071e-04 2.660000000000000146e-04 2.380000000000000117e-04
1.495500000000000000e+09 1.868769999999999876e-01 1.182000000000000108e-03 -2.770000000000000110e-04 2.329999999999999986e-04 2.539999999999999940e-04 2.519999999999999996e-04
1.497200000000000000e+09 1.858080000000000009e-01 1.155999999999999910e-03 -4.719999999999999803e-04 2.739999999999999923e-04 2.420000000000000005e-04 2.509999999999999753e-04
1.498800000000000000e+09 1.859230000000000049e-01 6.210000000000000242e-04 -2.840000000000000185e-04 2.640000000000000202e-04 2.579999999999999828e-04 2.489999999999999809e-04
1.500500000000000000e+09 1.864580000000000126e-01 6.780000000000000002e-04 -1.579999999999999916e-04 2.320000000000000014e-04 2.539999999999999940e-04 2.420000000000000005e-04
1.502200000000000000e+09 1.859449999999999992e-01 7.640000000000000306e-04 -1.140000000000000063e-04 2.359999999999999902e-04 2.599999999999999772e-04 2.349999999999999930e-04
1.503800000000000000e+09 1.861359999999999959e-01 7.489999999999999913e-04 -7.999999999999999638e-06 2.439999999999999949e-04 2.329999999999999986e-04 2.439999999999999949e-04
1.505500000000000000e+09 1.855819999999999970e-01 1.327000000000000055e-03 -7.820000000000000345e-04 2.449999999999999921e-04 2.390000000000000089e-04 2.500000000000000052e-04
1.507200000000000000e+09 1.859210000000000029e-01 9.550000000000000112e-04 2.799999999999999958e-05 2.590000000000000071e-04 2.620000000000000258e-04 2.530000000000000239e-04
1.508900000000000000e+09 1.857930000000000137e-01 1.183999999999999940e-03 -2.699999999999999899e-05 2.579999999999999828e-04 2.509999999999999753e-04 2.359999999999999902e-04
1.510500000000000000e+09 1.858420000000000072e-01 9.349999999999999587e-04 -2.840000000000000185e-04 2.559999999999999884e-04 2.329999999999999986e-04 2.480000000000000108e-04
1.512200000000000000e+09 1.851639999999999953e-01 8.040000000000000271e-04 -2.959999999999999849e-04 2.629999999999999959e-04 2.380000000000000117e-04 2.439999999999999949e-04
1.513900000000000000e+09 1.852429999999999910e-01 7.500000000000000156e-04 1.050000000000000044e-04 2.660000000000000146e-04 2.559999999999999884e-04 2.290000000000000098e-04
1.515500000000000000e+09 1.855600000000000027e-01 6.080000000000000335e-04 1.959999999999999937e-04 2.599999999999999772e-04 2.460000000000000164e-04 2.689999999999999791e-04
1.517200000000000000e+09 1.857820000000000027e-01 4.840000000000000010e-04 9.399999999999999448e-05 2.429999999999999977e-04 2.660000000000000146e-04 2.380000000000000117e-04
1.518900000000000000e+09 1.851579999999999893e-01 4.490000000000000176e-04 -1.200000000000000030e-05 2.700000000000000035e-04 2.559999999999999884e-04 2.420000000000000005e-04
1.520600000000000000e+09 1.851349999999999940e-01 9.719999999999999907e-04 -2.500000000000000052e-04 2.539999999999999940e-04 2.249999999999999938e-04 2.320000000000000014e-04
1.522200000000000000e+09 1.857679999999999887e-01 5.140000000000000254e-04 -7.280000000000000230e-04 2.590000000000000071e-04 2.339999999999999958e-04 2.410000000000000033e-04
1.544000000000000000e+09 1.844030000000000113e-01 5.779999999999999548e-04 6.539999999999999590e-04 7.730000000000000326e-04 5.739999999999999660e-04 5.249999999999999676e-04
1.557300000000000000e+09 1.834639999999999882e-01 -1.800000000000000113e-04 -1.090000000000000067e-04 3.780000000000000265e-04 3.150000000000000131e-04 3.690000000000000246e-04
1.565700000000000000e+09 1.839979999999999949e-01 -6.819999999999999890e-04 2.180000000000000134e-04 3.420000000000000188e-04 2.669999999999999847e-04 2.919999999999999961e-04
1.567400000000000000e+09 1.847340000000000093e-01 1.849999999999999973e-04 8.270000000000000441e-04 3.080000000000000055e-04 2.750000000000000166e-04 2.689999999999999791e-04
1.582400000000000000e+09 1.836969999999999992e-01 -4.100000000000000047e-05 8.829999999999999958e-04 3.570000000000000040e-04 2.880000000000000073e-04 2.840000000000000185e-04
1.592400000000000000e+09 1.830650000000000055e-01 -1.230000000000000082e-04 8.000000000000000383e-04 4.249999999999999763e-04 4.090000000000000211e-04 3.930000000000000117e-04
1.595800000000000000e+09 1.819580000000000086e-01 -5.330000000000000536e-04 3.330000000000000169e-04 3.550000000000000096e-04 2.950000000000000148e-04 2.930000000000000204e-04
1.607500000000000000e+09 1.822759999999999936e-01 -2.979999999999999793e-04 6.139999999999999625e-04 2.820000000000000241e-04 2.669999999999999847e-04 2.669999999999999847e-04
1.609200000000000000e+09 1.820549999999999946e-01 -2.259999999999999910e-04 2.979999999999999793e-04 2.390000000000000089e-04 2.390000000000000089e-04 2.390000000000000089e-04
1.610800000000000000e+09 1.822070000000000078e-01 2.400000000000000061e-04 2.439999999999999949e-04 2.489999999999999809e-04 2.509999999999999753e-04 2.599999999999999772e-04
1.612500000000000000e+09 1.816379999999999939e-01 -1.879999999999999890e-04 1.224999999999999960e-03 2.489999999999999809e-04 2.429999999999999977e-04 2.439999999999999949e-04
1.614200000000000000e+09 1.821639999999999926e-01 -3.770000000000000022e-04 5.699999999999999772e-04 2.460000000000000164e-04 2.329999999999999986e-04 2.460000000000000164e-04
1.615900000000000000e+09 1.814910000000000134e-01 -5.300000000000000078e-05 7.439999999999999782e-04 2.599999999999999772e-04 2.390000000000000089e-04 2.359999999999999902e-04
1.617500000000000000e+09 1.806879999999999875e-01 -6.189999999999999756e-04 3.690000000000000246e-04 2.590000000000000071e-04 2.420000000000000005e-04 2.429999999999999977e-04
1.629200000000000000e+09 1.807549999999999990e-01 -3.780000000000000265e-04 7.649999999999999465e-04 2.480000000000000108e-04 2.369999999999999874e-04 2.579999999999999828e-04
1.630900000000000000e+09 1.808919999999999972e-01 -1.369999999999999961e-04 7.659999999999999708e-04 2.489999999999999809e-04 2.489999999999999809e-04 2.509999999999999753e-04
1.632600000000000000e+09 1.807300000000000018e-01 -2.840000000000000185e-04 7.439999999999999782e-04 2.380000000000000117e-04 2.420000000000000005e-04 2.489999999999999809e-04
1.634200000000000000e+09 1.804959999999999898e-01 -1.689999999999999879e-04 1.123000000000000083e-03 2.480000000000000108e-04 2.339999999999999958e-04 2.400000000000000061e-04
1.635900000000000000e+09 1.806159999999999988e-01 -6.200000000000000270e-05 1.201000000000000028e-03 2.489999999999999809e-04 2.480000000000000108e-04 2.439999999999999949e-04
1.637600000000000000e+09 1.799979999999999913e-01 3.000000000000000076e-06 8.440000000000000236e-04 2.709999999999999735e-04 2.599999999999999772e-04 2.349999999999999930e-04
1.639300000000000000e+09 1.806389999999999940e-01 -1.160000000000000007e-04 9.449999999999999850e-04 2.559999999999999884e-04 2.570000000000000127e-04 2.469999999999999865e-04
1.640900000000000000e+09 1.803510000000000113e-01 -3.730000000000000134e-04 8.840000000000000201e-04 2.489999999999999809e-04 2.429999999999999977e-04 2.480000000000000108e-04
1.642600000000000000e+09 1.802910000000000068e-01 -4.650000000000000270e-04 6.480000000000000300e-04 2.559999999999999884e-04 2.390000000000000089e-04 2.570000000000000127e-04
1.644300000000000000e+09 1.802999999999999881e-01 2.759999999999999867e-04 4.960000000000000216e-04 2.420000000000000005e-04 2.640000000000000202e-04 2.439999999999999949e-04
1.645900000000000000e+09 1.804290000000000060e-01 -1.359999999999999989e-04 1.366999999999999943e-03 2.550000000000000183e-04 2.719999999999999979e-04 2.480000000000000108e-04
1.647600000000000000e+09 1.796000000000000096e-01 -2.210000000000000050e-04 1.327999999999999970e-03 2.649999999999999903e-04 2.660000000000000146e-04 2.730000000000000222e-04
