9.045000000000000000e+08 1.127959999999999935e-01 -9.700000000000000505e-04 3.259999999999999877e-03 2.809999999999999998e-04 2.570000000000000127e-04 2.369999999999999874e-04
9.078000000000000000e+08 1.124170000000000030e-01 -9.190000000000000035e-04 3.249999999999999851e-03 2.610000000000000015e-04 2.269999999999999882e-04 2.329999999999999986e-04
9.112000000000000000e+08 1.123190000000000022e-01 -8.859999999999999603e-04 3.242999999999999789e-03 2.770000000000000110e-04 2.310000000000000042e-04 2.229999999999999994e-04
9.145000000000000000e+08 1.121999999999999942e-01 -1.167999999999999984e-03 2.964000000000000055e-03 2.770000000000000110e-04 2.339999999999999958e-04 2.200000000000000078e-04
9.178000000000000000e+08 1.116120000000000029e-01 -8.670000000000000406e-04 3.619999999999999954e-03 2.759999999999999867e-04 2.339999999999999958e-04 2.000000000000000096e-04
9.212000000000000000e+08 1.119139999999999996e-01 -9.049999999999999885e-04 3.017999999999999849e-03 2.779999999999999811e-04 2.200000000000000078e-04 2.210000000000000050e-04
9.245000000000000000e+08 1.122549999999999937e-01 -8.319999999999999488e-04 3.044999999999999964e-03 2.489999999999999809e-04 2.489999999999999809e-04 2.130000000000000003e-04
9.279000000000000000e+08 1.117889999999999995e-01 -1.170999999999999949e-03 2.991000000000000169e-03 2.759999999999999867e-04 2.059999999999999928e-04 2.090000000000000115e-04
9.312000000000000000e+08 1.114290000000000003e-01 -1.085999999999999943e-03 3.168999999999999942e-03 2.730000000000000222e-04 2.159999999999999919e-04 2.200000000000000078e-04
9.513000000000000000e+08 1.124720000000000025e-01 -9.030000000000000483e-04 3.204999999999999950e-03 2.790000000000000054e-04 2.100000000000000087e-04 2.180000000000000134e-04
9.546000000000000000e+08 1.124730000000000035e-01 -1.275000000000000092e-03 3.164000000000000146e-03 3.099999999999999999e-04 2.369999999999999874e-04 2.449999999999999921e-04
9.580000000000000000e+08 1.133819999999999967e-01 -9.690000000000000262e-04 3.141999999999999828e-03 3.609999999999999928e-04 3.020000000000000223e-04 2.910000000000000260e-04
9.613000000000000000e+08 1.126680000000000043e-01 -1.381000000000000066e-03 3.556999999999999832e-03 2.730000000000000222e-04 2.229999999999999994e-04 2.290000000000000098e-04
9.647000000000000000e+08 1.120010000000000033e-01 -9.529999999999999626e-04 3.596999999999999937e-03 2.369999999999999874e-04 2.069999999999999900e-04 2.090000000000000115e-04
9.680000000000000000e+08 1.124109999999999970e-01 -1.222999999999999912e-03 3.132999999999999934e-03 2.480000000000000108e-04 2.069999999999999900e-04 2.130000000000000003e-04
9.713000000000000000e+08 1.122220000000000023e-01 -1.178000000000000011e-03 3.331999999999999892e-03 2.480000000000000108e-04 1.969999999999999909e-04 2.020000000000000040e-04
9.747000000000000000e+08 1.124290000000000012e-01 -1.293000000000000095e-03 3.503000000000000037e-03 2.750000000000000166e-04 1.969999999999999909e-04 1.910000000000000077e-04
9.780000000000000000e+08 1.115050000000000069e-01 -1.396000000000000105e-03 3.285999999999999859e-03 2.390000000000000089e-04 2.169999999999999891e-04 2.100000000000000087e-04
9.814000000000000000e+08 1.128490000000000049e-01 -9.520000000000000467e-04 3.285999999999999859e-03 2.460000000000000164e-04 2.239999999999999966e-04 2.010000000000000068e-04
9.847000000000000000e+08 1.116510000000000002e-01 -1.222999999999999912e-03 3.278999999999999797e-03 2.469999999999999865e-04 1.900000000000000105e-04 2.030000000000000012e-04
9.881000000000000000e+08 1.118159999999999987e-01 -1.391000000000000092e-03 3.200000000000000153e-03 2.380000000000000117e-04 1.900000000000000105e-04 1.949999999999999965e-04
9.914000000000000000e+08 1.113880000000000009e-01 -1.783000000000000080e-03 2.944000000000000002e-03 2.239999999999999966e-04 1.959999999999999937e-04 2.020000000000000040e-04
9.948000000000000000e+08 1.115120000000000000e-01 -1.175000000000000046e-03 3.178999999999999968e-03 2.570000000000000127e-04 2.210000000000000050e-04 2.100000000000000087e-04
9.981000000000000000e+08 1.120410000000000017e-01 -1.606999999999999922e-03 3.047999999999999928e-03 2.390000000000000089e-04 2.079999999999999872e-04 2.049999999999999956e-04
1.001400000000000000e+09 1.117159999999999959e-01 -1.557999999999999923e-03 2.871999999999999987e-03 2.550000000000000183e-04 2.159999999999999919e-04 2.159999999999999919e-04
1.004800000000000000e+09 1.109419999999999989e-01 -1.381000000000000066e-03 2.797000000000000007e-03 2.599999999999999772e-04 2.049999999999999956e-04 2.010000000000000068e-04
1.008100000000000000e+09 1.113119999999999943e-01 -1.332999999999999984e-03 3.240999999999999957e-03 2.559999999999999884e-04 2.079999999999999872e-04 1.820000000000000057e-04
1.011500000000000000e+09 1.115239999999999981e-01 -1.307000000000000002e-03 2.984000000000000107e-03 2.460000000000000164e-04 2.079999999999999872e-04 1.859999999999999945e-04
1.014800000000000000e+09 1.108389999999999931e-01 -1.247999999999999977e-03 3.099999999999999891e-03 2.259999999999999910e-04 2.280000000000000126e-04 1.869999999999999917e-04
1.018200000000000000e+09 1.111380000000000007e-01 -1.467999999999999904e-03 3.067999999999999981e-03 2.439999999999999949e-04 2.120000000000000031e-04 2.100000000000000087e-04
1.021500000000000000e+09 1.108660000000000062e-01 -1.283999999999999985e-03 2.724999999999999992e-03 2.120000000000000031e-04 2.139999999999999975e-04 2.059999999999999928e-04
1.024800000000000000e+09 1.104099999999999943e-01 -1.345999999999999974e-03 3.059999999999999786e-03 2.420000000000000005e-04 1.949999999999999965e-04 2.220000000000000022e-04
1.028200000000000000e+09 1.095700000000000007e-01 -1.856000000000000011e-03 3.118000000000000112e-03 2.610000000000000015e-04 1.979999999999999881e-04 2.139999999999999975e-04
1.031500000000000000e+09 1.091339999999999949e-01 -1.538000000000000088e-03 2.292999999999999899e-03 2.579999999999999828e-04 2.210000000000000050e-04 2.169999999999999891e-04
1.034900000000000000e+09 1.099860000000000004e-01 -1.592000000000000099e-03 2.484999999999999796e-03 2.259999999999999910e-04 1.730000000000000038e-04 2.020000000000000040e-04
1.038200000000000000e+09 1.098500000000000032e-01 -1.765000000000000076e-03 2.527999999999999865e-03 2.059999999999999928e-04 1.879999999999999890e-04 1.910000000000000077e-04
1.041600000000000000e+09 1.091870000000000063e-01 -1.549999999999999946e-03 2.573000000000000200e-03 2.310000000000000042e-04 2.120000000000000031e-04 1.890000000000000133e-04
1.044900000000000000e+09 1.090679999999999983e-01 -1.449999999999999900e-03 2.514000000000000175e-03 2.420000000000000005e-04 1.979999999999999881e-04 1.990000000000000124e-04
1.048300000000000000e+09 1.088009999999999949e-01 -1.562999999999999936e-03 2.977000000000000045e-03 2.519999999999999996e-04 1.920000000000000049e-04 1.830000000000000029e-04
1.051600000000000000e+09 1.086010000000000031e-01 -1.480999999999999895e-03 2.501999999999999884e-03 2.329999999999999986e-04 1.949999999999999965e-04 1.859999999999999945e-04
1.054900000000000000e+09 1.089699999999999974e-01 -1.701000000000000038e-03 2.543999999999999821e-03 2.079999999999999872e-04 1.810000000000000085e-04 1.769999999999999926e-04
1.058300000000000000e+09 1.083760000000000001e-01 -1.763000000000000027e-03 2.582000000000000094e-03 2.110000000000000059e-04 1.920000000000000049e-04 2.079999999999999872e-04
1.061600000000000000e+09 1.088589999999999974e-01 -1.608999999999999970e-03 2.392000000000000029e-03 2.489999999999999809e-04 1.800000000000000113e-04 2.000000000000000096e-04
1.065000000000000000e+09 1.086529999999999996e-01 -1.879999999999999944e-03 2.559000000000000077e-03 2.079999999999999872e-04 1.949999999999999965e-04 1.939999999999999993e-04
1.068300000000000000e+09 1.086590000000000056e-01 -1.677000000000000105e-03 2.713000000000000134e-03 2.139999999999999975e-04 2.049999999999999956e-04 2.030000000000000012e-04
1.071700000000000000e+09 1.081249999999999989e-01 -1.964000000000000034e-03 2.736000000000000151e-03 2.259999999999999910e-04 1.840000000000000001e-04 1.920000000000000049e-04
1.075000000000000000e+09 1.086489999999999956e-01 -1.716000000000000077e-03 2.799999999999999972e-03 2.139999999999999975e-04 1.830000000000000029e-04 1.789999999999999870e-04
1.078300000000000000e+09 1.086400000000000005e-01 -1.268999999999999946e-03 2.628000000000000128e-03 2.310000000000000042e-04 1.979999999999999881e-04 1.949999999999999965e-04
1.081700000000000000e+09 1.085139999999999993e-01 -1.531999999999999942e-03 2.462999999999999912e-03 2.010000000000000068e-04 1.959999999999999937e-04 1.969999999999999909e-04
1.085000000000000000e+09 1.074200000000000016e-01 -1.750000000000000036e-03 2.353000000000000057e-03 2.180000000000000134e-04 1.890000000000000133e-04 2.020000000000000040e-04
1.095100000000000000e+09 1.081330000000000069e-01 -1.497999999999999983e-03 2.432000000000000134e-03 2.200000000000000078e-04 2.010000000000000068e-04 1.820000000000000057e-04
1.098400000000000000e+09 1.084589999999999999e-01 -1.892999999999999934e-03 2.364000000000000216e-03 2.110000000000000059e-04 1.840000000000000001e-04 1.890000000000000133e-04
1.105100000000000000e+09 1.079090000000000049e-01 -1.673000000000000008e-03 2.494000000000000123e-03 2.190000000000000106e-04 1.759999999999999954e-04 1.990000000000000124e-04
1.108400000000000000e+09 1.075580000000000008e-01 -1.806000000000000097e-03 2.106999999999999932e-03 2.259999999999999910e-04 1.849999999999999973e-04 1.900000000000000105e-04
1.111800000000000000e+09 1.079679999999999945e-01 -1.577999999999999976e-03 2.256999999999999892e-03 1.959999999999999937e-04 1.840000000000000001e-04 1.679999999999999907e-04
1.115100000000000000e+09 1.077869999999999939e-01 -1.575999999999999927e-03 2.570999999999999935e-03 1.969999999999999909e-04 1.879999999999999890e-04 1.730000000000000038e-04
1.118500000000000000e+09 1.078309999999999963e-01 -1.575999999999999927e-03 2.266999999999999918e-03 2.159999999999999919e-04 1.879999999999999890e-04 1.849999999999999973e-04
1.121800000000000000e+09 1.082420000000000049e-01 -1.693000000000000060e-03 2.380999999999999870e-03 1.949999999999999965e-04 2.030000000000000012e-04 1.900000000000000105e-04
1.125200000000000000e+09 1.078970000000000068e-01 -1.387999999999999911e-03 2.187000000000000142e-03 2.139999999999999975e-04 1.730000000000000038e-04 1.900000000000000105e-04
1.128500000000000000e+09 1.077830000000000038e-01 -1.502000000000000080e-03 2.569999999999999802e-03 2.139999999999999975e-04 1.820000000000000057e-04 1.869999999999999917e-04
1.131800000000000000e+09 1.080170000000000019e-01 -1.730999999999999900e-03 2.465000000000000177e-03 2.100000000000000087e-04 1.700000000000000122e-04 1.900000000000000105e-04
1.138500000000000000e+09 1.081160000000000038e-01 -1.543000000000000101e-03 2.429000000000000169e-03 2.190000000000000106e-04 2.010000000000000068e-04 1.700000000000000122e-04
1.141900000000000000e+09 1.068329999999999974e-01 -2.118000000000000091e-03 2.188999999999999974e-03 2.390000000000000089e-04 1.869999999999999917e-04 1.869999999999999917e-04
1.151900000000000000e+09 1.064549999999999941e-01 -1.616999999999999948e-03 2.605000000000000111e-03 2.759999999999999867e-04 2.180000000000000134e-04 2.210000000000000050e-04
1.155300000000000000e+09 1.082650000000000001e-01 -1.665000000000000030e-03 2.047999999999999907e-03 2.380000000000000117e-04 2.030000000000000012e-04 2.030000000000000012e-04
1.158600000000000000e+09 1.076980000000000021e-01 -1.583999999999999905e-03 2.222000000000000017e-03 2.190000000000000106e-04 2.039999999999999984e-04 1.949999999999999965e-04
1.165300000000000000e+09 1.082079999999999986e-01 -1.948999999999999995e-03 2.622999999999999898e-03 2.210000000000000050e-04 1.890000000000000133e-04 2.010000000000000068e-04
1.168600000000000000e+09 1.071079999999999949e-01 -1.546000000000000065e-03 2.528999999999999998e-03 2.900000000000000017e-04 2.820000000000000241e-04 2.770000000000000110e-04
1.185300000000000000e+09 1.074660000000000060e-01 -1.482999999999999943e-03 1.978000000000000157e-03 2.489999999999999809e-04 2.369999999999999874e-04 2.149999999999999947e-04
1.188700000000000000e+09 1.071659999999999974e-01 -1.850000000000000082e-03 2.256999999999999892e-03 2.320000000000000014e-04 2.059999999999999928e-04 1.949999999999999965e-04
1.195400000000000000e+09 1.072300000000000059e-01 -1.616000000000000032e-03 1.889999999999999970e-03 2.320000000000000014e-04 2.200000000000000078e-04 1.969999999999999909e-04
1.198700000000000000e+09 1.060949999999999949e-01 -1.203999999999999992e-03 2.435999999999999797e-03 2.959999999999999849e-04 2.400000000000000061e-04 2.290000000000000098e-04
1.215400000000000000e+09 1.074800000000000061e-01 -1.350999999999999987e-03 2.214999999999999955e-03 2.579999999999999828e-04 2.190000000000000106e-04 2.180000000000000134e-04
1.218800000000000000e+09 1.075789999999999941e-01 -2.115999999999999825e-03 1.704999999999999918e-03 2.460000000000000164e-04 2.359999999999999902e-04 2.069999999999999900e-04
1.235500000000000000e+09 1.068550000000000055e-01 -1.892000000000000019e-03 1.472000000000000001e-03 2.550000000000000183e-04 2.259999999999999910e-04 2.110000000000000059e-04
1.242200000000000000e+09 1.073260000000000047e-01 -1.428000000000000016e-03 1.619999999999999912e-03 2.509999999999999753e-04 2.159999999999999919e-04 1.949999999999999965e-04
1.252200000000000000e+09 1.057089999999999974e-01 -1.482999999999999943e-03 1.838999999999999923e-03 2.030000000000000012e-04 1.800000000000000113e-04 1.979999999999999881e-04
1.285700000000000000e+09 1.068420000000000064e-01 -1.860000000000000108e-03 1.655000000000000004e-03 3.150000000000000131e-04 2.910000000000000260e-04 2.979999999999999793e-04
1.292300000000000000e+09 1.067250000000000004e-01 -1.258999999999999920e-03 1.806000000000000097e-03 3.359999999999999814e-04 2.750000000000000166e-04 2.950000000000000148e-04
1.295700000000000000e+09 1.056990000000000013e-01 -1.258999999999999920e-03 1.539999999999999919e-03 2.030000000000000012e-04 1.820000000000000057e-04 1.820000000000000057e-04
1.299000000000000000e+09 1.067000000000000032e-01 -1.709000000000000016e-03 1.458000000000000095e-03 2.030000000000000012e-04 1.800000000000000113e-04 1.749999999999999982e-04
1.302400000000000000e+09 1.058439999999999936e-01 -1.252000000000000075e-03 1.543000000000000101e-03 1.949999999999999965e-04 1.990000000000000124e-04 1.830000000000000029e-04
1.305700000000000000e+09 1.063859999999999945e-01 -1.611999999999999935e-03 1.556000000000000091e-03 1.930000000000000021e-04 1.620000000000000075e-04 1.600000000000000131e-04
1.309100000000000000e+09 1.064129999999999937e-01 -1.698000000000000074e-03 1.677000000000000105e-03 1.890000000000000133e-04 1.700000000000000122e-04 1.649999999999999991e-04
1.312400000000000000e+09 1.063140000000000057e-01 -1.497000000000000067e-03 1.869999999999999917e-03 1.820000000000000057e-04 1.749999999999999982e-04 1.679999999999999907e-04
1.315800000000000000e+09 1.058199999999999974e-01 -1.397000000000000021e-03 1.704999999999999918e-03 1.969999999999999909e-04 1.640000000000000019e-04 1.789999999999999870e-04
1.319100000000000000e+09 1.061190000000000050e-01 -1.257000000000000088e-03 1.851999999999999914e-03 1.840000000000000001e-04 1.720000000000000066e-04 1.630000000000000047e-04
1.322400000000000000e+09 1.054709999999999953e-01 -1.546000000000000065e-03 1.680000000000000070e-03 1.800000000000000113e-04 1.569999999999999944e-04 1.499999999999999869e-04
1.325800000000000000e+09 1.057099999999999984e-01 -1.562000000000000020e-03 1.649999999999999991e-03 1.789999999999999870e-04 1.589999999999999888e-04 1.620000000000000075e-04
1.329100000000000000e+09 1.055500000000000049e-01 -1.520000000000000084e-03 1.214999999999999934e-03 1.789999999999999870e-04 1.589999999999999888e-04 1.579999999999999916e-04
1.332500000000000000e+09 1.051770000000000066e-01 -1.547999999999999897e-03 1.525000000000000097e-03 1.730000000000000038e-04 1.489999999999999897e-04 1.810000000000000085e-04
1.335800000000000000e+09 1.052339999999999942e-01 -1.688000000000000047e-03 1.258000000000000004e-03 1.749999999999999982e-04 1.869999999999999917e-04 1.579999999999999916e-04
1.339200000000000000e+09 1.051600000000000035e-01 -1.737000000000000046e-03 1.538000000000000088e-03 1.900000000000000105e-04 1.630000000000000047e-04 1.730000000000000038e-04
1.342500000000000000e+09 1.047860000000000041e-01 -1.747000000000000072e-03 1.631999999999999987e-03 1.820000000000000057e-04 1.759999999999999954e-04 1.559999999999999972e-04
1.345800000000000000e+09 1.049189999999999984e-01 -1.508999999999999925e-03 1.392000000000000008e-03 1.920000000000000049e-04 1.579999999999999916e-04 1.769999999999999926e-04
1.349200000000000000e+09 1.048189999999999955e-01 -1.214999999999999934e-03 1.397000000000000021e-03 1.840000000000000001e-04 1.610000000000000103e-04 1.600000000000000131e-04
1.352500000000000000e+09 1.048430000000000056e-01 -1.420000000000000038e-03 1.562000000000000020e-03 1.730000000000000038e-04 1.679999999999999907e-04 1.540000000000000028e-04
1.355900000000000000e+09 1.047300000000000036e-01 -1.572000000000000047e-03 1.361000000000000014e-03 1.759999999999999954e-04 1.769999999999999926e-04 1.489999999999999897e-04
1.359200000000000000e+09 1.049500000000000016e-01 -1.508999999999999925e-03 1.734999999999999997e-03 1.659999999999999963e-04 1.559999999999999972e-04 1.530000000000000056e-04
1.362600000000000000e+09 1.043800000000000006e-01 -1.758000000000000014e-03 1.515000000000000071e-03 1.700000000000000122e-04 1.589999999999999888e-04 1.600000000000000131e-04
1.365900000000000000e+09 1.044550000000000062e-01 -1.644999999999999978e-03 1.505000000000000044e-03 1.849999999999999973e-04 1.569999999999999944e-04 1.659999999999999963e-04
1.369300000000000000e+09 1.044869999999999965e-01 -1.396000000000000105e-03 1.482000000000000027e-03 1.820000000000000057e-04 1.589999999999999888e-04 1.569999999999999944e-04
1.372600000000000000e+09 1.044589999999999963e-01 -1.745999999999999939e-03 1.379999999999999933e-03 1.740000000000000010e-04 1.489999999999999897e-04 1.630000000000000047e-04
1.375900000000000000e+09 1.042700000000000016e-01 -1.438999999999999958e-03 1.353999999999999952e-03 1.769999999999999926e-04 1.530000000000000056e-04 1.600000000000000131e-04
1.379300000000000000e+09 1.045110000000000067e-01 -1.299000000000000024e-03 1.404000000000000083e-03 1.720000000000000066e-04 1.530000000000000056e-04 1.789999999999999870e-04
1.382600000000000000e+09 1.044370000000000021e-01 -1.381000000000000066e-03 1.386000000000000079e-03 1.759999999999999954e-04 1.579999999999999916e-04 1.559999999999999972e-04
1.386000000000000000e+09 1.045679999999999943e-01 -1.523999999999999964e-03 1.655000000000000004e-03 1.949999999999999965e-04 1.640000000000000019e-04 1.579999999999999916e-04
1.389300000000000000e+09 1.043520000000000003e-01 -1.647000000000000026e-03 1.301000000000000073e-03 1.939999999999999993e-04 1.689999999999999879e-04 1.620000000000000075e-04
1.392700000000000000e+09 1.048629999999999979e-01 -1.410000000000000012e-03 1.523999999999999964e-03 1.849999999999999973e-04 1.530000000000000056e-04 1.469999999999999953e-04
1.396000000000000000e+09 1.049820000000000059e-01 -1.482000000000000027e-03 1.302999999999999905e-03 2.000000000000000096e-04 1.550000000000000000e-04 1.569999999999999944e-04
1.399300000000000000e+09 1.048110000000000014e-01 -1.649000000000000075e-03 1.351999999999999903e-03 1.700000000000000122e-04 1.550000000000000000e-04 1.540000000000000028e-04
1.402700000000000000e+09 1.046340000000000048e-01 -1.392999999999999924e-03 1.134999999999999941e-03 1.630000000000000047e-04 1.540000000000000028e-04 1.520000000000000084e-04
1.406000000000000000e+09 1.048280000000000045e-01 -1.304000000000000038e-03 9.399999999999999719e-04 1.769999999999999926e-04 1.569999999999999944e-04 1.550000000000000000e-04
1.409400000000000000e+09 1.045829999999999954e-01 -1.520000000000000084e-03 1.722999999999999922e-03 1.789999999999999870e-04 1.600000000000000131e-04 1.469999999999999953e-04
1.412700000000000000e+09 1.046990000000000004e-01 -1.389999999999999960e-03 1.229999999999999974e-03 1.789999999999999870e-04 1.499999999999999869e-04 1.779999999999999898e-04
1.416100000000000000e+09 1.050989999999999980e-01 -1.549999999999999946e-03 1.551000000000000078e-03 1.810000000000000085e-04 1.720000000000000066e-04 1.569999999999999944e-04
1.422800000000000000e+09 1.058680000000000038e-01 -1.592000000000000099e-03 1.219999999999999947e-03 2.449999999999999921e-04 2.229999999999999994e-04 2.249999999999999938e-04
1.426100000000000000e+09 1.046910000000000063e-01 -1.613999999999999983e-03 1.093999999999999920e-03 1.789999999999999870e-04 1.579999999999999916e-04 1.659999999999999963e-04
1.429400000000000000e+09 1.047379999999999978e-01 -1.580999999999999940e-03 1.291999999999999963e-03 1.649999999999999991e-04 1.630000000000000047e-04 1.530000000000000056e-04
1.432800000000000000e+09 1.050360000000000044e-01 -1.123000000000000083e-03 1.235999999999999903e-03 1.779999999999999898e-04 1.640000000000000019e-04 1.550000000000000000e-04
1.436100000000000000e+09 1.047310000000000046e-01 -1.443999999999999971e-03 1.431999999999999896e-03 1.910000000000000077e-04 1.550000000000000000e-04 1.550000000000000000e-04
1.439500000000000000e+09 1.043359999999999982e-01 -1.508999999999999925e-03 1.232000000000000022e-03 1.789999999999999870e-04 1.669999999999999935e-04 1.569999999999999944e-04
1.442800000000000000e+09 1.045910000000000034e-01 -1.508999999999999925e-03 1.165999999999999936e-03 1.720000000000000066e-04 1.569999999999999944e-04 1.579999999999999916e-04
1.446200000000000000e+09 1.046969999999999984e-01 -1.451000000000000033e-03 1.188000000000000037e-03 1.810000000000000085e-04 1.620000000000000075e-04 1.630000000000000047e-04
1.449500000000000000e+09 1.045819999999999944e-01 -1.441999999999999922e-03 1.258000000000000004e-03 1.820000000000000057e-04 1.469999999999999953e-04 1.659999999999999963e-04
1.452800000000000000e+09 1.046409999999999979e-01 -1.028999999999999967e-03 1.399999999999999986e-03 1.840000000000000001e-04 1.630000000000000047e-04 1.579999999999999916e-04
1.456200000000000000e+09 1.041939999999999950e-01 -1.480999999999999895e-03 1.154999999999999994e-03 1.859999999999999945e-04 1.540000000000000028e-04 1.540000000000000028e-04
1.459500000000000000e+09 1.044009999999999938e-01 -1.325000000000000006e-03 1.214999999999999934e-03 1.800000000000000113e-04 1.700000000000000122e-04 1.569999999999999944e-04
1.466200000000000000e+09 1.038629999999999970e-01 -1.608999999999999970e-03 8.390000000000000105e-04 1.879999999999999890e-04 1.630000000000000047e-04 1.550000000000000000e-04
1.469600000000000000e+09 1.040650000000000047e-01 -1.873000000000000099e-03 9.909999999999999105e-04 1.789999999999999870e-04 1.700000000000000122e-04 1.579999999999999916e-04
1.472900000000000000e+09 1.038680000000000020e-01 -1.396000000000000105e-03 1.273000000000000043e-03 1.710000000000000094e-04 1.540000000000000028e-04 1.569999999999999944e-04
1.476300000000000000e+09 1.038160000000000055e-01 -1.451999999999999949e-03 9.640000000000000131e-04 1.800000000000000113e-04 1.600000000000000131e-04 1.749999999999999982e-04
1.479600000000000000e+09 1.039270000000000055e-01 -1.510999999999999973e-03 1.273000000000000043e-03 1.859999999999999945e-04 1.630000000000000047e-04 1.630000000000000047e-04
1.482900000000000000e+09 1.034130000000000049e-01 -1.477000000000000014e-03 1.157000000000000042e-03 1.810000000000000085e-04 1.679999999999999907e-04 1.540000000000000028e-04
1.489600000000000000e+09 1.032990000000000019e-01 -1.396000000000000105e-03 1.132999999999999893e-03 1.749999999999999982e-04 1.630000000000000047e-04 1.479999999999999925e-04
1.493000000000000000e+09 1.038260000000000016e-01 -1.386000000000000079e-03 1.170000000000000033e-03 1.720000000000000066e-04 1.630000000000000047e-04 1.679999999999999907e-04
1.496300000000000000e+09 1.037629999999999941e-01 -1.222999999999999912e-03 1.141000000000000087e-03 1.649999999999999991e-04 1.620000000000000075e-04 1.530000000000000056e-04
1.499700000000000000e+09 1.034299999999999942e-01 -1.487000000000000040e-03 1.206000000000000041e-03 1.730000000000000038e-04 1.550000000000000000e-04 1.589999999999999888e-04
1.503000000000000000e+09 1.036920000000000064e-01 -1.487000000000000040e-03 1.196999999999999930e-03 1.749999999999999982e-04 1.779999999999999898e-04 1.640000000000000019e-04
1.506300000000000000e+09 1.035780000000000034e-01 -1.518000000000000035e-03 1.067000000000000023e-03 1.700000000000000122e-04 1.530000000000000056e-04 1.669999999999999935e-04
1.509700000000000000e+09 1.039970000000000061e-01 -1.456999999999999962e-03 1.106999999999999911e-03 1.859999999999999945e-04 1.710000000000000094e-04 1.649999999999999991e-04
1.513000000000000000e+09 1.037830000000000003e-01 -1.217999999999999899e-03 1.139000000000000038e-03 1.879999999999999890e-04 1.630000000000000047e-04 1.479999999999999925e-04
1.516400000000000000e+09 1.041450000000000015e-01 -1.683000000000000034e-03 8.869999999999999846e-04 1.890000000000000133e-04 1.589999999999999888e-04 1.550000000000000000e-04
1.519700000000000000e+09 1.042939999999999978e-01 -1.345000000000000058e-03 1.064000000000000059e-03 1.759999999999999954e-04 1.679999999999999907e-04 1.630000000000000047e-04
1.523100000000000000e+09 1.036640000000000061e-01 -9.859999999999998974e-04 7.169999999999999724e-04 3.409999999999999945e-04 2.669999999999999847e-04 2.610000000000000015e-04
1.529800000000000000e+09 1.048240000000000005e-01 -1.748999999999999904e-03 8.390000000000000105e-04 2.950000000000000148e-04 2.400000000000000061e-04 2.280000000000000126e-04
1.536400000000000000e+09 1.051050000000000040e-01 -1.046000000000000055e-03 9.259999999999999568e-04 2.910000000000000260e-04 2.939999999999999905e-04 2.880000000000000073e-04
1.543100000000000000e+09 1.022040000000000032e-01 -1.333999999999999899e-03 8.440000000000000236e-04 5.079999999999999880e-04 3.660000000000000059e-04 3.910000000000000172e-04
1.556500000000000000e+09 1.034879999999999967e-01 -1.281000000000000021e-03 7.879999999999999635e-04 2.570000000000000127e-04 2.139999999999999975e-04 2.090000000000000115e-04
1.563200000000000000e+09 1.025159999999999960e-01 -1.314000000000000064e-03 7.079999999999999705e-04 3.370000000000000057e-04 2.700000000000000035e-04 2.799999999999999755e-04
1.583300000000000000e+09 1.026630000000000043e-01 -1.286000000000000034e-03 9.569999999999999514e-04 2.190000000000000106e-04 1.910000000000000077e-04 2.000000000000000096e-04
1.586600000000000000e+09 1.045370000000000049e-01 -1.242000000000000048e-03 7.870000000000000476e-04 1.990000000000000124e-04 1.810000000000000085e-04 1.879999999999999890e-04
1.593300000000000000e+09 1.029230000000000006e-01 -1.358000000000000049e-03 1.075000000000000001e-03 2.329999999999999986e-04 2.229999999999999994e-04 1.990000000000000124e-04
1.596600000000000000e+09 1.031709999999999988e-01 -1.154000000000000078e-03 9.479999999999999495e-04 1.979999999999999881e-04 1.800000000000000113e-04 1.649999999999999991e-04
1.606700000000000000e+09 1.024240000000000012e-01 -1.374000000000000004e-03 6.859999999999999779e-04 2.100000000000000087e-04 1.800000000000000113e-04 1.810000000000000085e-04
1.610000000000000000e+09 1.037249999999999978e-01 -1.036000000000000029e-03 1.235999999999999903e-03 1.800000000000000113e-04 1.559999999999999972e-04 1.550000000000000000e-04
1.613300000000000000e+09 1.035890000000000005e-01 -1.232999999999999938e-03 1.204999999999999908e-03 1.810000000000000085e-04 1.510000000000000112e-04 1.520000000000000084e-04
1.616700000000000000e+09 1.025480000000000003e-01 -1.080999999999999930e-03 1.113000000000000057e-03 1.920000000000000049e-04 1.830000000000000029e-04 1.689999999999999879e-04
1.630100000000000000e+09 1.038099999999999995e-01 -1.008999999999999914e-03 1.160999999999999923e-03 1.730000000000000038e-04 1.530000000000000056e-04 1.540000000000000028e-04
1.633400000000000000e+09 1.029790000000000011e-01 -1.216000000000000067e-03 9.399999999999999719e-04 1.710000000000000094e-04 1.669999999999999935e-04 1.630000000000000047e-04
1.636800000000000000e+09 1.031239999999999934e-01 -1.051999999999999984e-03 6.499999999999999702e-04 1.789999999999999870e-04 1.579999999999999916e-04 1.520000000000000084e-04
1.640100000000000000e+09 1.029290000000000066e-01 -1.126000000000000048e-03 8.019999999999999785e-04 1.620000000000000075e-04 1.459999999999999981e-04 1.710000000000000094e-04
1.643400000000000000e+09 1.028789999999999982e-01 -1.080000000000000014e-03 7.820000000000000345e-04 1.749999999999999982e-04 1.700000000000000122e-04 1.399999999999999877e-04
1.646800000000000000e+09 1.030890000000000001e-01 -1.034999999999999896e-03 8.909999999999999734e-04 1.740000000000000010e-04 1.589999999999999888e-04 1.679999999999999907e-04
