# ======================================================================
# FLAGGED DATA - KEPT CHANNELS ONLY
# ======================================================================
# 
# FLAGGING SUMMARY:
#   Total channels: 113
#   Flagged: 49 (43.4%)
#   Kept: 64 (56.6%)
# 
# FLAGGING CRITERIA APPLIED:
#   - Gross outliers: 5 channels
#   - Frequency ranges: 8 channels
#       Ranges: ['1.60~1.8']
#   - Error outliers: 5 channels
#       Threshold: 4.0σ above median in log-space
#       Iterations: 2
#   - Spectral baseline clipping: 28 channels
#   - Stokes V clipping: 3 channels
#       Threshold: 2.43σ
#       Reference: median
#       Iterations: 2
# 
# COLUMN FORMAT: freq(Hz) I Q U V dI dQ dU dV
# ======================================================================
9.0614318848e+08 9.3884000000e-02 1.1200000000e-04 -1.7300000000e-04 -6.9000000000e-05 1.8100000000e-04 1.7800000000e-04 1.6800000000e-04 1.4900000000e-04
9.1283068848e+08 9.3898000000e-02 2.4300000000e-04 -2.9600000000e-04 -1.1200000000e-04 1.8800000000e-04 1.6100000000e-04 1.6500000000e-04 1.5400000000e-04
9.1951818848e+08 9.3725000000e-02 3.4400000000e-04 -2.2400000000e-04 6.1000000000e-05 1.9100000000e-04 1.6100000000e-04 1.6100000000e-04 1.6100000000e-04
9.2620568848e+08 9.3870000000e-02 3.3400000000e-04 5.0000000000e-05 8.0000000000e-06 1.9700000000e-04 1.6900000000e-04 1.6800000000e-04 1.6500000000e-04
9.3289318848e+08 9.3806000000e-02 2.5200000000e-04 -1.4900000000e-04 -4.2800000000e-04 2.4100000000e-04 2.1400000000e-04 2.0800000000e-04 2.4000000000e-04
9.4626818848e+08 9.3610000000e-02 2.2000000000e-04 -3.5900000000e-04 -8.1900000000e-04 3.7200000000e-04 3.1400000000e-04 3.3300000000e-04 3.0900000000e-04
9.5964318848e+08 9.3447000000e-02 3.2700000000e-04 9.0000000000e-06 -1.5900000000e-04 1.7800000000e-04 1.5700000000e-04 1.6700000000e-04 1.4000000000e-04
9.6633068848e+08 9.3260000000e-02 1.0200000000e-04 1.5800000000e-04 8.1000000000e-05 1.8600000000e-04 1.6000000000e-04 1.6100000000e-04 1.6900000000e-04
9.7301818848e+08 9.3562000000e-02 1.6100000000e-04 -8.1000000000e-05 1.8500000000e-04 1.7900000000e-04 1.4800000000e-04 1.5400000000e-04 1.4800000000e-04
9.7970568848e+08 9.3239000000e-02 1.2800000000e-04 1.0800000000e-04 2.8000000000e-05 1.8800000000e-04 1.5000000000e-04 1.4800000000e-04 1.5300000000e-04
9.9308068848e+08 9.2875000000e-02 1.7300000000e-04 6.3000000000e-05 -1.3600000000e-04 1.6000000000e-04 1.5800000000e-04 1.5000000000e-04 1.4900000000e-04
9.9976818848e+08 9.2937000000e-02 2.2800000000e-04 -3.3500000000e-04 -9.4000000000e-05 1.6600000000e-04 1.5800000000e-04 1.4400000000e-04 1.5600000000e-04
1.0064556885e+09 9.3053000000e-02 5.4000000000e-05 -1.1300000000e-04 -2.0000000000e-05 1.7100000000e-04 1.4700000000e-04 1.5200000000e-04 1.5200000000e-04
1.0131431885e+09 9.3051000000e-02 1.4900000000e-04 1.6700000000e-04 5.7000000000e-05 1.6500000000e-04 1.3500000000e-04 1.4900000000e-04 1.2800000000e-04
1.0198306885e+09 9.2708000000e-02 -4.2000000000e-05 -1.6000000000e-05 1.5300000000e-04 1.6500000000e-04 1.5000000000e-04 1.3900000000e-04 1.4300000000e-04
1.0265181885e+09 9.2297000000e-02 1.8000000000e-04 2.2100000000e-04 5.4000000000e-05 1.8400000000e-04 1.4300000000e-04 1.6400000000e-04 1.6000000000e-04
1.0398931885e+09 9.2323000000e-02 3.6300000000e-04 3.2700000000e-04 1.0200000000e-04 1.8000000000e-04 1.4800000000e-04 1.6800000000e-04 1.4400000000e-04
1.0465806885e+09 9.2148000000e-02 1.3000000000e-05 -7.5000000000e-05 -8.0000000000e-06 1.9100000000e-04 1.3400000000e-04 1.4800000000e-04 1.4600000000e-04
1.0532681885e+09 9.2048000000e-02 1.8800000000e-04 -4.0000000000e-05 -1.1500000000e-04 1.6400000000e-04 1.3500000000e-04 1.4700000000e-04 1.3800000000e-04
1.0599556885e+09 9.2085000000e-02 2.0500000000e-04 -5.0000000000e-06 -1.1100000000e-04 1.6000000000e-04 1.4800000000e-04 1.5500000000e-04 1.4700000000e-04
1.0666431885e+09 9.2249000000e-02 5.0000000000e-05 1.1300000000e-04 -1.4000000000e-04 1.5900000000e-04 1.6000000000e-04 1.4000000000e-04 1.4300000000e-04
1.0733306885e+09 9.2049000000e-02 3.1900000000e-04 -1.4500000000e-04 1.8900000000e-04 1.7200000000e-04 1.5000000000e-04 1.4800000000e-04 1.4400000000e-04
1.1000806885e+09 9.1534000000e-02 6.0400000000e-04 -4.0000000000e-05 1.0800000000e-04 1.9200000000e-04 1.5900000000e-04 1.5300000000e-04 1.6700000000e-04
1.1067681885e+09 9.1634000000e-02 5.3300000000e-04 -1.0600000000e-04 -1.0800000000e-04 1.5900000000e-04 1.3900000000e-04 1.6700000000e-04 1.4500000000e-04
1.1134556885e+09 9.1833000000e-02 -4.8000000000e-05 1.9600000000e-04 -2.5900000000e-04 1.5900000000e-04 1.3600000000e-04 1.4700000000e-04 1.2800000000e-04
1.1201431885e+09 9.1822000000e-02 1.0200000000e-04 1.0600000000e-04 -1.0600000000e-04 1.5000000000e-04 1.4600000000e-04 1.4800000000e-04 1.3200000000e-04
1.1268306885e+09 9.1312000000e-02 2.0000000000e-05 -3.2000000000e-05 -2.4100000000e-04 1.6500000000e-04 1.4200000000e-04 1.3500000000e-04 1.2900000000e-04
1.1402056885e+09 9.1183000000e-02 2.6900000000e-04 1.0000000000e-05 7.3000000000e-05 1.8300000000e-04 1.6000000000e-04 1.4600000000e-04 1.4600000000e-04
1.1535806885e+09 9.1030000000e-02 3.3700000000e-04 7.2000000000e-05 -7.4000000000e-05 1.6800000000e-04 1.3800000000e-04 1.5300000000e-04 1.4800000000e-04
1.1937056885e+09 9.0804000000e-02 1.6300000000e-04 2.7500000000e-04 -1.7500000000e-04 1.8300000000e-04 1.5300000000e-04 1.3300000000e-04 1.6000000000e-04
1.2538931885e+09 9.0362000000e-02 3.7000000000e-04 1.2700000000e-04 5.7000000000e-05 1.7400000000e-04 1.3300000000e-04 1.4000000000e-04 1.4700000000e-04
1.2940181885e+09 9.0314000000e-02 1.5600000000e-04 3.3000000000e-05 -1.1200000000e-04 1.6600000000e-04 1.4900000000e-04 1.6500000000e-04 1.5200000000e-04
1.3007056885e+09 9.0669000000e-02 1.1800000000e-04 -6.6000000000e-05 -7.4000000000e-05 1.3100000000e-04 1.2900000000e-04 1.3000000000e-04 1.2500000000e-04
1.3073931885e+09 9.0750000000e-02 2.5000000000e-04 -1.8200000000e-04 -1.4000000000e-05 1.5200000000e-04 1.2400000000e-04 1.2200000000e-04 1.3200000000e-04
1.3140806885e+09 9.0743000000e-02 1.8600000000e-04 -4.1000000000e-04 9.0000000000e-05 1.3700000000e-04 1.2500000000e-04 1.2700000000e-04 1.1900000000e-04
1.3207681885e+09 9.0785000000e-02 4.2500000000e-04 -1.1200000000e-04 -9.2000000000e-05 1.3500000000e-04 1.1400000000e-04 1.2000000000e-04 1.2000000000e-04
1.3274556885e+09 9.0437000000e-02 4.2500000000e-04 -2.1000000000e-04 -4.9000000000e-05 1.4700000000e-04 1.1800000000e-04 1.0900000000e-04 1.2500000000e-04
1.3341431885e+09 9.0351000000e-02 3.5200000000e-04 -1.2700000000e-04 -1.7600000000e-04 1.3500000000e-04 1.1500000000e-04 1.2200000000e-04 1.1600000000e-04
1.3408306885e+09 9.0190000000e-02 7.0000000000e-05 -9.3000000000e-05 8.5000000000e-05 1.3100000000e-04 1.2900000000e-04 1.2700000000e-04 1.0900000000e-04
1.3475181885e+09 9.0296000000e-02 1.4000000000e-04 -2.8600000000e-04 -1.0300000000e-04 1.2900000000e-04 1.3300000000e-04 1.1900000000e-04 1.1700000000e-04
1.3542056885e+09 9.0302000000e-02 2.7200000000e-04 -2.9400000000e-04 -1.2300000000e-04 1.4100000000e-04 1.2400000000e-04 1.2000000000e-04 1.2100000000e-04
1.3608931885e+09 9.0381000000e-02 2.6500000000e-04 -2.2000000000e-04 -6.5000000000e-05 1.2700000000e-04 1.1300000000e-04 1.2800000000e-04 1.2400000000e-04
1.3675806885e+09 9.0367000000e-02 1.4400000000e-04 -1.7500000000e-04 2.0100000000e-04 1.3200000000e-04 1.1500000000e-04 1.2200000000e-04 1.1300000000e-04
1.3742681885e+09 9.0128000000e-02 4.6200000000e-04 -4.3000000000e-05 -7.0000000000e-05 1.3300000000e-04 1.3200000000e-04 1.1600000000e-04 1.0900000000e-04
1.3809556885e+09 9.0301000000e-02 1.0800000000e-04 -5.2000000000e-05 5.0000000000e-05 1.2700000000e-04 1.2200000000e-04 1.2700000000e-04 1.2000000000e-04
1.3876431885e+09 9.0339000000e-02 2.7700000000e-04 -2.4700000000e-04 -7.2000000000e-05 1.3500000000e-04 1.1600000000e-04 1.1000000000e-04 1.1800000000e-04
1.3943306885e+09 9.0424000000e-02 3.2300000000e-04 -4.6400000000e-04 7.5000000000e-05 1.2800000000e-04 1.1700000000e-04 1.2400000000e-04 1.1400000000e-04
1.4010181885e+09 9.0221000000e-02 5.2400000000e-04 -3.6000000000e-05 -9.5000000000e-05 1.3600000000e-04 1.0900000000e-04 1.2400000000e-04 1.3400000000e-04
1.4077056885e+09 9.0298000000e-02 1.6500000000e-04 -7.5000000000e-05 -3.4300000000e-04 1.2400000000e-04 1.1700000000e-04 1.2800000000e-04 1.1800000000e-04
1.4143931885e+09 9.0190000000e-02 3.0200000000e-04 -1.0600000000e-04 -1.4200000000e-04 1.3200000000e-04 1.2100000000e-04 1.2100000000e-04 1.1700000000e-04
1.4210806885e+09 9.0019000000e-02 3.6700000000e-04 -2.9200000000e-04 -6.5000000000e-05 2.4000000000e-04 2.2400000000e-04 2.2300000000e-04 2.2400000000e-04
1.4277681885e+09 9.0372000000e-02 2.3600000000e-04 3.6000000000e-05 1.4300000000e-04 1.4200000000e-04 1.2300000000e-04 1.1100000000e-04 1.0300000000e-04
1.4344556885e+09 9.0232000000e-02 2.3000000000e-04 -2.5700000000e-04 1.3000000000e-05 1.2900000000e-04 1.2200000000e-04 1.2300000000e-04 1.1700000000e-04
1.4411431885e+09 9.0292000000e-02 3.3400000000e-04 -1.5300000000e-04 2.1100000000e-04 1.3700000000e-04 1.1300000000e-04 1.2000000000e-04 1.1800000000e-04
1.4478306885e+09 9.0253000000e-02 4.8400000000e-04 -1.5300000000e-04 2.9000000000e-05 1.3500000000e-04 1.1600000000e-04 1.1500000000e-04 1.2500000000e-04
1.4545181885e+09 9.0089000000e-02 4.3100000000e-04 -4.4000000000e-05 3.3000000000e-05 1.2300000000e-04 1.2200000000e-04 1.1800000000e-04 1.2300000000e-04
1.4612056885e+09 9.0165000000e-02 4.8000000000e-05 5.7000000000e-05 -7.6000000000e-05 1.3100000000e-04 1.3300000000e-04 1.1500000000e-04 1.2100000000e-04
1.4678931885e+09 9.0141000000e-02 3.2600000000e-04 -6.3000000000e-05 -8.5000000000e-05 1.2400000000e-04 1.1800000000e-04 1.1800000000e-04 1.2800000000e-04
1.4745806885e+09 9.0114000000e-02 1.5200000000e-04 -4.0000000000e-05 -1.2500000000e-04 1.1700000000e-04 1.2300000000e-04 1.1600000000e-04 1.1700000000e-04
1.4812681885e+09 9.0193000000e-02 2.8700000000e-04 -2.8200000000e-04 -2.1800000000e-04 1.3400000000e-04 1.2400000000e-04 1.2100000000e-04 1.2500000000e-04
1.4879556885e+09 8.9665000000e-02 8.8000000000e-05 -1.0900000000e-04 -1.2200000000e-04 1.2300000000e-04 1.1600000000e-04 1.1700000000e-04 1.1300000000e-04
1.4946431885e+09 8.9890000000e-02 2.3700000000e-04 -4.4400000000e-04 -6.7000000000e-05 1.2700000000e-04 1.2200000000e-04 1.1400000000e-04 1.2300000000e-04
1.5013306885e+09 8.9920000000e-02 3.3200000000e-04 -2.1700000000e-04 -1.6500000000e-04 1.3000000000e-04 1.1200000000e-04 1.3100000000e-04 1.1400000000e-04
1.5615181885e+09 8.8724000000e-02 1.7000000000e-05 3.7000000000e-05 -7.8900000000e-04 3.7300000000e-04 3.3800000000e-04 3.2200000000e-04 3.3300000000e-04
