9.027994384765620232e+08 1.882735999999999876e+01 1.351353999999999944e+00 -1.711050000000000071e-01 1.521499999999999936e-02 1.046999999999999971e-03 1.337000000000000081e-03
9.161744384765620232e+08 1.864451199999999886e+01 1.395151000000000030e+00 -1.750780000000000114e-01 9.825000000000000400e-03 7.919999999999999523e-04 9.039999999999999642e-04
9.295494384765620232e+08 1.853161000000000058e+01 1.441928000000000099e+00 -1.713139999999999941e-01 8.626999999999999252e-03 7.069999999999999462e-04 8.589999999999999546e-04
9.429244384765620232e+08 1.833680199999999871e+01 1.476927000000000101e+00 -1.373290000000000066e-01 8.210000000000000284e-03 1.160000000000000007e-03 1.248999999999999893e-03
9.562994384765620232e+08 1.822949399999999898e+01 1.483492000000000033e+00 -1.036129999999999968e-01 5.041000000000000342e-03 4.270000000000000249e-04 7.290000000000000473e-04
9.696744384765620232e+08 1.809990099999999913e+01 1.496064000000000060e+00 -6.947699999999999709e-02 4.603999999999999586e-03 4.569999999999999952e-04 6.239999999999999887e-04
9.830494384765620232e+08 1.796327399999999841e+01 1.500000999999999918e+00 3.824000000000000316e-02 4.455999999999999892e-03 3.710000000000000190e-04 6.189999999999999756e-04
9.964244384765620232e+08 1.784479100000000074e+01 1.497511999999999954e+00 6.455500000000000127e-02 4.335000000000000311e-03 3.449999999999999833e-04 5.900000000000000296e-04
1.009799438476559997e+09 1.771477700000000155e+01 1.499659000000000075e+00 1.051710000000000006e-01 4.023999999999999799e-03 3.759999999999999779e-04 5.649999999999999641e-04
1.023174438476559997e+09 1.758966799999999964e+01 1.501320999999999906e+00 1.321199999999999875e-01 4.186999999999999750e-03 3.490000000000000263e-04 5.599999999999999509e-04
1.036549438476559997e+09 1.746894999999999953e+01 1.503916999999999948e+00 1.541329999999999922e-01 3.755999999999999790e-03 2.849999999999999886e-04 5.289999999999999564e-04
1.049924438476559997e+09 1.734107399999999899e+01 1.515800000000000036e+00 1.721689999999999887e-01 3.563000000000000195e-03 3.499999999999999964e-04 5.450000000000000200e-04
1.063299438476559997e+09 1.722357399999999927e+01 1.517106000000000066e+00 1.922260000000000080e-01 3.612999999999999892e-03 3.089999999999999756e-04 5.010000000000000347e-04
1.076674438476560116e+09 1.710689899999999852e+01 1.515398999999999941e+00 2.157119999999999871e-01 3.295999999999999885e-03 3.020000000000000223e-04 5.130000000000000011e-04
1.090049438476560116e+09 1.698482699999999923e+01 1.507152000000000047e+00 2.583010000000000028e-01 3.261000000000000010e-03 2.750000000000000166e-04 5.349999999999999938e-04
1.103424438476560116e+09 1.686918999999999969e+01 1.492216999999999905e+00 2.916420000000000123e-01 3.115999999999999846e-03 3.310000000000000225e-04 5.259999999999999919e-04
1.116799438476560116e+09 1.676148399999999938e+01 1.479824000000000028e+00 3.254090000000000038e-01 3.262000000000000142e-03 2.860000000000000129e-04 5.339999999999999695e-04
1.130174438476560116e+09 1.664549600000000140e+01 1.474696999999999925e+00 3.561469999999999914e-01 3.292999999999999920e-03 3.429999999999999889e-04 5.010000000000000347e-04
1.143549438476560116e+09 1.653133599999999959e+01 1.462220000000000075e+00 3.859659999999999758e-01 2.945999999999999834e-03 3.130000000000000187e-04 5.349999999999999938e-04
1.156924438476560116e+09 1.642682999999999893e+01 1.445445000000000091e+00 4.138660000000000116e-01 3.118999999999999811e-03 2.770000000000000110e-04 5.469999999999999602e-04
1.170299438476560116e+09 1.632846800000000087e+01 1.436055999999999999e+00 4.315339999999999732e-01 3.171999999999999906e-03 3.739999999999999835e-04 5.619999999999999996e-04
1.183674438476560116e+09 1.622582200000000086e+01 1.419826000000000032e+00 4.782959999999999989e-01 3.207999999999999914e-03 3.669999999999999760e-04 5.659999999999999884e-04
1.197049438476560116e+09 1.610882399999999848e+01 1.415605000000000002e+00 4.860309999999999908e-01 3.269999999999999903e-03 3.469999999999999777e-04 5.659999999999999884e-04
1.210424438476560116e+09 1.600751100000000093e+01 1.403915999999999942e+00 5.165110000000000534e-01 3.422999999999999828e-03 6.560000000000000076e-04 6.949999999999999798e-04
1.223799438476560116e+09 1.591239500000000007e+01 1.398117000000000054e+00 5.331209999999999560e-01 3.333000000000000025e-03 3.440000000000000132e-04 5.400000000000000069e-04
1.237174438476560116e+09 1.582251800000000053e+01 1.387944000000000067e+00 5.399089999999999723e-01 3.114000000000000015e-03 3.170000000000000075e-04 5.339999999999999695e-04
1.250549438476560116e+09 1.572744800000000076e+01 1.385011999999999910e+00 5.406539999999999679e-01 3.389000000000000085e-03 4.049999999999999781e-04 6.599999999999999964e-04
1.263924438476560116e+09 1.564193500000000014e+01 1.377285000000000093e+00 5.612399999999999611e-01 3.194999999999999923e-03 6.400000000000000524e-04 1.510999999999999973e-03
1.277299438476560116e+09 1.553652100000000047e+01 1.372557999999999945e+00 5.700960000000000472e-01 3.877999999999999937e-03 1.719999999999999958e-03 2.428000000000000037e-03
1.290674438476560116e+09 1.545934699999999928e+01 1.361509999999999998e+00 5.828299999999999592e-01 3.082000000000000104e-03 3.170000000000000075e-04 4.600000000000000139e-04
1.304049438476560116e+09 1.537339599999999962e+01 1.343696999999999919e+00 6.080769999999999786e-01 2.952999999999999896e-03 2.680000000000000090e-04 4.560000000000000251e-04
1.317424438476560116e+09 1.529070500000000088e+01 1.330572000000000088e+00 6.321099999999999497e-01 2.919999999999999853e-03 2.640000000000000202e-04 4.330000000000000081e-04
1.330799438476560116e+09 1.520538600000000073e+01 1.317117000000000093e+00 6.513440000000000341e-01 2.882000000000000013e-03 2.799999999999999755e-04 4.169999999999999987e-04
1.344174438476560116e+09 1.512283500000000025e+01 1.309558999999999918e+00 6.671280000000000543e-01 2.781000000000000052e-03 2.939999999999999905e-04 4.380000000000000213e-04
1.357549438476560116e+09 1.504205100000000073e+01 1.296848999999999918e+00 6.846269999999999856e-01 2.652999999999999976e-03 2.820000000000000241e-04 4.380000000000000213e-04
1.370924438476560116e+09 1.496533600000000064e+01 1.284013000000000071e+00 6.952890000000000459e-01 2.557999999999999944e-03 2.860000000000000129e-04 4.159999999999999744e-04
1.384299438476560116e+09 1.488819699999999990e+01 1.270558000000000076e+00 7.101870000000000127e-01 2.328999999999999907e-03 2.930000000000000204e-04 4.389999999999999914e-04
1.397674438476560116e+09 1.480964700000000001e+01 1.257711999999999941e+00 7.187609999999999832e-01 2.187000000000000142e-03 2.999999999999999737e-04 4.070000000000000267e-04
1.411049438476560116e+09 1.473635999999999946e+01 1.246053999999999995e+00 7.283420000000000449e-01 2.050000000000000173e-03 3.119999999999999944e-04 3.879999999999999985e-04
1.424424438476560116e+09 1.466589600000000004e+01 1.233483000000000107e+00 7.356709999999999638e-01 1.897999999999999948e-03 3.449999999999999833e-04 4.209999999999999875e-04
1.437799438476560116e+09 1.458990999999999971e+01 1.223699000000000092e+00 7.429299999999999793e-01 1.868000000000000086e-03 2.999999999999999737e-04 4.000000000000000192e-04
1.451174438476560116e+09 1.451908199999999916e+01 1.216089999999999893e+00 7.499879999999999880e-01 1.827999999999999981e-03 2.910000000000000260e-04 3.959999999999999762e-04
1.464549438476560116e+09 1.444864399999999982e+01 1.204013999999999918e+00 7.577859999999999596e-01 1.907999999999999974e-03 2.809999999999999998e-04 4.000000000000000192e-04
1.477924438476560116e+09 1.438141000000000069e+01 1.192190000000000083e+00 7.667789999999999884e-01 2.014000000000000165e-03 3.040000000000000167e-04 3.910000000000000172e-04
1.491299438476560116e+09 1.431349400000000038e+01 1.181980999999999948e+00 7.747370000000000090e-01 2.105999999999999799e-03 3.220000000000000206e-04 3.950000000000000061e-04
1.504674438476560116e+09 1.424476600000000026e+01 1.172075999999999896e+00 7.824529999999999541e-01 2.301000000000000094e-03 3.049999999999999868e-04 3.919999999999999873e-04
1.518049438476560116e+09 1.418039399999999972e+01 1.162336000000000036e+00 7.911559999999999704e-01 2.540999999999999856e-03 3.200000000000000262e-04 4.159999999999999744e-04
1.544799438476560116e+09 1.406184799999999946e+01 1.144485999999999892e+00 8.071610000000000174e-01 3.099000000000000192e-03 4.249999999999999763e-04 5.079999999999999880e-04
1.558174438476560116e+09 1.397827999999999982e+01 1.134324000000000110e+00 8.167699999999999960e-01 3.193000000000000092e-03 3.649999999999999816e-04 4.380000000000000213e-04
1.571549438476560116e+09 1.391059800000000024e+01 1.126611999999999947e+00 8.266329999999999512e-01 3.409999999999999837e-03 4.769999999999999934e-04 5.349999999999999938e-04
1.584924438476560116e+09 1.384768799999999978e+01 1.116505999999999998e+00 8.275409999999999711e-01 3.439999999999999915e-03 4.330000000000000081e-04 4.780000000000000178e-04
1.598299438476560116e+09 1.378190999999999988e+01 1.107863999999999960e+00 8.318689999999999696e-01 3.370999999999999865e-03 4.040000000000000080e-04 4.699999999999999859e-04
1.611674438476560116e+09 1.371720599999999912e+01 1.099677000000000016e+00 8.369199999999999973e-01 3.177000000000000136e-03 3.829999999999999854e-04 4.369999999999999970e-04
1.625049438476560116e+09 1.366709299999999949e+01 1.087677000000000005e+00 8.376919999999999922e-01 3.716000000000000119e-03 1.136000000000000074e-03 1.616000000000000032e-03
1.638424438476560116e+09 1.358737200000000023e+01 1.084583999999999993e+00 8.324869999999999770e-01 4.236000000000000182e-03 4.290000000000000193e-04 5.800000000000000034e-04
1.651799438476560116e+09 1.353776299999999999e+01 1.077858999999999901e+00 8.303690000000000238e-01 4.565999999999999746e-03 4.640000000000000027e-04 5.270000000000000162e-04
