9.060517578125000000e+08 1.059989999999999960e-01 3.119999999999999944e-04 -3.440000000000000132e-04 1.949999999999999965e-04 1.640000000000000019e-04 1.700000000000000122e-04
9.127392578125000000e+08 1.056259999999999977e-01 1.019999999999999992e-04 -3.049999999999999868e-04 1.969999999999999909e-04 1.649999999999999991e-04 1.700000000000000122e-04
9.194267578125000000e+08 1.058000000000000052e-01 3.789999999999999966e-04 1.769999999999999926e-04 1.849999999999999973e-04 1.540000000000000028e-04 1.440000000000000036e-04
9.261142578125000000e+08 1.054220000000000018e-01 3.130000000000000187e-04 9.999999999999999547e-07 1.859999999999999945e-04 1.430000000000000064e-04 1.489999999999999897e-04
9.461767578125000000e+08 1.054900000000000004e-01 -1.420000000000000092e-04 2.099999999999999884e-05 3.809999999999999910e-04 2.869999999999999830e-04 2.790000000000000054e-04
9.528642578125000000e+08 1.050959999999999950e-01 2.460000000000000164e-04 2.079999999999999872e-04 1.910000000000000077e-04 1.510000000000000112e-04 1.389999999999999905e-04
9.595517578125000000e+08 1.047389999999999988e-01 2.400000000000000061e-04 -1.099999999999999971e-05 1.710000000000000094e-04 1.510000000000000112e-04 1.399999999999999877e-04
9.662392578125000000e+08 1.048270000000000035e-01 2.149999999999999947e-04 2.590000000000000071e-04 1.810000000000000085e-04 1.520000000000000084e-04 1.499999999999999869e-04
9.729267578125000000e+08 1.048199999999999965e-01 -1.259999999999999998e-04 1.060000000000000016e-04 1.759999999999999954e-04 1.679999999999999907e-04 1.420000000000000092e-04
9.796142578125000000e+08 1.045159999999999978e-01 1.169999999999999979e-04 1.169999999999999979e-04 1.569999999999999944e-04 1.359999999999999989e-04 1.430000000000000064e-04
9.863017578125000000e+08 1.045250000000000068e-01 2.359999999999999902e-04 -1.810000000000000085e-04 1.840000000000000001e-04 1.410000000000000120e-04 1.410000000000000120e-04
9.929892578125000000e+08 1.040429999999999966e-01 2.959999999999999849e-04 2.400000000000000061e-05 1.759999999999999954e-04 1.359999999999999989e-04 1.310000000000000129e-04
9.996767578125000000e+08 1.039790000000000020e-01 4.139999999999999800e-04 1.110000000000000011e-04 1.759999999999999954e-04 1.299999999999999886e-04 1.469999999999999953e-04
1.006364257812500000e+09 1.038850000000000051e-01 2.069999999999999900e-04 4.399999999999999886e-05 1.769999999999999926e-04 1.320000000000000101e-04 1.340000000000000045e-04
1.013051757812500000e+09 1.039370000000000016e-01 -1.160000000000000007e-04 -2.130000000000000003e-04 1.710000000000000094e-04 1.369999999999999961e-04 1.420000000000000092e-04
1.019739257812500000e+09 1.035910000000000025e-01 2.519999999999999996e-04 1.810000000000000085e-04 1.600000000000000131e-04 1.340000000000000045e-04 1.330000000000000073e-04
1.026426757812500000e+09 1.031600000000000017e-01 2.380000000000000117e-04 3.999999999999999819e-06 1.789999999999999870e-04 1.420000000000000092e-04 1.440000000000000036e-04
1.033114257812500000e+09 1.029079999999999995e-01 2.640000000000000202e-04 -4.090000000000000211e-04 1.789999999999999870e-04 1.600000000000000131e-04 1.459999999999999981e-04
1.039801757812500000e+09 1.030090000000000033e-01 2.809999999999999998e-04 1.110000000000000011e-04 1.649999999999999991e-04 1.410000000000000120e-04 1.389999999999999905e-04
1.046489257812500000e+09 1.031360000000000054e-01 -6.000000000000000152e-06 -1.140000000000000063e-04 1.620000000000000075e-04 1.559999999999999972e-04 1.450000000000000009e-04
1.053176757812500000e+09 1.032730000000000037e-01 6.200000000000000270e-05 -3.220000000000000206e-04 1.689999999999999879e-04 1.310000000000000129e-04 1.410000000000000120e-04
1.059864257812500000e+09 1.030120000000000063e-01 4.629999999999999784e-04 -1.399999999999999877e-04 1.610000000000000103e-04 1.320000000000000101e-04 1.459999999999999981e-04
1.066551757812500000e+09 1.030859999999999971e-01 -1.039999999999999936e-04 -5.000000000000000409e-06 1.700000000000000122e-04 1.140000000000000063e-04 1.340000000000000045e-04
1.073239257812500000e+09 1.030070000000000013e-01 2.220000000000000022e-04 9.699999999999999963e-05 1.810000000000000085e-04 1.350000000000000017e-04 1.489999999999999897e-04
1.079926757812500000e+09 1.027819999999999984e-01 4.569999999999999952e-04 -6.399999999999999710e-05 1.630000000000000047e-04 1.430000000000000064e-04 1.420000000000000092e-04
1.086614257812500000e+09 1.019670000000000021e-01 3.980000000000000248e-04 -5.299999999999999807e-04 2.300000000000000070e-04 1.939999999999999993e-04 1.890000000000000133e-04
1.099989257812500000e+09 1.020080000000000015e-01 5.739999999999999660e-04 -2.959999999999999849e-04 1.689999999999999879e-04 1.350000000000000017e-04 1.279999999999999942e-04
1.106676757812500000e+09 1.021360000000000046e-01 4.510000000000000120e-04 -1.800000000000000113e-04 1.679999999999999907e-04 1.359999999999999989e-04 1.310000000000000129e-04
1.113364257812500000e+09 1.023280000000000023e-01 5.050000000000000235e-04 6.799999999999999946e-05 1.589999999999999888e-04 1.219999999999999974e-04 1.269999999999999970e-04
1.120051757812500000e+09 1.021819999999999951e-01 1.160000000000000007e-04 -1.699999999999999987e-05 1.669999999999999935e-04 1.369999999999999961e-04 1.369999999999999961e-04
1.126739257812500000e+09 1.020849999999999952e-01 1.949999999999999965e-04 1.029999999999999964e-04 1.540000000000000028e-04 1.320000000000000101e-04 1.430000000000000064e-04
1.133426757812500000e+09 1.012330000000000035e-01 4.130000000000000099e-04 -4.600000000000000004e-05 1.520000000000000084e-04 1.469999999999999953e-04 1.250000000000000026e-04
1.140114257812500000e+09 1.015289999999999943e-01 -5.300000000000000078e-05 -3.429999999999999889e-04 1.700000000000000122e-04 1.289999999999999914e-04 1.459999999999999981e-04
1.153489257812500000e+09 1.014540000000000025e-01 2.939999999999999905e-04 -7.600000000000000418e-05 1.610000000000000103e-04 1.499999999999999869e-04 1.359999999999999989e-04
1.166864257812500000e+09 1.016989999999999977e-01 5.220000000000000031e-04 6.399999999999999710e-05 1.979999999999999881e-04 1.569999999999999944e-04 1.469999999999999953e-04
1.193614257812500000e+09 1.004560000000000036e-01 2.020000000000000040e-04 1.079999999999999960e-04 2.039999999999999984e-04 1.469999999999999953e-04 1.479999999999999925e-04
1.253801757812500000e+09 1.006279999999999952e-01 2.380000000000000117e-04 2.000000000000000096e-04 1.730000000000000038e-04 1.320000000000000101e-04 1.240000000000000054e-04
1.300614257812500000e+09 1.002809999999999951e-01 3.710000000000000190e-04 -1.890000000000000133e-04 1.659999999999999963e-04 1.320000000000000101e-04 1.269999999999999970e-04
1.307301757812500000e+09 1.002929999999999933e-01 7.399999999999999623e-05 -4.330000000000000081e-04 1.350000000000000017e-04 1.160000000000000007e-04 1.179999999999999951e-04
1.313989257812500000e+09 1.001900000000000013e-01 1.279999999999999942e-04 -3.399999999999999973e-05 1.369999999999999961e-04 1.179999999999999951e-04 1.129999999999999955e-04
1.320676757812500000e+09 1.003929999999999961e-01 2.750000000000000166e-04 -9.699999999999999963e-05 1.340000000000000045e-04 1.150000000000000035e-04 1.179999999999999951e-04
1.327364257812500000e+09 9.998600000000000543e-02 1.720000000000000066e-04 -1.150000000000000035e-04 1.240000000000000054e-04 1.100000000000000039e-04 1.069999999999999988e-04
1.334051757812500000e+09 9.989199999999999469e-02 1.820000000000000057e-04 1.710000000000000094e-04 1.259999999999999998e-04 1.110000000000000011e-04 1.150000000000000035e-04
1.340739257812500000e+09 9.955799999999999372e-02 3.939999999999999817e-04 -1.000000000000000082e-05 1.299999999999999886e-04 1.079999999999999960e-04 1.090000000000000067e-04
1.347426757812500000e+09 9.973400000000000321e-02 3.449999999999999833e-04 -1.689999999999999879e-04 1.310000000000000129e-04 1.150000000000000035e-04 1.179999999999999951e-04
1.354114257812500000e+09 9.980200000000000182e-02 2.030000000000000012e-04 -8.000000000000000654e-05 1.269999999999999970e-04 1.090000000000000067e-04 1.160000000000000007e-04
1.360801757812500000e+09 9.967299999999999771e-02 2.669999999999999847e-04 -3.150000000000000131e-04 1.210000000000000002e-04 1.079999999999999960e-04 1.119999999999999983e-04
1.367489257812500000e+09 9.948400000000000298e-02 2.259999999999999910e-04 -7.299999999999999903e-05 1.320000000000000101e-04 1.039999999999999936e-04 1.079999999999999960e-04
1.374176757812500000e+09 9.952300000000000035e-02 1.350000000000000017e-04 9.999999999999999547e-07 1.250000000000000026e-04 1.100000000000000039e-04 1.019999999999999992e-04
1.380864257812500000e+09 9.907399999999999540e-02 3.890000000000000228e-04 -1.849999999999999973e-04 1.250000000000000026e-04 1.050000000000000044e-04 1.150000000000000035e-04
1.387551757812500000e+09 9.940699999999999537e-02 2.649999999999999903e-04 -1.350000000000000017e-04 1.230000000000000082e-04 1.160000000000000007e-04 1.160000000000000007e-04
1.394239257812500000e+09 9.972899999999999820e-02 2.770000000000000110e-04 -1.200000000000000030e-04 1.230000000000000082e-04 1.039999999999999936e-04 1.119999999999999983e-04
1.400926757812500000e+09 9.935399999999999787e-02 3.409999999999999945e-04 0.000000000000000000e+00 1.269999999999999970e-04 1.090000000000000067e-04 1.039999999999999936e-04
1.407614257812500000e+09 9.941899999999999349e-02 3.480000000000000020e-04 5.700000000000000314e-05 1.190000000000000058e-04 1.110000000000000011e-04 1.110000000000000011e-04
1.414301757812500000e+09 9.928700000000000025e-02 3.550000000000000096e-04 -1.959999999999999937e-04 1.210000000000000002e-04 1.119999999999999983e-04 1.129999999999999955e-04
1.420989257812500000e+09 9.938900000000000512e-02 6.380000000000000037e-04 8.399999999999999535e-05 1.979999999999999881e-04 1.720000000000000066e-04 1.730000000000000038e-04
1.427676757812500000e+09 9.939199999999999424e-02 2.620000000000000258e-04 -7.600000000000000418e-05 1.259999999999999998e-04 1.140000000000000063e-04 1.150000000000000035e-04
1.434364257812500000e+09 9.917700000000000127e-02 2.919999999999999961e-04 5.099999999999999960e-05 1.200000000000000030e-04 1.090000000000000067e-04 1.060000000000000016e-04
1.441051757812500000e+09 9.910700000000000065e-02 2.900000000000000017e-05 -1.890000000000000133e-04 1.299999999999999886e-04 1.119999999999999983e-04 1.160000000000000007e-04
1.447739257812500000e+09 9.921099999999999364e-02 2.559999999999999884e-04 -3.420000000000000188e-04 1.230000000000000082e-04 1.140000000000000063e-04 1.069999999999999988e-04
1.454426757812500000e+09 9.909600000000000353e-02 2.420000000000000005e-04 -2.469999999999999865e-04 1.200000000000000030e-04 1.100000000000000039e-04 1.169999999999999979e-04
1.461114257812500000e+09 9.907100000000000628e-02 6.499999999999999431e-05 5.599999999999999916e-05 1.289999999999999914e-04 1.190000000000000058e-04 1.169999999999999979e-04
1.467801757812500000e+09 9.922599999999999476e-02 2.700000000000000035e-04 -1.140000000000000063e-04 1.259999999999999998e-04 1.060000000000000016e-04 1.240000000000000054e-04
1.474489257812500000e+09 9.921499999999999764e-02 7.799999999999999859e-05 -2.130000000000000003e-04 1.269999999999999970e-04 1.129999999999999955e-04 1.129999999999999955e-04
1.481176757812500000e+09 9.903000000000000691e-02 1.230000000000000082e-04 -7.100000000000000462e-05 1.190000000000000058e-04 1.169999999999999979e-04 1.090000000000000067e-04
1.487864257812500000e+09 9.866099999999999870e-02 2.269999999999999882e-04 -4.300000000000000165e-05 1.179999999999999951e-04 1.150000000000000035e-04 1.230000000000000082e-04
1.494551757812500000e+09 9.881399999999999906e-02 4.090000000000000211e-04 -1.479999999999999925e-04 1.250000000000000026e-04 1.129999999999999955e-04 1.100000000000000039e-04
1.501239257812500000e+09 9.888500000000000068e-02 4.569999999999999952e-04 -1.350000000000000017e-04 1.169999999999999979e-04 1.060000000000000016e-04 1.079999999999999960e-04
1.507926757812500000e+09 9.908899999999999653e-02 2.919999999999999961e-04 -3.100000000000000135e-05 1.310000000000000129e-04 1.010000000000000020e-04 1.119999999999999983e-04
1.514614257812500000e+09 9.916999999999999427e-02 2.200000000000000078e-04 -1.810000000000000085e-04 1.299999999999999886e-04 1.169999999999999979e-04 1.100000000000000039e-04
