9.044713134765620232e+08 6.587500000000000300e-02 2.501999999999999884e-03 -9.389999999999999476e-04 2.860000000000000129e-04 2.310000000000000042e-04 2.390000000000000089e-04
9.078150634765620232e+08 6.504100000000000159e-02 2.772000000000000158e-03 -8.400000000000000348e-04 2.759999999999999867e-04 2.390000000000000089e-04 2.359999999999999902e-04
9.111588134765620232e+08 6.514799999999999758e-02 2.177999999999999815e-03 -6.790000000000000245e-04 2.649999999999999903e-04 2.110000000000000059e-04 2.149999999999999947e-04
9.145025634765620232e+08 6.504500000000000559e-02 2.409000000000000117e-03 -4.110000000000000155e-04 2.750000000000000166e-04 2.410000000000000033e-04 2.220000000000000022e-04
9.178463134765620232e+08 6.496799999999999797e-02 2.292999999999999899e-03 -5.240000000000000517e-04 2.779999999999999811e-04 2.220000000000000022e-04 2.339999999999999958e-04
9.211900634765620232e+08 6.471999999999999975e-02 2.292999999999999899e-03 -7.889999999999999878e-04 2.849999999999999886e-04 2.249999999999999938e-04 2.339999999999999958e-04
9.245338134765620232e+08 6.466700000000000226e-02 2.419999999999999842e-03 -8.710000000000000294e-04 2.889999999999999774e-04 2.320000000000000014e-04 2.139999999999999975e-04
9.278775634765620232e+08 6.454400000000000415e-02 2.354999999999999889e-03 -5.680000000000000370e-04 2.979999999999999793e-04 2.169999999999999891e-04 2.149999999999999947e-04
9.312213134765620232e+08 6.454699999999999327e-02 2.451000000000000054e-03 -4.000000000000000192e-04 2.790000000000000054e-04 2.310000000000000042e-04 2.239999999999999966e-04
9.512838134765620232e+08 6.419600000000000306e-02 2.472999999999999938e-03 -3.519999999999999908e-04 2.610000000000000015e-04 2.449999999999999921e-04 2.500000000000000052e-04
9.546275634765620232e+08 6.377299999999999636e-02 2.893000000000000172e-03 -9.349999999999999587e-04 2.900000000000000017e-04 2.449999999999999921e-04 2.570000000000000127e-04
9.579713134765620232e+08 6.426600000000000368e-02 1.992999999999999980e-03 -9.190000000000000035e-04 3.789999999999999966e-04 2.849999999999999886e-04 2.869999999999999830e-04
9.613150634765620232e+08 6.453100000000000502e-02 2.567999999999999970e-03 -6.400000000000000524e-04 2.790000000000000054e-04 2.359999999999999902e-04 2.489999999999999809e-04
9.646588134765620232e+08 6.425699999999999468e-02 2.351999999999999924e-03 -4.229999999999999819e-04 2.579999999999999828e-04 2.049999999999999956e-04 2.110000000000000059e-04
9.680025634765620232e+08 6.358900000000000663e-02 2.436999999999999930e-03 -9.070000000000000371e-04 2.669999999999999847e-04 2.239999999999999966e-04 2.110000000000000059e-04
9.713463134765620232e+08 6.371999999999999886e-02 2.784000000000000016e-03 -6.009999999999999717e-04 2.730000000000000222e-04 2.000000000000000096e-04 2.010000000000000068e-04
9.746900634765620232e+08 6.339000000000000190e-02 2.654000000000000109e-03 -9.319999999999999942e-04 2.590000000000000071e-04 1.990000000000000124e-04 1.949999999999999965e-04
9.780338134765620232e+08 6.348399999999999876e-02 2.304000000000000058e-03 -4.749999999999999990e-04 2.400000000000000061e-04 2.000000000000000096e-04 2.139999999999999975e-04
9.813775634765620232e+08 6.285300000000000609e-02 2.229000000000000078e-03 -4.879999999999999898e-04 2.439999999999999949e-04 2.120000000000000031e-04 2.100000000000000087e-04
9.847213134765620232e+08 6.284499999999999809e-02 2.645999999999999915e-03 -4.380000000000000213e-04 2.509999999999999753e-04 2.020000000000000040e-04 2.049999999999999956e-04
9.880650634765620232e+08 6.304800000000000681e-02 2.399000000000000091e-03 -4.240000000000000062e-04 2.269999999999999882e-04 2.090000000000000115e-04 2.239999999999999966e-04
9.914088134765620232e+08 6.324799999999999867e-02 2.477000000000000035e-03 -4.070000000000000267e-04 2.410000000000000033e-04 2.039999999999999984e-04 2.159999999999999919e-04
9.980963134765620232e+08 6.279099999999999959e-02 2.390000000000000197e-03 -5.199999999999999544e-04 2.700000000000000035e-04 1.890000000000000133e-04 2.059999999999999928e-04
1.001440063476559997e+09 6.259900000000000186e-02 2.379000000000000038e-03 -1.900000000000000105e-04 2.719999999999999979e-04 2.110000000000000059e-04 2.000000000000000096e-04
1.004783813476559997e+09 6.261200000000000099e-02 2.354999999999999889e-03 -8.620000000000000275e-04 2.629999999999999959e-04 2.000000000000000096e-04 1.859999999999999945e-04
1.008127563476559997e+09 6.245799999999999963e-02 2.503000000000000017e-03 -6.120000000000000223e-04 2.460000000000000164e-04 2.110000000000000059e-04 1.939999999999999993e-04
1.011471313476559997e+09 6.249799999999999800e-02 2.432999999999999833e-03 -1.840000000000000001e-04 2.500000000000000052e-04 1.969999999999999909e-04 1.979999999999999881e-04
1.014815063476559997e+09 6.272999999999999410e-02 2.164000000000000125e-03 -3.980000000000000248e-04 2.320000000000000014e-04 2.110000000000000059e-04 2.049999999999999956e-04
1.018158813476559997e+09 6.221200000000000341e-02 2.099000000000000171e-03 -5.100000000000000366e-04 2.579999999999999828e-04 2.000000000000000096e-04 2.130000000000000003e-04
1.021502563476559997e+09 6.221600000000000047e-02 2.160000000000000028e-03 -5.710000000000000015e-04 2.669999999999999847e-04 1.990000000000000124e-04 1.969999999999999909e-04
1.024846313476559997e+09 6.184300000000000214e-02 2.772000000000000158e-03 -1.320000000000000101e-04 2.550000000000000183e-04 1.969999999999999909e-04 2.110000000000000059e-04
1.028190063476559997e+09 6.134900000000000075e-02 1.835000000000000043e-03 -7.940000000000000009e-04 2.829999999999999942e-04 2.079999999999999872e-04 2.039999999999999984e-04
1.031533813476559997e+09 6.118300000000000127e-02 2.458999999999999814e-03 -5.969999999999999829e-04 2.469999999999999865e-04 2.090000000000000115e-04 2.159999999999999919e-04
1.034877563476559997e+09 6.144399999999999862e-02 2.259000000000000157e-03 -1.240000000000000054e-04 2.380000000000000117e-04 2.110000000000000059e-04 2.030000000000000012e-04
1.038221313476559997e+09 6.125900000000000095e-02 2.347999999999999827e-03 -1.700000000000000122e-04 2.329999999999999986e-04 2.059999999999999928e-04 2.000000000000000096e-04
1.041565063476559997e+09 6.096300000000000330e-02 2.696000000000000046e-03 -1.699999999999999987e-05 2.480000000000000108e-04 1.939999999999999993e-04 1.969999999999999909e-04
1.044908813476559997e+09 6.101299999999999779e-02 2.220999999999999884e-03 -7.700000000000000139e-05 2.539999999999999940e-04 2.049999999999999956e-04 1.830000000000000029e-04
1.048252563476559997e+09 6.087900000000000256e-02 2.510000000000000078e-03 -5.209999999999999788e-04 2.310000000000000042e-04 1.910000000000000077e-04 1.990000000000000124e-04
1.051596313476559997e+09 6.050900000000000029e-02 2.273999999999999980e-03 -9.000000000000000228e-06 2.539999999999999940e-04 1.810000000000000085e-04 2.039999999999999984e-04
1.054940063476559997e+09 6.027899999999999925e-02 2.305999999999999890e-03 -1.559999999999999972e-04 2.310000000000000042e-04 1.849999999999999973e-04 2.079999999999999872e-04
1.058283813476559997e+09 5.995000000000000329e-02 2.151999999999999833e-03 -1.589999999999999888e-04 2.469999999999999865e-04 1.930000000000000021e-04 1.859999999999999945e-04
1.061627563476559997e+09 5.967900000000000288e-02 2.327000000000000075e-03 -5.500000000000000196e-05 2.420000000000000005e-04 1.990000000000000124e-04 1.930000000000000021e-04
1.064971313476559997e+09 6.000400000000000178e-02 2.049000000000000040e-03 -3.370000000000000057e-04 2.669999999999999847e-04 2.030000000000000012e-04 1.849999999999999973e-04
1.068315063476559997e+09 5.966699999999999782e-02 2.504000000000000149e-03 -3.209999999999999963e-04 2.369999999999999874e-04 1.979999999999999881e-04 1.949999999999999965e-04
1.071658813476559997e+09 5.977899999999999880e-02 2.256000000000000193e-03 -5.980000000000000072e-04 2.320000000000000014e-04 1.830000000000000029e-04 1.959999999999999937e-04
1.075002563476560116e+09 5.988000000000000267e-02 2.311999999999999819e-03 -1.710000000000000094e-04 2.249999999999999938e-04 1.949999999999999965e-04 1.939999999999999993e-04
1.078346313476560116e+09 5.954199999999999771e-02 1.988000000000000184e-03 -6.899999999999999667e-05 2.249999999999999938e-04 2.100000000000000087e-04 1.920000000000000049e-04
1.081690063476560116e+09 5.937400000000000316e-02 1.900999999999999912e-03 -4.130000000000000099e-04 2.359999999999999902e-04 1.830000000000000029e-04 1.840000000000000001e-04
1.085033813476560116e+09 5.928900000000000142e-02 2.325999999999999943e-03 -2.030000000000000012e-04 2.320000000000000014e-04 1.879999999999999890e-04 1.840000000000000001e-04
1.095065063476560116e+09 5.843299999999999883e-02 2.373999999999999808e-03 -1.299999999999999920e-05 2.539999999999999940e-04 1.939999999999999993e-04 1.910000000000000077e-04
1.098408813476560116e+09 5.900799999999999795e-02 1.975000000000000193e-03 -3.449999999999999833e-04 2.180000000000000134e-04 1.910000000000000077e-04 1.830000000000000029e-04
1.101752563476560116e+09 5.920399999999999968e-02 2.292999999999999899e-03 -2.210000000000000050e-04 2.059999999999999928e-04 1.879999999999999890e-04 1.959999999999999937e-04
1.105096313476560116e+09 5.949700000000000127e-02 2.093999999999999941e-03 -2.090000000000000115e-04 2.530000000000000239e-04 1.869999999999999917e-04 2.039999999999999984e-04
1.108440063476560116e+09 5.875799999999999773e-02 2.056000000000000102e-03 1.060000000000000016e-04 2.420000000000000005e-04 1.849999999999999973e-04 1.859999999999999945e-04
1.111783813476560116e+09 5.866699999999999693e-02 1.840000000000000056e-03 2.039999999999999984e-04 2.339999999999999958e-04 1.679999999999999907e-04 2.110000000000000059e-04
1.115127563476560116e+09 5.820299999999999779e-02 2.360999999999999818e-03 3.499999999999999693e-05 2.200000000000000078e-04 2.030000000000000012e-04 1.749999999999999982e-04
1.118471313476560116e+09 5.874000000000000055e-02 2.458999999999999814e-03 -3.570000000000000040e-04 2.439999999999999949e-04 1.959999999999999937e-04 1.849999999999999973e-04
1.121815063476560116e+09 5.912800000000000000e-02 2.232000000000000043e-03 -1.510000000000000112e-04 2.139999999999999975e-04 2.010000000000000068e-04 1.740000000000000010e-04
1.125158813476560116e+09 5.861500000000000044e-02 2.014000000000000165e-03 -1.990000000000000124e-04 2.449999999999999921e-04 1.769999999999999926e-04 1.879999999999999890e-04
1.128502563476560116e+09 5.817200000000000149e-02 2.547999999999999918e-03 -1.669999999999999935e-04 2.139999999999999975e-04 1.959999999999999937e-04 1.990000000000000124e-04
1.131846313476560116e+09 5.843299999999999883e-02 2.373000000000000109e-03 -9.699999999999999963e-05 2.229999999999999994e-04 1.890000000000000133e-04 1.900000000000000105e-04
1.138533813476560116e+09 5.807600000000000262e-02 2.207000000000000194e-03 -1.430000000000000064e-04 2.200000000000000078e-04 1.679999999999999907e-04 1.820000000000000057e-04
1.141877563476560116e+09 5.838399999999999840e-02 2.478999999999999867e-03 -2.809999999999999998e-04 2.210000000000000050e-04 1.900000000000000105e-04 2.079999999999999872e-04
1.145221313476560116e+09 5.776799999999999990e-02 2.062000000000000031e-03 -3.330000000000000169e-04 2.539999999999999940e-04 2.159999999999999919e-04 2.200000000000000078e-04
1.151908813476560116e+09 5.702299999999999730e-02 2.334999999999999836e-03 -2.469999999999999865e-04 2.429999999999999977e-04 2.030000000000000012e-04 2.120000000000000031e-04
1.155252563476560116e+09 5.830199999999999966e-02 2.106999999999999932e-03 -6.899999999999999667e-05 2.159999999999999919e-04 1.920000000000000049e-04 1.830000000000000029e-04
1.158596313476560116e+09 5.809899999999999787e-02 2.167000000000000089e-03 -1.060000000000000016e-04 2.329999999999999986e-04 2.039999999999999984e-04 1.920000000000000049e-04
1.161940063476560116e+09 5.667500000000000315e-02 2.446999999999999956e-03 -3.390000000000000001e-04 2.469999999999999865e-04 1.979999999999999881e-04 2.130000000000000003e-04
1.165283813476560116e+09 5.796400000000000163e-02 2.351999999999999924e-03 9.000000000000000567e-05 2.359999999999999902e-04 2.100000000000000087e-04 1.800000000000000113e-04
1.168627563476560116e+09 5.837599999999999734e-02 2.288000000000000103e-03 2.099999999999999884e-05 3.229999999999999907e-04 2.860000000000000129e-04 2.900000000000000017e-04
1.185346313476560116e+09 5.797100000000000170e-02 2.207000000000000194e-03 1.140000000000000063e-04 2.530000000000000239e-04 2.300000000000000070e-04 2.030000000000000012e-04
1.188690063476560116e+09 5.686700000000000088e-02 2.367999999999999879e-03 8.200000000000000095e-05 2.280000000000000126e-04 2.090000000000000115e-04 2.079999999999999872e-04
1.195377563476560116e+09 5.719400000000000178e-02 2.308000000000000156e-03 -1.900000000000000105e-05 2.229999999999999994e-04 1.740000000000000010e-04 1.879999999999999890e-04
1.198721313476560116e+09 5.622800000000000020e-02 1.824000000000000100e-03 2.519999999999999996e-04 2.410000000000000033e-04 2.020000000000000040e-04 2.180000000000000134e-04
1.215440063476560116e+09 5.651699999999999779e-02 2.269000000000000183e-03 5.599999999999999916e-05 2.280000000000000126e-04 2.079999999999999872e-04 1.949999999999999965e-04
1.218783813476560116e+09 5.672599999999999865e-02 2.341000000000000199e-03 -2.180000000000000134e-04 2.310000000000000042e-04 1.990000000000000124e-04 2.130000000000000003e-04
1.238846313476560116e+09 5.653099999999999792e-02 1.675000000000000057e-03 1.579999999999999916e-04 2.079999999999999872e-04 1.789999999999999870e-04 1.840000000000000001e-04
1.285658813476560116e+09 5.405900000000000288e-02 2.407999999999999984e-03 3.789999999999999966e-04 2.380000000000000117e-04 2.380000000000000117e-04 2.239999999999999966e-04
1.292346313476560116e+09 5.427699999999999886e-02 1.843999999999999936e-03 3.890000000000000228e-04 2.640000000000000202e-04 2.410000000000000033e-04 2.500000000000000052e-04
1.295690063476560116e+09 5.489100000000000229e-02 1.886000000000000090e-03 -6.999999999999999387e-05 1.779999999999999898e-04 1.720000000000000066e-04 1.720000000000000066e-04
1.299033813476560116e+09 5.460500000000000076e-02 1.863999999999999988e-03 3.860000000000000041e-04 1.820000000000000057e-04 1.710000000000000094e-04 1.710000000000000094e-04
1.302377563476560116e+09 5.480499999999999955e-02 2.158999999999999895e-03 1.289999999999999914e-04 1.759999999999999954e-04 1.620000000000000075e-04 1.710000000000000094e-04
1.305721313476560116e+09 5.477800000000000030e-02 2.102000000000000136e-03 1.730000000000000038e-04 1.649999999999999991e-04 1.510000000000000112e-04 1.659999999999999963e-04
1.309065063476560116e+09 5.484800000000000092e-02 2.037999999999999881e-03 8.799999999999999771e-05 1.710000000000000094e-04 1.749999999999999982e-04 1.559999999999999972e-04
1.312408813476560116e+09 5.482200000000000267e-02 2.115000000000000126e-03 6.000000000000000152e-05 1.789999999999999870e-04 1.430000000000000064e-04 1.630000000000000047e-04
1.315752563476560116e+09 5.455200000000000327e-02 2.144000000000000072e-03 -5.500000000000000196e-05 1.710000000000000094e-04 1.630000000000000047e-04 1.630000000000000047e-04
1.319096313476560116e+09 5.430000000000000104e-02 2.158000000000000196e-03 1.530000000000000056e-04 1.610000000000000103e-04 1.569999999999999944e-04 1.600000000000000131e-04
1.322440063476560116e+09 5.449099999999999777e-02 1.956999999999999972e-03 6.189999999999999756e-04 1.649999999999999991e-04 1.679999999999999907e-04 1.630000000000000047e-04
1.325783813476560116e+09 5.418599999999999806e-02 1.766999999999999908e-03 8.299999999999999815e-05 1.689999999999999879e-04 1.630000000000000047e-04 1.389999999999999905e-04
1.329127563476560116e+09 5.427799999999999986e-02 2.079999999999999818e-03 3.319999999999999926e-04 1.740000000000000010e-04 1.589999999999999888e-04 1.610000000000000103e-04
1.332471313476560116e+09 5.389000000000000040e-02 2.033000000000000085e-03 1.579999999999999916e-04 1.689999999999999879e-04 1.559999999999999972e-04 1.630000000000000047e-04
1.335815063476560116e+09 5.392000000000000265e-02 1.958000000000000105e-03 2.280000000000000126e-04 1.710000000000000094e-04 1.610000000000000103e-04 1.510000000000000112e-04
1.339158813476560116e+09 5.371499999999999886e-02 1.959999999999999937e-03 1.430000000000000064e-04 1.779999999999999898e-04 1.540000000000000028e-04 1.559999999999999972e-04
1.342502563476560116e+09 5.420599999999999724e-02 1.881999999999999992e-03 -5.500000000000000196e-05 1.659999999999999963e-04 1.610000000000000103e-04 1.530000000000000056e-04
1.345846313476560116e+09 5.390600000000000253e-02 1.954000000000000008e-03 -7.100000000000000462e-05 1.649999999999999991e-04 1.700000000000000122e-04 1.469999999999999953e-04
1.349190063476560116e+09 5.367299999999999849e-02 1.822000000000000052e-03 2.599999999999999840e-05 1.740000000000000010e-04 1.610000000000000103e-04 1.620000000000000075e-04
1.352533813476560116e+09 5.354300000000000032e-02 2.072000000000000057e-03 8.500000000000000611e-05 1.600000000000000131e-04 1.649999999999999991e-04 1.669999999999999935e-04
1.355877563476560116e+09 5.378499999999999948e-02 2.079000000000000119e-03 2.000000000000000096e-04 1.630000000000000047e-04 1.499999999999999869e-04 1.579999999999999916e-04
1.359221313476560116e+09 5.353800000000000225e-02 2.181000000000000213e-03 2.180000000000000134e-04 1.530000000000000056e-04 1.520000000000000084e-04 1.520000000000000084e-04
1.362565063476560116e+09 5.384599999999999803e-02 1.946000000000000030e-03 8.200000000000000095e-05 1.620000000000000075e-04 1.499999999999999869e-04 1.579999999999999916e-04
1.365908813476560116e+09 5.366300000000000237e-02 2.178999999999999947e-03 5.019999999999999506e-04 1.569999999999999944e-04 1.659999999999999963e-04 1.669999999999999935e-04
1.369252563476560116e+09 5.374600000000000211e-02 1.931999999999999907e-03 2.730000000000000222e-04 1.740000000000000010e-04 1.610000000000000103e-04 1.579999999999999916e-04
1.372596313476560116e+09 5.344299999999999745e-02 1.770000000000000089e-03 7.700000000000000139e-05 1.649999999999999991e-04 1.510000000000000112e-04 1.550000000000000000e-04
1.375940063476560116e+09 5.323100000000000054e-02 2.015999999999999997e-03 3.300000000000000253e-05 1.749999999999999982e-04 1.630000000000000047e-04 1.640000000000000019e-04
1.379283813476560116e+09 5.318200000000000011e-02 2.230999999999999910e-03 -8.399999999999999535e-05 1.749999999999999982e-04 1.579999999999999916e-04 1.779999999999999898e-04
1.382627563476560116e+09 5.283899999999999708e-02 1.856000000000000011e-03 1.090000000000000067e-04 1.710000000000000094e-04 1.589999999999999888e-04 1.640000000000000019e-04
1.385971313476560116e+09 5.358799999999999675e-02 1.830000000000000029e-03 2.110000000000000059e-04 1.669999999999999935e-04 1.610000000000000103e-04 1.559999999999999972e-04
1.389315063476560116e+09 5.327899999999999997e-02 1.979999999999999989e-03 2.739999999999999923e-04 1.669999999999999935e-04 1.520000000000000084e-04 1.410000000000000120e-04
1.392658813476560116e+09 5.316300000000000192e-02 2.062000000000000031e-03 8.200000000000000095e-05 1.640000000000000019e-04 1.669999999999999935e-04 1.520000000000000084e-04
1.396002563476560116e+09 5.299999999999999850e-02 2.125000000000000153e-03 3.579999999999999741e-04 1.689999999999999879e-04 1.600000000000000131e-04 1.620000000000000075e-04
1.399346313476560116e+09 5.329500000000000209e-02 1.825000000000000016e-03 2.509999999999999753e-04 1.540000000000000028e-04 1.479999999999999925e-04 1.700000000000000122e-04
1.402690063476560116e+09 5.302300000000000069e-02 1.569999999999999998e-03 1.890000000000000133e-04 1.620000000000000075e-04 1.479999999999999925e-04 1.579999999999999916e-04
1.406033813476560116e+09 5.293899999999999995e-02 2.037000000000000182e-03 4.670000000000000214e-04 1.630000000000000047e-04 1.630000000000000047e-04 1.669999999999999935e-04
1.409377563476560116e+09 5.305200000000000193e-02 2.064999999999999995e-03 2.090000000000000115e-04 1.710000000000000094e-04 1.540000000000000028e-04 1.730000000000000038e-04
1.412721313476560116e+09 5.257699999999999874e-02 1.995999999999999944e-03 2.269999999999999882e-04 1.550000000000000000e-04 1.559999999999999972e-04 1.659999999999999963e-04
1.416065063476560116e+09 5.298800000000000038e-02 1.853999999999999962e-03 5.509999999999999490e-04 1.640000000000000019e-04 1.510000000000000112e-04 1.620000000000000075e-04
1.422752563476560116e+09 5.319800000000000223e-02 1.827999999999999981e-03 4.479999999999999933e-04 2.300000000000000070e-04 2.290000000000000098e-04 2.169999999999999891e-04
1.426096313476560116e+09 5.253800000000000137e-02 1.804999999999999964e-03 3.620000000000000171e-04 1.620000000000000075e-04 1.659999999999999963e-04 1.550000000000000000e-04
1.429440063476560116e+09 5.283800000000000302e-02 2.040000000000000147e-03 3.669999999999999760e-04 1.610000000000000103e-04 1.600000000000000131e-04 1.510000000000000112e-04
1.432783813476560116e+09 5.246800000000000075e-02 1.998999999999999909e-03 2.919999999999999961e-04 1.630000000000000047e-04 1.630000000000000047e-04 1.559999999999999972e-04
1.436127563476560116e+09 5.261699999999999711e-02 1.955999999999999839e-03 2.590000000000000071e-04 1.600000000000000131e-04 1.510000000000000112e-04 1.510000000000000112e-04
1.439471313476560116e+09 5.251299999999999718e-02 2.139999999999999975e-03 2.220000000000000022e-04 1.630000000000000047e-04 1.610000000000000103e-04 1.679999999999999907e-04
1.442815063476560116e+09 5.221100000000000046e-02 2.027999999999999855e-03 5.619999999999999996e-04 1.630000000000000047e-04 1.600000000000000131e-04 1.569999999999999944e-04
1.446158813476560116e+09 5.214200000000000085e-02 1.920999999999999965e-03 3.049999999999999868e-04 1.679999999999999907e-04 1.659999999999999963e-04 1.489999999999999897e-04
1.449502563476560116e+09 5.227500000000000202e-02 1.858999999999999975e-03 2.439999999999999949e-04 1.600000000000000131e-04 1.550000000000000000e-04 1.700000000000000122e-04
1.452846313476560116e+09 5.212900000000000172e-02 1.766999999999999908e-03 5.130000000000000011e-04 1.679999999999999907e-04 1.579999999999999916e-04 1.489999999999999897e-04
1.456190063476560116e+09 5.208399999999999835e-02 1.965000000000000167e-03 9.399999999999999448e-05 1.800000000000000113e-04 1.510000000000000112e-04 1.559999999999999972e-04
1.459533813476560116e+09 5.195400000000000018e-02 2.125000000000000153e-03 6.700000000000000226e-05 1.659999999999999963e-04 1.640000000000000019e-04 1.589999999999999888e-04
1.462877563476560116e+09 5.226800000000000196e-02 1.600000000000000077e-03 5.730000000000000501e-04 1.630000000000000047e-04 1.579999999999999916e-04 1.610000000000000103e-04
1.466221313476560116e+09 5.169900000000000190e-02 1.915000000000000036e-03 5.739999999999999660e-04 1.659999999999999963e-04 1.600000000000000131e-04 1.589999999999999888e-04
1.469565063476560116e+09 5.222000000000000253e-02 1.948000000000000079e-03 4.169999999999999987e-04 1.630000000000000047e-04 1.559999999999999972e-04 1.550000000000000000e-04
1.472908813476560116e+09 5.199399999999999855e-02 2.010000000000000068e-03 1.900000000000000105e-04 1.649999999999999991e-04 1.630000000000000047e-04 1.759999999999999954e-04
1.476252563476560116e+09 5.193600000000000300e-02 1.951999999999999959e-03 6.139999999999999625e-04 1.659999999999999963e-04 1.589999999999999888e-04 1.589999999999999888e-04
1.479596313476560116e+09 5.187200000000000144e-02 1.953000000000000092e-03 3.260000000000000094e-04 1.589999999999999888e-04 1.569999999999999944e-04 1.540000000000000028e-04
1.482940063476560116e+09 5.176100000000000145e-02 1.662999999999999982e-03 2.390000000000000089e-04 1.589999999999999888e-04 1.520000000000000084e-04 1.559999999999999972e-04
1.486283813476560116e+09 5.167800000000000171e-02 1.688000000000000047e-03 5.919999999999999698e-04 1.679999999999999907e-04 1.649999999999999991e-04 1.550000000000000000e-04
1.489627563476560116e+09 5.174700000000000133e-02 1.608000000000000054e-03 4.169999999999999987e-04 1.530000000000000056e-04 1.499999999999999869e-04 1.649999999999999991e-04
1.492971313476560116e+09 5.161199999999999816e-02 2.158000000000000196e-03 2.919999999999999961e-04 1.550000000000000000e-04 1.550000000000000000e-04 1.630000000000000047e-04
1.496315063476560116e+09 5.149700000000000111e-02 1.644999999999999978e-03 4.189999999999999931e-04 1.610000000000000103e-04 1.620000000000000075e-04 1.600000000000000131e-04
1.499658813476560116e+09 5.139900000000000024e-02 2.184000000000000177e-03 3.150000000000000131e-04 1.810000000000000085e-04 1.830000000000000029e-04 1.679999999999999907e-04
1.503002563476560116e+09 5.139799999999999924e-02 2.099000000000000171e-03 4.020000000000000136e-04 1.769999999999999926e-04 1.779999999999999898e-04 1.669999999999999935e-04
1.506346313476560116e+09 5.161199999999999816e-02 1.793000000000000106e-03 1.559999999999999972e-04 1.769999999999999926e-04 1.759999999999999954e-04 1.700000000000000122e-04
1.509690063476560116e+09 5.140700000000000131e-02 1.926999999999999894e-03 3.379999999999999758e-04 1.800000000000000113e-04 1.789999999999999870e-04 1.700000000000000122e-04
1.513033813476560116e+09 5.155499999999999666e-02 1.618999999999999996e-03 5.509999999999999490e-04 1.830000000000000029e-04 1.740000000000000010e-04 1.740000000000000010e-04
1.516377563476560116e+09 5.175400000000000139e-02 1.884999999999999957e-03 4.099999999999999912e-04 1.730000000000000038e-04 1.700000000000000122e-04 1.840000000000000001e-04
1.519721313476560116e+09 5.164799999999999947e-02 1.845999999999999985e-03 8.800000000000000313e-04 1.990000000000000124e-04 1.840000000000000001e-04 1.759999999999999954e-04
1.523065063476560116e+09 5.151499999999999829e-02 1.835000000000000043e-03 8.310000000000000329e-04 3.220000000000000206e-04 3.020000000000000223e-04 3.020000000000000223e-04
1.526408813476560116e+09 5.174999999999999739e-02 1.773999999999999969e-03 8.549999999999999658e-04 4.600000000000000139e-04 4.000000000000000192e-04 3.789999999999999966e-04
1.553158813476560116e+09 4.997499999999999859e-02 2.000000000000000042e-03 5.569999999999999864e-04 4.029999999999999837e-04 3.770000000000000022e-04 3.690000000000000246e-04
1.566533813476560116e+09 5.106600000000000028e-02 2.040999999999999846e-03 2.770000000000000110e-04 2.180000000000000134e-04 1.869999999999999917e-04 1.939999999999999993e-04
1.586596313476560116e+09 5.068399999999999989e-02 2.086000000000000180e-03 -1.589999999999999888e-04 2.059999999999999928e-04 1.910000000000000077e-04 1.830000000000000029e-04
1.593283813476560116e+09 5.050099999999999728e-02 1.422000000000000087e-03 4.000000000000000192e-04 2.210000000000000050e-04 2.130000000000000003e-04 2.039999999999999984e-04
1.596627563476560116e+09 5.064899999999999958e-02 1.539999999999999919e-03 5.419999999999999471e-04 1.969999999999999909e-04 1.949999999999999965e-04 1.939999999999999993e-04
1.606658813476560116e+09 4.996300000000000047e-02 1.926999999999999894e-03 1.340000000000000045e-04 2.149999999999999947e-04 2.030000000000000012e-04 1.979999999999999881e-04
1.610002563476560116e+09 5.063999999999999752e-02 1.580000000000000024e-03 5.900000000000000296e-04 1.830000000000000029e-04 1.700000000000000122e-04 1.589999999999999888e-04
1.613346313476560116e+09 5.044499999999999679e-02 1.955999999999999839e-03 5.479999999999999845e-04 1.769999999999999926e-04 1.700000000000000122e-04 1.700000000000000122e-04
1.616690063476560116e+09 4.976400000000000268e-02 1.399000000000000070e-03 2.300000000000000070e-04 2.239999999999999966e-04 2.100000000000000087e-04 2.090000000000000115e-04
1.630065063476560116e+09 5.060599999999999821e-02 1.763000000000000027e-03 6.329999999999999906e-04 1.730000000000000038e-04 1.620000000000000075e-04 1.920000000000000049e-04
1.633408813476560116e+09 5.000399999999999984e-02 1.753000000000000001e-03 3.099999999999999999e-04 1.740000000000000010e-04 1.649999999999999991e-04 1.749999999999999982e-04
1.636752563476560116e+09 4.973600000000000243e-02 1.588000000000000002e-03 1.420000000000000092e-04 1.789999999999999870e-04 1.810000000000000085e-04 1.700000000000000122e-04
1.640096313476560116e+09 4.961100000000000232e-02 1.247000000000000062e-03 2.039999999999999984e-04 1.659999999999999963e-04 1.869999999999999917e-04 1.679999999999999907e-04
1.643440063476560116e+09 4.963399999999999757e-02 1.752000000000000085e-03 2.730000000000000222e-04 1.749999999999999982e-04 1.720000000000000066e-04 1.730000000000000038e-04
1.646783813476560116e+09 5.016999999999999932e-02 1.876000000000000063e-03 1.469999999999999953e-04 1.869999999999999917e-04 1.840000000000000001e-04 1.689999999999999879e-04
