9.027994384765620232e+08 1.828635799999999989e+01 1.293638000000000066e+00 -4.303299999999999903e-01 2.188700000000000020e-02 5.088999999999999774e-03 7.564000000000000411e-03
9.161744384765620232e+08 1.822909500000000094e+01 1.342244999999999910e+00 -4.415040000000000076e-01 1.596799999999999956e-02 2.677000000000000126e-03 3.727999999999999977e-03
9.295494384765620232e+08 1.812512800000000013e+01 1.380786999999999987e+00 -4.276949999999999918e-01 1.223499999999999935e-02 1.812000000000000026e-03 2.442000000000000160e-03
9.429244384765620232e+08 1.803322599999999909e+01 1.414952999999999905e+00 -3.463550000000000240e-01 9.556000000000000258e-03 1.696000000000000025e-03 2.072000000000000057e-03
9.562994384765620232e+08 1.791323699999999874e+01 1.435510999999999981e+00 -3.237559999999999882e-01 5.787999999999999742e-03 1.363000000000000062e-03 2.033999999999999784e-03
9.696744384765620232e+08 1.778401600000000116e+01 1.449956999999999940e+00 -2.716990000000000238e-01 5.157000000000000126e-03 1.492000000000000054e-03 2.125000000000000153e-03
9.830494384765620232e+08 1.766110400000000169e+01 1.458469000000000015e+00 -2.203970000000000096e-01 4.661000000000000212e-03 1.356999999999999916e-03 1.968999999999999830e-03
9.964244384765620232e+08 1.754158800000000085e+01 1.466487000000000096e+00 -1.705059999999999909e-01 4.301000000000000136e-03 1.319999999999999993e-03 1.918999999999999916e-03
1.009799438476559997e+09 1.742240899999999826e+01 1.474936000000000025e+00 -1.325179999999999969e-01 4.021000000000000268e-03 1.392000000000000008e-03 2.007000000000000103e-03
1.023174438476559997e+09 1.730253599999999992e+01 1.483219999999999983e+00 -1.067649999999999988e-01 4.043999999999999852e-03 1.301000000000000073e-03 1.879000000000000028e-03
1.036549438476559997e+09 1.718029800000000051e+01 1.493071000000000037e+00 -7.641799999999999982e-02 3.899000000000000122e-03 1.157000000000000042e-03 1.685999999999999999e-03
1.049924438476559997e+09 1.706728899999999882e+01 1.499152999999999958e+00 -5.394299999999999790e-02 3.615000000000000158e-03 1.064999999999999974e-03 1.590000000000000050e-03
1.063299438476559997e+09 1.695445600000000042e+01 1.497117999999999949e+00 1.100000000000000066e-03 3.419999999999999863e-03 1.103999999999999947e-03 1.626999999999999974e-03
1.076674438476560116e+09 1.684365700000000032e+01 1.497322000000000042e+00 5.614199999999999746e-02 3.432000000000000155e-03 9.899999999999999946e-04 1.464999999999999939e-03
1.090049438476560116e+09 1.673455200000000076e+01 1.495363999999999916e+00 9.090299999999999769e-02 3.442999999999999880e-03 9.680000000000000019e-04 1.428999999999999932e-03
1.103424438476560116e+09 1.662470100000000173e+01 1.493014000000000063e+00 1.255310000000000037e-01 3.458000000000000136e-03 9.920000000000000432e-04 1.464999999999999939e-03
1.116799438476560116e+09 1.651712799999999959e+01 1.488682000000000061e+00 1.538960000000000050e-01 3.428000000000000057e-03 8.949999999999999623e-04 1.329000000000000103e-03
1.130174438476560116e+09 1.640919099999999986e+01 1.483289000000000080e+00 1.851250000000000118e-01 3.416000000000000199e-03 8.909999999999999734e-04 1.340000000000000045e-03
1.143549438476560116e+09 1.629880500000000154e+01 1.474960999999999967e+00 2.314299999999999968e-01 3.556999999999999832e-03 8.630000000000000518e-04 1.270000000000000078e-03
1.156924438476560116e+09 1.620489299999999844e+01 1.461521999999999988e+00 2.650279999999999858e-01 3.121000000000000076e-03 2.399999999999999790e-03 3.367000000000000201e-03
1.170299438476560116e+09 1.610302000000000078e+01 1.469043000000000099e+00 2.833689999999999820e-01 3.506000000000000002e-03 2.275000000000000112e-03 3.474000000000000091e-03
1.183674438476560116e+09 1.599779400000000074e+01 1.454115000000000046e+00 3.092520000000000269e-01 3.134000000000000067e-03 6.809999999999999647e-04 9.829999999999999329e-04
1.197049438476560116e+09 1.589137999999999984e+01 1.434838999999999976e+00 3.353530000000000122e-01 3.173000000000000039e-03 6.800000000000000488e-04 9.840000000000000656e-04
1.210424438476560116e+09 1.579918299999999931e+01 1.430623999999999896e+00 3.609740000000000171e-01 3.095000000000000095e-03 7.690000000000000438e-04 1.191000000000000001e-03
1.223799438476560116e+09 1.569918499999999995e+01 1.423008999999999968e+00 3.934030000000000027e-01 3.220000000000000206e-03 1.160000000000000007e-03 1.714999999999999945e-03
1.237174438476560116e+09 1.560948300000000089e+01 1.411675999999999931e+00 4.168069999999999831e-01 2.638999999999999853e-03 5.469999999999999602e-04 8.769999999999999584e-04
1.250549438476560116e+09 1.551423800000000064e+01 1.420177999999999940e+00 4.039490000000000025e-01 2.990000000000000036e-03 5.119999999999999768e-04 1.232000000000000022e-03
1.263924438476560116e+09 1.542590200000000067e+01 1.425146000000000024e+00 3.991299999999999848e-01 2.844000000000000174e-03 7.309999999999999875e-04 8.530000000000000256e-04
1.277299438476560116e+09 1.531712699999999927e+01 1.438571000000000044e+00 3.994269999999999765e-01 3.092000000000000130e-03 8.620000000000000275e-04 8.570000000000000144e-04
1.290674438476560116e+09 1.525507499999999972e+01 1.406884000000000023e+00 4.442249999999999810e-01 2.619999999999999933e-03 6.849999999999999535e-04 6.830000000000000134e-04
1.304049438476560116e+09 1.516009900000000066e+01 1.375318999999999958e+00 4.994720000000000271e-01 2.115000000000000126e-03 3.420000000000000188e-04 5.159999999999999656e-04
1.317424438476560116e+09 1.508162899999999951e+01 1.360409999999999897e+00 5.125899999999999901e-01 2.239000000000000105e-03 3.209999999999999963e-04 4.600000000000000139e-04
1.330799438476560116e+09 1.499948799999999949e+01 1.350640999999999980e+00 5.290259999999999962e-01 2.099000000000000171e-03 3.640000000000000115e-04 4.789999999999999879e-04
1.344174438476560116e+09 1.491561199999999943e+01 1.341277999999999970e+00 5.389080000000000537e-01 2.105999999999999799e-03 3.629999999999999872e-04 4.789999999999999879e-04
1.357549438476560116e+09 1.483936899999999959e+01 1.330934000000000061e+00 5.537739999999999885e-01 2.011999999999999900e-03 3.510000000000000208e-04 4.710000000000000102e-04
1.370924438476560116e+09 1.476454099999999947e+01 1.320273000000000030e+00 5.668969999999999843e-01 1.915000000000000036e-03 3.600000000000000227e-04 4.580000000000000195e-04
1.384299438476560116e+09 1.468672800000000045e+01 1.308556000000000052e+00 5.848609999999999642e-01 1.838999999999999923e-03 3.510000000000000208e-04 4.449999999999999746e-04
1.397674438476560116e+09 1.461193699999999929e+01 1.295244000000000062e+00 6.010680000000000467e-01 1.773000000000000053e-03 3.550000000000000096e-04 4.400000000000000157e-04
1.411049438476560116e+09 1.453972899999999946e+01 1.281943000000000055e+00 6.154899999999999816e-01 1.827999999999999981e-03 3.699999999999999947e-04 4.650000000000000270e-04
1.424424438476560116e+09 1.447421800000000047e+01 1.271754000000000051e+00 6.291170000000000373e-01 1.670000000000000043e-03 4.189999999999999931e-04 4.650000000000000270e-04
1.437799438476560116e+09 1.439989600000000003e+01 1.261644999999999905e+00 6.396279999999999744e-01 1.672000000000000092e-03 4.200000000000000174e-04 4.820000000000000066e-04
1.451174438476560116e+09 1.433125099999999996e+01 1.252316999999999902e+00 6.502120000000000122e-01 1.639000000000000049e-03 4.270000000000000249e-04 4.739999999999999747e-04
1.464549438476560116e+09 1.426632799999999968e+01 1.242717999999999989e+00 6.580200000000000493e-01 1.729000000000000068e-03 4.330000000000000081e-04 4.929999999999999487e-04
1.477924438476560116e+09 1.420165399999999956e+01 1.231090999999999935e+00 6.668100000000000138e-01 1.745000000000000023e-03 4.809999999999999823e-04 5.199999999999999544e-04
1.491299438476560116e+09 1.413638800000000018e+01 1.222965999999999998e+00 6.733989999999999698e-01 1.773999999999999969e-03 5.039999999999999992e-04 5.580000000000000107e-04
1.504674438476560116e+09 1.407463199999999937e+01 1.210804999999999909e+00 6.866999999999999771e-01 1.871000000000000050e-03 5.220000000000000031e-04 6.089999999999999494e-04
1.518049438476560116e+09 1.401228099999999976e+01 1.202406000000000086e+00 6.953580000000000316e-01 2.018999999999999961e-03 5.999999999999999474e-04 6.899999999999999667e-04
1.531424438476560116e+09 1.395007700000000028e+01 1.192274999999999974e+00 6.976269999999999971e-01 3.383000000000000156e-03 8.980000000000000352e-04 8.599999999999999789e-04
1.544799438476560116e+09 1.389908600000000050e+01 1.182930000000000037e+00 7.117630000000000345e-01 3.539000000000000045e-03 6.589999999999999721e-04 8.229999999999999469e-04
1.558174438476560116e+09 1.383194600000000030e+01 1.162633999999999945e+00 7.336000000000000298e-01 2.560999999999999908e-03 8.339999999999999974e-04 9.569999999999999514e-04
1.571549438476560116e+09 1.377088499999999982e+01 1.157437999999999967e+00 7.495619999999999505e-01 2.929999999999999879e-03 8.869999999999999846e-04 1.082999999999999978e-03
1.584924438476560116e+09 1.372278599999999926e+01 1.154965000000000019e+00 7.525399999999999867e-01 3.158999999999999916e-03 7.569999999999999689e-04 8.570000000000000144e-04
1.598299438476560116e+09 1.365931600000000046e+01 1.143524999999999903e+00 7.479620000000000157e-01 3.402000000000000076e-03 8.159999999999999936e-04 9.730000000000000151e-04
1.611674438476560116e+09 1.361309999999999931e+01 1.131507999999999958e+00 7.500740000000000185e-01 3.703999999999999827e-03 9.110000000000000259e-04 1.087000000000000076e-03
1.625049438476560116e+09 1.358081199999999988e+01 1.114427000000000056e+00 7.520689999999999875e-01 7.237000000000000377e-03 9.650000000000000374e-04 2.252999999999999794e-03
1.638424438476560116e+09 1.351607599999999998e+01 1.110660999999999898e+00 7.635889999999999622e-01 4.283000000000000348e-03 9.610000000000000486e-04 1.217999999999999899e-03
1.651799438476560116e+09 1.347653099999999959e+01 1.103895000000000071e+00 7.644050000000000011e-01 4.981000000000000184e-03 9.439999999999999607e-04 1.087999999999999991e-03
