# ======================================================================
# FLAGGED DATA - KEPT CHANNELS ONLY
# ======================================================================
# 
# FLAGGING SUMMARY:
#   Total channels: 218
#   Flagged: 78 (35.8%)
#   Kept: 140 (64.2%)
# 
# FLAGGING CRITERIA APPLIED:
#   - Gross outliers: 7 channels
#   - Error outliers: 10 channels
#       Threshold: 4.0σ above median in log-space
#       Iterations: 2
#   - Spectral baseline clipping: 55 channels
#   - Stokes V clipping: 6 channels
#       Threshold: 2.70σ
#       Reference: median
#       Iterations: 3
# 
# COLUMN FORMAT: freq(Hz) I Q U V dI dQ dU dV
# ======================================================================
9.0112756348e+08 7.0405000000e-02 4.1490000000e-03 -3.1650000000e-03 -5.3100000000e-04 5.1900000000e-04 4.4700000000e-04 4.7300000000e-04 5.0400000000e-04
9.1115881348e+08 6.9674000000e-02 3.6540000000e-03 -3.0520000000e-03 -2.6600000000e-04 2.4500000000e-04 2.4600000000e-04 2.4900000000e-04 2.4600000000e-04
9.1450256348e+08 6.9867000000e-02 3.6400000000e-03 -2.9650000000e-03 -1.3200000000e-04 2.7200000000e-04 2.2700000000e-04 2.5200000000e-04 2.3200000000e-04
9.1784631348e+08 6.9819000000e-02 4.0910000000e-03 -3.3660000000e-03 -3.4700000000e-04 2.8000000000e-04 2.8000000000e-04 2.5400000000e-04 2.3900000000e-04
9.2119006348e+08 6.9733000000e-02 3.9400000000e-03 -3.3350000000e-03 -6.1200000000e-04 2.6300000000e-04 2.6300000000e-04 2.8300000000e-04 2.5600000000e-04
9.2787756348e+08 6.9118000000e-02 4.1050000000e-03 -3.3810000000e-03 1.4100000000e-04 3.0800000000e-04 2.2900000000e-04 2.2900000000e-04 2.5900000000e-04
9.3122131348e+08 6.9278000000e-02 3.6010000000e-03 -2.8740000000e-03 -3.9000000000e-04 2.5800000000e-04 2.4500000000e-04 2.7500000000e-04 2.2600000000e-04
9.5128381348e+08 6.8559000000e-02 3.9800000000e-03 -2.5890000000e-03 3.9000000000e-05 2.6600000000e-04 2.8600000000e-04 2.5500000000e-04 2.4700000000e-04
9.5462756348e+08 6.8858000000e-02 4.2270000000e-03 -2.8740000000e-03 3.0800000000e-04 2.8800000000e-04 2.7400000000e-04 2.6700000000e-04 3.0200000000e-04
9.5797131348e+08 6.8203000000e-02 3.7360000000e-03 -2.5490000000e-03 7.3800000000e-04 3.2500000000e-04 2.8300000000e-04 3.2000000000e-04 3.0900000000e-04
9.6131506348e+08 6.7950000000e-02 4.1240000000e-03 -2.7290000000e-03 1.7100000000e-04 2.8700000000e-04 2.3800000000e-04 2.5200000000e-04 2.1700000000e-04
9.6465881348e+08 6.7794000000e-02 3.9580000000e-03 -2.9580000000e-03 2.5100000000e-04 2.9600000000e-04 2.3600000000e-04 2.1200000000e-04 2.5000000000e-04
9.6800256348e+08 6.7796000000e-02 3.7480000000e-03 -3.0810000000e-03 3.9800000000e-04 2.5400000000e-04 2.4500000000e-04 2.3800000000e-04 2.0800000000e-04
9.7134631348e+08 6.7324000000e-02 3.7990000000e-03 -2.5650000000e-03 1.7800000000e-04 2.3000000000e-04 2.2800000000e-04 2.1200000000e-04 2.2800000000e-04
9.7469006348e+08 6.7540000000e-02 4.1140000000e-03 -2.7470000000e-03 1.5200000000e-04 2.4000000000e-04 2.0500000000e-04 2.1100000000e-04 2.1600000000e-04
9.7803381348e+08 6.6998000000e-02 4.2800000000e-03 -2.9390000000e-03 2.4000000000e-05 2.5600000000e-04 2.1000000000e-04 2.0400000000e-04 2.1100000000e-04
9.8137756348e+08 6.7263000000e-02 4.1150000000e-03 -2.4060000000e-03 -9.1000000000e-05 2.5500000000e-04 2.4900000000e-04 2.3400000000e-04 2.0400000000e-04
9.8472131348e+08 6.6474000000e-02 3.9120000000e-03 -2.8470000000e-03 -1.8800000000e-04 2.4100000000e-04 2.2800000000e-04 2.1900000000e-04 2.1900000000e-04
9.8806506348e+08 6.6615000000e-02 4.0640000000e-03 -2.7580000000e-03 4.6600000000e-04 2.4400000000e-04 2.3300000000e-04 2.2700000000e-04 1.9800000000e-04
9.9140881348e+08 6.6443000000e-02 3.6980000000e-03 -2.2740000000e-03 -2.7000000000e-05 2.4300000000e-04 2.0500000000e-04 2.5300000000e-04 2.3700000000e-04
9.9475256348e+08 6.6646000000e-02 4.0580000000e-03 -2.4200000000e-03 1.0900000000e-04 2.3300000000e-04 2.1000000000e-04 2.3300000000e-04 2.1700000000e-04
9.9809631348e+08 6.6184000000e-02 4.3290000000e-03 -2.1810000000e-03 4.3700000000e-04 2.2600000000e-04 2.0000000000e-04 2.3700000000e-04 2.1800000000e-04
1.0014400635e+09 6.6490000000e-02 4.4260000000e-03 -2.3500000000e-03 -6.0000000000e-05 2.3600000000e-04 2.4900000000e-04 2.1100000000e-04 2.3400000000e-04
1.0047838135e+09 6.5659000000e-02 3.9290000000e-03 -2.1820000000e-03 3.8800000000e-04 2.4900000000e-04 2.3100000000e-04 2.1800000000e-04 2.1500000000e-04
1.0081275635e+09 6.5660000000e-02 3.9780000000e-03 -2.3660000000e-03 2.1400000000e-04 2.4100000000e-04 1.9500000000e-04 2.1700000000e-04 2.2800000000e-04
1.0114713135e+09 6.5291000000e-02 3.9580000000e-03 -2.3640000000e-03 4.7800000000e-04 2.4500000000e-04 2.1900000000e-04 2.2200000000e-04 2.2900000000e-04
1.0148150635e+09 6.5398000000e-02 4.1210000000e-03 -2.5230000000e-03 -1.0400000000e-04 2.3500000000e-04 2.1700000000e-04 2.2000000000e-04 2.1900000000e-04
1.0181588135e+09 6.5540000000e-02 4.2310000000e-03 -2.3290000000e-03 1.1800000000e-04 2.1100000000e-04 2.2200000000e-04 2.2300000000e-04 2.1900000000e-04
1.0215025635e+09 6.5446000000e-02 3.8160000000e-03 -2.1910000000e-03 5.0300000000e-04 2.4600000000e-04 1.9500000000e-04 2.0400000000e-04 2.0800000000e-04
1.0248463135e+09 6.4731000000e-02 3.8040000000e-03 -2.1590000000e-03 1.3000000000e-05 2.3300000000e-04 2.1400000000e-04 2.2900000000e-04 1.9300000000e-04
1.0382213135e+09 6.4863000000e-02 4.1360000000e-03 -2.0860000000e-03 -1.5000000000e-05 2.3200000000e-04 1.9800000000e-04 2.0200000000e-04 2.3500000000e-04
1.0415650635e+09 6.4718000000e-02 4.5320000000e-03 -2.3300000000e-03 -1.5800000000e-04 2.4300000000e-04 2.2600000000e-04 2.3400000000e-04 2.3600000000e-04
1.0449088135e+09 6.4533000000e-02 3.8500000000e-03 -2.1970000000e-03 -9.8000000000e-05 2.1500000000e-04 2.1700000000e-04 2.5100000000e-04 2.1900000000e-04
1.0482525635e+09 6.3701000000e-02 3.9030000000e-03 -1.9890000000e-03 -1.1500000000e-04 2.1100000000e-04 2.2100000000e-04 2.2500000000e-04 2.0300000000e-04
1.0515963135e+09 6.3866000000e-02 4.3110000000e-03 -2.2830000000e-03 4.2300000000e-04 2.8000000000e-04 2.5600000000e-04 2.5500000000e-04 2.4700000000e-04
1.0549400635e+09 6.3677000000e-02 4.0260000000e-03 -1.9590000000e-03 -2.7800000000e-04 2.1400000000e-04 2.2000000000e-04 2.2200000000e-04 2.1500000000e-04
1.0582838135e+09 6.3653000000e-02 3.8720000000e-03 -2.0460000000e-03 8.7000000000e-05 2.4600000000e-04 2.2800000000e-04 2.5100000000e-04 2.1900000000e-04
1.0616275635e+09 6.3544000000e-02 3.9700000000e-03 -1.7790000000e-03 1.6900000000e-04 2.1200000000e-04 2.0400000000e-04 2.3000000000e-04 2.3000000000e-04
1.0649713135e+09 6.3403000000e-02 3.8270000000e-03 -2.2960000000e-03 9.8000000000e-05 2.2800000000e-04 2.1100000000e-04 1.9400000000e-04 2.2800000000e-04
1.0683150635e+09 6.3267000000e-02 4.0190000000e-03 -2.1620000000e-03 -1.8200000000e-04 2.2500000000e-04 2.2500000000e-04 2.1900000000e-04 1.9700000000e-04
1.0716588135e+09 6.3505000000e-02 3.9680000000e-03 -1.8600000000e-03 3.9000000000e-05 2.4300000000e-04 2.1600000000e-04 2.3900000000e-04 2.1500000000e-04
1.0750025635e+09 6.3713000000e-02 4.3860000000e-03 -2.1030000000e-03 4.1000000000e-04 2.1200000000e-04 2.0000000000e-04 2.1700000000e-04 2.4300000000e-04
1.0783463135e+09 6.3388000000e-02 3.9320000000e-03 -2.2290000000e-03 -1.8400000000e-04 2.2600000000e-04 2.3000000000e-04 2.0000000000e-04 2.1700000000e-04
1.0816900635e+09 6.3367000000e-02 4.0920000000e-03 -1.6050000000e-03 -1.0000000000e-05 2.2100000000e-04 2.1700000000e-04 2.0000000000e-04 1.9100000000e-04
1.0984088135e+09 6.2954000000e-02 4.0930000000e-03 -1.7720000000e-03 3.9900000000e-04 2.1000000000e-04 2.2500000000e-04 2.3300000000e-04 2.0200000000e-04
1.1017525635e+09 6.2375000000e-02 4.4930000000e-03 -2.3980000000e-03 1.2300000000e-04 2.4900000000e-04 2.3900000000e-04 2.4200000000e-04 2.0700000000e-04
1.1050963135e+09 6.2980000000e-02 3.9930000000e-03 -1.7820000000e-03 1.2900000000e-04 2.2900000000e-04 2.2600000000e-04 2.1600000000e-04 2.2200000000e-04
1.1117838135e+09 6.2586000000e-02 4.4230000000e-03 -2.1530000000e-03 1.5700000000e-04 2.6300000000e-04 2.1300000000e-04 2.5400000000e-04 2.3500000000e-04
1.1151275635e+09 6.2747000000e-02 3.7720000000e-03 -1.3940000000e-03 1.5900000000e-04 2.0000000000e-04 2.1000000000e-04 1.8200000000e-04 1.9900000000e-04
1.1184713135e+09 6.3095000000e-02 3.9900000000e-03 -1.2920000000e-03 -9.5000000000e-05 2.2400000000e-04 1.9800000000e-04 2.2200000000e-04 2.0200000000e-04
1.1218150635e+09 6.3006000000e-02 4.1790000000e-03 -1.7970000000e-03 5.6000000000e-05 2.4000000000e-04 2.0300000000e-04 2.0000000000e-04 2.1000000000e-04
1.1251588135e+09 6.1853000000e-02 3.9860000000e-03 -1.9440000000e-03 -1.7600000000e-04 1.9900000000e-04 2.3300000000e-04 2.0100000000e-04 2.0300000000e-04
1.1285025635e+09 6.1939000000e-02 3.9060000000e-03 -1.8180000000e-03 -1.0400000000e-04 2.0300000000e-04 2.1500000000e-04 1.9500000000e-04 1.9200000000e-04
1.1318463135e+09 6.1841000000e-02 3.8850000000e-03 -1.7880000000e-03 2.2600000000e-04 2.1600000000e-04 2.1300000000e-04 2.1500000000e-04 2.0200000000e-04
1.1385338135e+09 6.2373000000e-02 4.3070000000e-03 -1.8120000000e-03 2.9600000000e-04 2.3200000000e-04 2.0900000000e-04 2.0800000000e-04 2.1300000000e-04
1.1418775635e+09 6.1983000000e-02 4.3400000000e-03 -2.0160000000e-03 2.7000000000e-04 2.2000000000e-04 2.0600000000e-04 2.2500000000e-04 2.0600000000e-04
1.1585963135e+09 6.1847000000e-02 3.8610000000e-03 -1.4150000000e-03 -7.1000000000e-05 2.1200000000e-04 1.9700000000e-04 2.1300000000e-04 2.1000000000e-04
1.1652838135e+09 6.0394000000e-02 3.9810000000e-03 -1.5050000000e-03 -3.2000000000e-05 2.2000000000e-04 2.2300000000e-04 2.0100000000e-04 2.2300000000e-04
1.1686275635e+09 6.0425000000e-02 3.6510000000e-03 -1.4120000000e-03 3.1900000000e-04 3.6100000000e-04 3.2200000000e-04 3.0400000000e-04 3.1400000000e-04
1.1920338135e+09 6.0798000000e-02 4.0370000000e-03 -1.7170000000e-03 -5.1000000000e-04 2.4500000000e-04 2.2500000000e-04 2.1600000000e-04 2.3300000000e-04
1.1987213135e+09 6.0791000000e-02 4.1670000000e-03 -9.4000000000e-04 1.1000000000e-04 2.7400000000e-04 2.4800000000e-04 2.5000000000e-04 2.4900000000e-04
1.2321588135e+09 5.9753000000e-02 3.6660000000e-03 -7.1800000000e-04 4.3000000000e-05 3.0900000000e-04 2.9000000000e-04 2.8300000000e-04 3.1600000000e-04
1.2355025635e+09 5.9172000000e-02 3.9260000000e-03 -1.8740000000e-03 -5.0500000000e-04 2.7100000000e-04 2.7500000000e-04 2.6600000000e-04 2.9000000000e-04
1.2388463135e+09 6.0134000000e-02 3.8320000000e-03 -1.5920000000e-03 3.4700000000e-04 2.8800000000e-04 2.5000000000e-04 2.4400000000e-04 2.7200000000e-04
1.2488775635e+09 5.9098000000e-02 4.0230000000e-03 -1.7320000000e-03 7.2000000000e-05 2.4000000000e-04 2.0800000000e-04 2.3700000000e-04 2.2400000000e-04
1.2856588135e+09 5.9220000000e-02 4.0970000000e-03 -4.7200000000e-04 -1.7600000000e-04 2.4600000000e-04 2.3100000000e-04 2.4800000000e-04 2.2300000000e-04
1.2923463135e+09 5.9382000000e-02 3.9990000000e-03 -1.6700000000e-03 1.6800000000e-04 2.8600000000e-04 2.4500000000e-04 2.7200000000e-04 2.5500000000e-04
1.3023775635e+09 5.8337000000e-02 4.2290000000e-03 -1.1090000000e-03 -3.0500000000e-04 1.9500000000e-04 2.0600000000e-04 1.9200000000e-04 1.7800000000e-04
1.3057213135e+09 5.8675000000e-02 3.8620000000e-03 -1.3210000000e-03 -4.5800000000e-04 1.8500000000e-04 1.8800000000e-04 1.8100000000e-04 1.7700000000e-04
1.3090650635e+09 5.8640000000e-02 4.0990000000e-03 -1.0770000000e-03 2.7400000000e-04 1.8800000000e-04 1.7400000000e-04 1.9400000000e-04 1.6900000000e-04
1.3124088135e+09 5.8294000000e-02 4.0730000000e-03 -1.0970000000e-03 4.7000000000e-05 1.9200000000e-04 1.7900000000e-04 1.7100000000e-04 1.9100000000e-04
1.3157525635e+09 5.8158000000e-02 3.9780000000e-03 -7.7300000000e-04 -2.5200000000e-04 1.8300000000e-04 1.7800000000e-04 1.8600000000e-04 1.7400000000e-04
1.3190963135e+09 5.8220000000e-02 4.0190000000e-03 -8.1600000000e-04 7.2000000000e-05 1.6900000000e-04 1.8800000000e-04 2.0900000000e-04 1.6300000000e-04
1.3224400635e+09 5.7578000000e-02 4.1530000000e-03 -1.1850000000e-03 -0.0000000000e+00 1.7000000000e-04 1.7600000000e-04 1.9300000000e-04 1.9100000000e-04
1.3257838135e+09 5.7900000000e-02 4.1230000000e-03 -8.2900000000e-04 -3.2000000000e-05 1.7500000000e-04 1.6400000000e-04 1.8300000000e-04 1.9900000000e-04
1.3291275635e+09 5.7967000000e-02 3.9420000000e-03 -9.4500000000e-04 1.7200000000e-04 1.8100000000e-04 1.7500000000e-04 1.6800000000e-04 1.8800000000e-04
1.3324713135e+09 5.8112000000e-02 3.9820000000e-03 -9.1100000000e-04 -1.8500000000e-04 1.8500000000e-04 1.7500000000e-04 1.8900000000e-04 1.9000000000e-04
1.3358150635e+09 5.7580000000e-02 4.1500000000e-03 -9.2100000000e-04 2.3100000000e-04 1.8500000000e-04 1.6100000000e-04 1.9000000000e-04 1.8500000000e-04
1.3391588135e+09 5.8095000000e-02 3.8590000000e-03 -1.1260000000e-03 -9.0000000000e-05 1.9300000000e-04 1.8800000000e-04 1.8100000000e-04 1.6800000000e-04
1.3425025635e+09 5.7862000000e-02 3.9350000000e-03 -8.7900000000e-04 -5.9000000000e-05 1.6900000000e-04 1.8100000000e-04 1.7000000000e-04 1.6300000000e-04
1.3458463135e+09 5.7748000000e-02 3.9240000000e-03 -1.0140000000e-03 -3.7500000000e-04 1.8800000000e-04 1.4900000000e-04 1.8100000000e-04 1.7700000000e-04
1.3491900635e+09 5.7910000000e-02 3.9730000000e-03 -1.1130000000e-03 -2.1600000000e-04 1.8800000000e-04 1.8300000000e-04 1.9800000000e-04 1.7500000000e-04
1.3525338135e+09 5.7589000000e-02 4.0300000000e-03 -7.4000000000e-04 -6.1000000000e-05 1.7100000000e-04 1.8900000000e-04 1.8400000000e-04 1.8200000000e-04
1.3558775635e+09 5.7353000000e-02 4.2130000000e-03 -1.0480000000e-03 -1.3600000000e-04 1.7600000000e-04 1.8000000000e-04 1.8100000000e-04 1.6900000000e-04
1.3592213135e+09 5.7436000000e-02 3.8510000000e-03 -9.5200000000e-04 -1.7000000000e-04 1.6900000000e-04 1.8500000000e-04 1.8100000000e-04 1.9400000000e-04
1.3625650635e+09 5.7332000000e-02 3.7300000000e-03 -7.7000000000e-04 -9.0000000000e-06 1.7800000000e-04 1.7300000000e-04 1.7500000000e-04 1.9000000000e-04
1.3659088135e+09 5.7475000000e-02 4.0710000000e-03 -7.4400000000e-04 -2.1000000000e-04 1.8800000000e-04 1.7500000000e-04 1.8100000000e-04 1.6400000000e-04
1.3692525635e+09 5.7113000000e-02 3.9690000000e-03 -7.6800000000e-04 -1.1600000000e-04 1.6800000000e-04 1.7400000000e-04 1.6700000000e-04 1.6900000000e-04
1.3759400635e+09 5.6835000000e-02 4.0570000000e-03 -8.2400000000e-04 -4.3700000000e-04 1.7600000000e-04 1.8100000000e-04 1.7200000000e-04 1.7500000000e-04
1.3792838135e+09 5.6759000000e-02 4.0430000000e-03 -8.1900000000e-04 -4.1500000000e-04 1.6400000000e-04 1.8700000000e-04 1.7100000000e-04 1.7600000000e-04
1.3826275635e+09 5.6993000000e-02 3.9870000000e-03 -9.5100000000e-04 -2.8100000000e-04 1.8500000000e-04 1.7400000000e-04 1.7900000000e-04 1.9300000000e-04
1.3859713135e+09 5.7326000000e-02 3.9710000000e-03 -1.0960000000e-03 -3.8000000000e-04 1.8900000000e-04 1.9300000000e-04 1.6900000000e-04 1.7100000000e-04
1.3960025635e+09 5.6490000000e-02 3.8730000000e-03 -1.1630000000e-03 -4.4200000000e-04 1.8600000000e-04 1.8200000000e-04 1.7800000000e-04 1.6600000000e-04
1.4026900635e+09 5.6752000000e-02 3.8750000000e-03 -6.0700000000e-04 -3.0500000000e-04 1.7000000000e-04 1.6700000000e-04 1.8100000000e-04 1.7800000000e-04
1.4060338135e+09 5.6716000000e-02 4.1650000000e-03 -8.6800000000e-04 -3.2000000000e-04 1.7300000000e-04 1.8600000000e-04 2.0000000000e-04 1.7400000000e-04
1.4093775635e+09 5.6311000000e-02 3.7380000000e-03 -8.8100000000e-04 -3.4300000000e-04 1.7100000000e-04 1.5400000000e-04 1.6500000000e-04 1.6400000000e-04
1.4127213135e+09 5.6332000000e-02 3.8710000000e-03 -7.0700000000e-04 -4.8300000000e-04 1.6900000000e-04 2.0400000000e-04 1.7000000000e-04 1.8700000000e-04
1.4160650635e+09 5.6278000000e-02 3.9820000000e-03 -6.3100000000e-04 -6.7000000000e-05 1.7400000000e-04 1.7600000000e-04 1.7400000000e-04 1.6800000000e-04
1.4227525635e+09 5.6567000000e-02 3.8500000000e-03 -6.5900000000e-04 -1.7600000000e-04 2.5200000000e-04 2.4500000000e-04 2.2600000000e-04 2.4000000000e-04
1.4260963135e+09 5.6126000000e-02 3.9220000000e-03 -7.8700000000e-04 8.8000000000e-05 1.6100000000e-04 1.5800000000e-04 1.7700000000e-04 1.7800000000e-04
1.4294400635e+09 5.6367000000e-02 3.9060000000e-03 -9.9200000000e-04 -1.1000000000e-05 1.9800000000e-04 1.7400000000e-04 1.6400000000e-04 1.6300000000e-04
1.4327838135e+09 5.6348000000e-02 3.5050000000e-03 -6.8300000000e-04 -2.7300000000e-04 1.8600000000e-04 1.7100000000e-04 1.7400000000e-04 1.8300000000e-04
1.4361275635e+09 5.6020000000e-02 4.0340000000e-03 -4.2600000000e-04 -3.2000000000e-05 1.7200000000e-04 1.7300000000e-04 1.6900000000e-04 1.7000000000e-04
1.4394713135e+09 5.5915000000e-02 3.8310000000e-03 -6.2600000000e-04 3.5000000000e-05 1.8600000000e-04 1.6100000000e-04 1.7700000000e-04 1.9700000000e-04
1.4428150635e+09 5.5956000000e-02 3.8740000000e-03 -4.2200000000e-04 1.3100000000e-04 1.8000000000e-04 1.6800000000e-04 1.6900000000e-04 1.8600000000e-04
1.4461588135e+09 5.5613000000e-02 3.9460000000e-03 -3.1700000000e-04 -9.0000000000e-06 1.7800000000e-04 1.7600000000e-04 1.7100000000e-04 1.6400000000e-04
1.4495025635e+09 5.6107000000e-02 4.0790000000e-03 -7.3300000000e-04 1.1900000000e-04 1.7300000000e-04 1.6500000000e-04 1.7300000000e-04 1.8600000000e-04
1.4528463135e+09 5.5870000000e-02 3.5700000000e-03 -4.4800000000e-04 2.6500000000e-04 1.7300000000e-04 1.7200000000e-04 1.9200000000e-04 1.7500000000e-04
1.4561900635e+09 5.5849000000e-02 3.9140000000e-03 -6.9900000000e-04 -1.8200000000e-04 1.9400000000e-04 1.7500000000e-04 1.8700000000e-04 1.8000000000e-04
1.4595338135e+09 5.5168000000e-02 3.9290000000e-03 -6.8400000000e-04 -4.9000000000e-05 1.7500000000e-04 1.8900000000e-04 1.8900000000e-04 1.7400000000e-04
1.4628775635e+09 5.5660000000e-02 3.9820000000e-03 -5.7600000000e-04 3.7000000000e-05 1.7900000000e-04 1.7100000000e-04 1.7300000000e-04 1.7800000000e-04
1.4662213135e+09 5.5740000000e-02 3.9240000000e-03 -5.1200000000e-04 1.6600000000e-04 1.7800000000e-04 1.7300000000e-04 1.7900000000e-04 1.7500000000e-04
1.4695650635e+09 5.5939000000e-02 3.7050000000e-03 -1.1260000000e-03 -3.1100000000e-04 1.8200000000e-04 1.7100000000e-04 1.7800000000e-04 1.7800000000e-04
1.4729088135e+09 5.5412000000e-02 3.9890000000e-03 -6.7800000000e-04 2.6200000000e-04 1.8600000000e-04 1.6800000000e-04 1.6700000000e-04 1.8000000000e-04
1.4762525635e+09 5.5229000000e-02 3.9760000000e-03 -4.7000000000e-05 -5.5000000000e-05 2.0300000000e-04 1.8200000000e-04 1.7600000000e-04 1.7200000000e-04
1.4795963135e+09 5.5334000000e-02 4.0200000000e-03 -6.9300000000e-04 2.0900000000e-04 1.8200000000e-04 1.8900000000e-04 1.7700000000e-04 1.7900000000e-04
1.4829400635e+09 5.5352000000e-02 4.0940000000e-03 -7.0500000000e-04 -1.0400000000e-04 1.7300000000e-04 1.6900000000e-04 1.8900000000e-04 1.7600000000e-04
1.4862838135e+09 5.5195000000e-02 4.1210000000e-03 -5.5900000000e-04 1.4500000000e-04 1.6500000000e-04 1.8000000000e-04 1.7700000000e-04 1.8100000000e-04
1.4896275635e+09 5.4832000000e-02 4.0140000000e-03 -5.3700000000e-04 1.5100000000e-04 1.8300000000e-04 1.7200000000e-04 1.7100000000e-04 1.6800000000e-04
1.4929713135e+09 5.5185000000e-02 4.1650000000e-03 -4.9400000000e-04 1.3900000000e-04 1.8100000000e-04 1.7000000000e-04 1.8100000000e-04 1.6900000000e-04
1.4963150635e+09 5.5013000000e-02 4.2960000000e-03 -3.8000000000e-04 1.2300000000e-04 1.7600000000e-04 1.7200000000e-04 1.6700000000e-04 1.7600000000e-04
1.4996588135e+09 5.4835000000e-02 3.9380000000e-03 -3.5000000000e-04 -1.3300000000e-04 1.7100000000e-04 1.7400000000e-04 1.8600000000e-04 1.7500000000e-04
1.5030025635e+09 5.4967000000e-02 3.7180000000e-03 -5.9500000000e-04 1.3600000000e-04 1.6700000000e-04 1.7100000000e-04 1.8700000000e-04 1.6400000000e-04
1.5063463135e+09 5.5170000000e-02 3.9330000000e-03 -7.8200000000e-04 3.2000000000e-04 1.7000000000e-04 1.8200000000e-04 1.7300000000e-04 1.7400000000e-04
1.5096900635e+09 5.4810000000e-02 3.5310000000e-03 -9.1100000000e-04 -1.3100000000e-04 1.8500000000e-04 1.8200000000e-04 1.9200000000e-04 1.7100000000e-04
1.5130338135e+09 5.4663000000e-02 4.0550000000e-03 -6.9500000000e-04 4.9700000000e-04 1.7900000000e-04 1.6500000000e-04 1.6400000000e-04 1.8900000000e-04
1.5197213135e+09 5.4388000000e-02 3.7530000000e-03 -0.0000000000e+00 -5.3700000000e-04 2.0600000000e-04 1.9300000000e-04 2.1100000000e-04 2.2300000000e-04
1.5230650635e+09 5.4876000000e-02 3.8370000000e-03 -2.0400000000e-04 1.5800000000e-04 2.0700000000e-04 2.2000000000e-04 2.0500000000e-04 1.9800000000e-04
1.5698775635e+09 5.4097000000e-02 3.8810000000e-03 6.0000000000e-06 3.6100000000e-04 2.6600000000e-04 2.3900000000e-04 2.3400000000e-04 2.6700000000e-04
1.5832525635e+09 5.4292000000e-02 3.6680000000e-03 -7.8000000000e-05 -4.4300000000e-04 2.6100000000e-04 2.2100000000e-04 2.1500000000e-04 2.4200000000e-04
1.5966275635e+09 5.4070000000e-02 4.1860000000e-03 -4.4100000000e-04 5.4700000000e-04 2.6400000000e-04 2.3100000000e-04 2.4600000000e-04 2.7000000000e-04
1.6100025635e+09 5.3568000000e-02 3.7490000000e-03 -3.1600000000e-04 4.4000000000e-05 1.8000000000e-04 1.7700000000e-04 1.8200000000e-04 1.6700000000e-04
1.6133463135e+09 5.3577000000e-02 3.8250000000e-03 -2.0000000000e-06 -4.0000000000e-06 1.6900000000e-04 1.6400000000e-04 1.5700000000e-04 1.6200000000e-04
1.6166900635e+09 5.2987000000e-02 3.8410000000e-03 -3.4600000000e-04 2.4200000000e-04 1.9900000000e-04 1.8900000000e-04 1.9600000000e-04 2.0400000000e-04
1.6300650635e+09 5.3920000000e-02 3.7090000000e-03 -1.8900000000e-04 -3.8600000000e-04 1.7700000000e-04 1.8200000000e-04 1.7400000000e-04 1.7900000000e-04
1.6334088135e+09 5.3049000000e-02 3.5750000000e-03 -1.2900000000e-04 2.3400000000e-04 1.9200000000e-04 1.7000000000e-04 1.6800000000e-04 1.8200000000e-04
1.6367525635e+09 5.3259000000e-02 3.7540000000e-03 -6.1000000000e-05 -2.7500000000e-04 1.7500000000e-04 1.6200000000e-04 1.7700000000e-04 1.8100000000e-04
1.6400963135e+09 5.2789000000e-02 3.5380000000e-03 -3.6200000000e-04 1.5900000000e-04 1.8400000000e-04 1.6900000000e-04 1.8900000000e-04 1.7500000000e-04
1.6434400635e+09 5.2943000000e-02 3.6760000000e-03 -5.0800000000e-04 5.8000000000e-05 1.7200000000e-04 1.8200000000e-04 1.9100000000e-04 1.6100000000e-04
1.6467838135e+09 5.2856000000e-02 3.3400000000e-03 -4.0200000000e-04 9.9000000000e-05 1.9200000000e-04 1.8100000000e-04 2.0100000000e-04 1.7500000000e-04
