9.061431884765620232e+08 9.388399999999999523e-02 1.119999999999999983e-04 -1.730000000000000038e-04 1.810000000000000085e-04 1.779999999999999898e-04 1.679999999999999907e-04
9.128306884765620232e+08 9.389799999999999536e-02 2.429999999999999977e-04 -2.959999999999999849e-04 1.879999999999999890e-04 1.610000000000000103e-04 1.649999999999999991e-04
9.195181884765620232e+08 9.372500000000000275e-02 3.440000000000000132e-04 -2.239999999999999966e-04 1.910000000000000077e-04 1.610000000000000103e-04 1.610000000000000103e-04
9.262056884765620232e+08 9.386999999999999511e-02 3.339999999999999870e-04 5.000000000000000240e-05 1.969999999999999909e-04 1.689999999999999879e-04 1.679999999999999907e-04
9.328931884765620232e+08 9.380600000000000049e-02 2.519999999999999996e-04 -1.489999999999999897e-04 2.410000000000000033e-04 2.139999999999999975e-04 2.079999999999999872e-04
9.462681884765620232e+08 9.360999999999999877e-02 2.200000000000000078e-04 -3.589999999999999984e-04 3.719999999999999891e-04 3.139999999999999888e-04 3.330000000000000169e-04
9.596431884765620232e+08 9.344700000000000228e-02 3.269999999999999795e-04 9.000000000000000228e-06 1.779999999999999898e-04 1.569999999999999944e-04 1.669999999999999935e-04
9.663306884765620232e+08 9.325999999999999568e-02 1.019999999999999992e-04 1.579999999999999916e-04 1.859999999999999945e-04 1.600000000000000131e-04 1.610000000000000103e-04
9.730181884765620232e+08 9.356200000000000627e-02 1.610000000000000103e-04 -8.100000000000000375e-05 1.789999999999999870e-04 1.479999999999999925e-04 1.540000000000000028e-04
9.797056884765620232e+08 9.323900000000000243e-02 1.279999999999999942e-04 1.079999999999999960e-04 1.879999999999999890e-04 1.499999999999999869e-04 1.479999999999999925e-04
9.930806884765620232e+08 9.287499999999999922e-02 1.730000000000000038e-04 6.299999999999999990e-05 1.600000000000000131e-04 1.579999999999999916e-04 1.499999999999999869e-04
9.997681884765620232e+08 9.293700000000000572e-02 2.280000000000000126e-04 -3.350000000000000113e-04 1.659999999999999963e-04 1.579999999999999916e-04 1.440000000000000036e-04
1.006455688476559997e+09 9.305299999999999683e-02 5.399999999999999798e-05 -1.129999999999999955e-04 1.710000000000000094e-04 1.469999999999999953e-04 1.520000000000000084e-04
1.013143188476559997e+09 9.305099999999999483e-02 1.489999999999999897e-04 1.669999999999999935e-04 1.649999999999999991e-04 1.350000000000000017e-04 1.489999999999999897e-04
1.019830688476559997e+09 9.270799999999999874e-02 -4.199999999999999768e-05 -1.599999999999999928e-05 1.649999999999999991e-04 1.499999999999999869e-04 1.389999999999999905e-04
1.026518188476559997e+09 9.229700000000000404e-02 1.800000000000000113e-04 2.210000000000000050e-04 1.840000000000000001e-04 1.430000000000000064e-04 1.640000000000000019e-04
1.039893188476559997e+09 9.232300000000000229e-02 3.629999999999999872e-04 3.269999999999999795e-04 1.800000000000000113e-04 1.479999999999999925e-04 1.679999999999999907e-04
1.046580688476559997e+09 9.214799999999999380e-02 1.299999999999999920e-05 -7.499999999999999343e-05 1.910000000000000077e-04 1.340000000000000045e-04 1.479999999999999925e-04
1.053268188476559997e+09 9.204800000000000482e-02 1.879999999999999890e-04 -4.000000000000000327e-05 1.640000000000000019e-04 1.350000000000000017e-04 1.469999999999999953e-04
1.059955688476559997e+09 9.208500000000000019e-02 2.049999999999999956e-04 -5.000000000000000409e-06 1.600000000000000131e-04 1.479999999999999925e-04 1.550000000000000000e-04
1.066643188476559997e+09 9.224899999999999767e-02 5.000000000000000240e-05 1.129999999999999955e-04 1.589999999999999888e-04 1.600000000000000131e-04 1.399999999999999877e-04
1.073330688476559997e+09 9.204900000000000582e-02 3.190000000000000019e-04 -1.450000000000000009e-04 1.720000000000000066e-04 1.499999999999999869e-04 1.479999999999999925e-04
1.100080688476560116e+09 9.153400000000000425e-02 6.040000000000000447e-04 -4.000000000000000327e-05 1.920000000000000049e-04 1.589999999999999888e-04 1.530000000000000056e-04
1.106768188476560116e+09 9.163399999999999324e-02 5.330000000000000536e-04 -1.060000000000000016e-04 1.589999999999999888e-04 1.389999999999999905e-04 1.669999999999999935e-04
1.113455688476560116e+09 9.183299999999999796e-02 -4.800000000000000122e-05 1.959999999999999937e-04 1.589999999999999888e-04 1.359999999999999989e-04 1.469999999999999953e-04
1.120143188476560116e+09 9.182200000000000084e-02 1.019999999999999992e-04 1.060000000000000016e-04 1.499999999999999869e-04 1.459999999999999981e-04 1.479999999999999925e-04
1.126830688476560116e+09 9.131200000000000427e-02 2.000000000000000164e-05 -3.199999999999999855e-05 1.649999999999999991e-04 1.420000000000000092e-04 1.350000000000000017e-04
1.140205688476560116e+09 9.118300000000000016e-02 2.689999999999999791e-04 1.000000000000000082e-05 1.830000000000000029e-04 1.600000000000000131e-04 1.459999999999999981e-04
1.153580688476560116e+09 9.102999999999999980e-02 3.370000000000000057e-04 7.200000000000000182e-05 1.679999999999999907e-04 1.379999999999999933e-04 1.530000000000000056e-04
1.193705688476560116e+09 9.080399999999999583e-02 1.630000000000000047e-04 2.750000000000000166e-04 1.830000000000000029e-04 1.530000000000000056e-04 1.330000000000000073e-04
1.253893188476560116e+09 9.036199999999999788e-02 3.699999999999999947e-04 1.269999999999999970e-04 1.740000000000000010e-04 1.330000000000000073e-04 1.399999999999999877e-04
1.294018188476560116e+09 9.031400000000000539e-02 1.559999999999999972e-04 3.300000000000000253e-05 1.659999999999999963e-04 1.489999999999999897e-04 1.649999999999999991e-04
1.300705688476560116e+09 9.066899999999999959e-02 1.179999999999999951e-04 -6.600000000000000506e-05 1.310000000000000129e-04 1.289999999999999914e-04 1.299999999999999886e-04
1.307393188476560116e+09 9.074999999999999734e-02 2.500000000000000052e-04 -1.820000000000000057e-04 1.520000000000000084e-04 1.240000000000000054e-04 1.219999999999999974e-04
1.314080688476560116e+09 9.074300000000000421e-02 1.859999999999999945e-04 -4.099999999999999912e-04 1.369999999999999961e-04 1.250000000000000026e-04 1.269999999999999970e-04
1.320768188476560116e+09 9.078500000000000458e-02 4.249999999999999763e-04 -1.119999999999999983e-04 1.350000000000000017e-04 1.140000000000000063e-04 1.200000000000000030e-04
1.327455688476560116e+09 9.043700000000000350e-02 4.249999999999999763e-04 -2.100000000000000087e-04 1.469999999999999953e-04 1.179999999999999951e-04 1.090000000000000067e-04
1.334143188476560116e+09 9.035100000000000076e-02 3.519999999999999908e-04 -1.269999999999999970e-04 1.350000000000000017e-04 1.150000000000000035e-04 1.219999999999999974e-04
1.340830688476560116e+09 9.019000000000000627e-02 6.999999999999999387e-05 -9.299999999999999727e-05 1.310000000000000129e-04 1.289999999999999914e-04 1.269999999999999970e-04
1.347518188476560116e+09 9.029600000000000126e-02 1.399999999999999877e-04 -2.860000000000000129e-04 1.289999999999999914e-04 1.330000000000000073e-04 1.190000000000000058e-04
1.354205688476560116e+09 9.030199999999999338e-02 2.719999999999999979e-04 -2.939999999999999905e-04 1.410000000000000120e-04 1.240000000000000054e-04 1.200000000000000030e-04
1.360893188476560116e+09 9.038100000000000300e-02 2.649999999999999903e-04 -2.200000000000000078e-04 1.269999999999999970e-04 1.129999999999999955e-04 1.279999999999999942e-04
1.367580688476560116e+09 9.036700000000000288e-02 1.440000000000000036e-04 -1.749999999999999982e-04 1.320000000000000101e-04 1.150000000000000035e-04 1.219999999999999974e-04
1.374268188476560116e+09 9.012799999999999978e-02 4.620000000000000083e-04 -4.300000000000000165e-05 1.330000000000000073e-04 1.320000000000000101e-04 1.160000000000000007e-04
1.380955688476560116e+09 9.030100000000000626e-02 1.079999999999999960e-04 -5.199999999999999680e-05 1.269999999999999970e-04 1.219999999999999974e-04 1.269999999999999970e-04
1.387643188476560116e+09 9.033900000000000263e-02 2.770000000000000110e-04 -2.469999999999999865e-04 1.350000000000000017e-04 1.160000000000000007e-04 1.100000000000000039e-04
1.394330688476560116e+09 9.042400000000000437e-02 3.229999999999999907e-04 -4.640000000000000027e-04 1.279999999999999942e-04 1.169999999999999979e-04 1.240000000000000054e-04
1.401018188476560116e+09 9.022099999999999564e-02 5.240000000000000517e-04 -3.600000000000000091e-05 1.359999999999999989e-04 1.090000000000000067e-04 1.240000000000000054e-04
1.407705688476560116e+09 9.029800000000000326e-02 1.649999999999999991e-04 -7.499999999999999343e-05 1.240000000000000054e-04 1.169999999999999979e-04 1.279999999999999942e-04
1.414393188476560116e+09 9.019000000000000627e-02 3.020000000000000223e-04 -1.060000000000000016e-04 1.320000000000000101e-04 1.210000000000000002e-04 1.210000000000000002e-04
1.421080688476560116e+09 9.001900000000000179e-02 3.669999999999999760e-04 -2.919999999999999961e-04 2.400000000000000061e-04 2.239999999999999966e-04 2.229999999999999994e-04
1.427768188476560116e+09 9.037199999999999400e-02 2.359999999999999902e-04 3.600000000000000091e-05 1.420000000000000092e-04 1.230000000000000082e-04 1.110000000000000011e-04
1.434455688476560116e+09 9.023200000000000665e-02 2.300000000000000070e-04 -2.570000000000000127e-04 1.289999999999999914e-04 1.219999999999999974e-04 1.230000000000000082e-04
1.441143188476560116e+09 9.029199999999999726e-02 3.339999999999999870e-04 -1.530000000000000056e-04 1.369999999999999961e-04 1.129999999999999955e-04 1.200000000000000030e-04
1.447830688476560116e+09 9.025299999999999989e-02 4.840000000000000010e-04 -1.530000000000000056e-04 1.350000000000000017e-04 1.160000000000000007e-04 1.150000000000000035e-04
1.454518188476560116e+09 9.008900000000000241e-02 4.310000000000000137e-04 -4.399999999999999886e-05 1.230000000000000082e-04 1.219999999999999974e-04 1.179999999999999951e-04
1.461205688476560116e+09 9.016499999999999515e-02 4.800000000000000122e-05 5.700000000000000314e-05 1.310000000000000129e-04 1.330000000000000073e-04 1.150000000000000035e-04
1.467893188476560116e+09 9.014099999999999890e-02 3.260000000000000094e-04 -6.299999999999999990e-05 1.240000000000000054e-04 1.179999999999999951e-04 1.179999999999999951e-04
1.474580688476560116e+09 9.011399999999999966e-02 1.520000000000000084e-04 -4.000000000000000327e-05 1.169999999999999979e-04 1.230000000000000082e-04 1.160000000000000007e-04
1.481268188476560116e+09 9.019299999999999540e-02 2.869999999999999830e-04 -2.820000000000000241e-04 1.340000000000000045e-04 1.240000000000000054e-04 1.210000000000000002e-04
1.487955688476560116e+09 8.966499999999999471e-02 8.799999999999999771e-05 -1.090000000000000067e-04 1.230000000000000082e-04 1.160000000000000007e-04 1.169999999999999979e-04
1.494643188476560116e+09 8.988999999999999768e-02 2.369999999999999874e-04 -4.440000000000000045e-04 1.269999999999999970e-04 1.219999999999999974e-04 1.140000000000000063e-04
1.501330688476560116e+09 8.991999999999999993e-02 3.319999999999999926e-04 -2.169999999999999891e-04 1.299999999999999886e-04 1.119999999999999983e-04 1.310000000000000129e-04
1.561518188476560116e+09 8.872399999999999731e-02 1.699999999999999987e-05 3.699999999999999811e-05 3.730000000000000134e-04 3.379999999999999758e-04 3.220000000000000206e-04
