9.061000000000000000e+08 9.806900000000000339e-02 3.649999999999999816e-04 3.399999999999999973e-05 2.039999999999999984e-04 1.869999999999999917e-04 1.740000000000000010e-04
9.128000000000000000e+08 9.843899999999999872e-02 2.069999999999999900e-04 4.829999999999999767e-04 1.830000000000000029e-04 1.749999999999999982e-04 1.689999999999999879e-04
9.195000000000000000e+08 9.771699999999999831e-02 -4.699999999999999724e-05 1.939999999999999993e-04 2.010000000000000068e-04 1.620000000000000075e-04 1.700000000000000122e-04
9.262000000000000000e+08 9.840999999999999748e-02 7.600000000000000418e-05 1.869999999999999917e-04 1.969999999999999909e-04 1.800000000000000113e-04 1.869999999999999917e-04
9.530000000000000000e+08 9.792099999999999416e-02 2.669999999999999847e-04 1.910000000000000077e-04 2.519999999999999996e-04 1.759999999999999954e-04 1.910000000000000077e-04
9.596000000000000000e+08 9.828299999999999537e-02 2.999999999999999737e-04 9.899999999999999404e-05 2.429999999999999977e-04 2.100000000000000087e-04 2.310000000000000042e-04
9.663000000000000000e+08 9.798900000000000665e-02 2.460000000000000164e-04 -3.000000000000000076e-06 1.859999999999999945e-04 1.510000000000000112e-04 1.499999999999999869e-04
9.730000000000000000e+08 9.785499999999999754e-02 4.350000000000000026e-04 -5.000000000000000409e-06 2.010000000000000068e-04 1.520000000000000084e-04 1.630000000000000047e-04
9.797000000000000000e+08 9.762700000000000544e-02 2.649999999999999903e-04 1.399999999999999877e-04 1.879999999999999890e-04 1.559999999999999972e-04 1.679999999999999907e-04
9.864000000000000000e+08 9.754000000000000170e-02 4.209999999999999875e-04 2.210000000000000050e-04 2.010000000000000068e-04 1.579999999999999916e-04 1.689999999999999879e-04
9.931000000000000000e+08 9.803299999999999514e-02 3.069999999999999812e-04 1.230000000000000082e-04 1.789999999999999870e-04 1.659999999999999963e-04 1.520000000000000084e-04
9.998000000000000000e+08 9.741299999999999959e-02 3.469999999999999777e-04 4.199999999999999768e-05 1.769999999999999926e-04 1.530000000000000056e-04 1.559999999999999972e-04
1.013100000000000000e+09 9.751500000000000445e-02 1.379999999999999933e-04 7.399999999999999623e-05 1.869999999999999917e-04 1.730000000000000038e-04 1.520000000000000084e-04
1.019800000000000000e+09 9.774599999999999955e-02 -2.199999999999999943e-05 1.190000000000000058e-04 1.700000000000000122e-04 1.679999999999999907e-04 1.659999999999999963e-04
1.026500000000000000e+09 9.705900000000000638e-02 5.789999999999999791e-04 1.389999999999999905e-04 2.010000000000000068e-04 1.710000000000000094e-04 1.849999999999999973e-04
1.033200000000000000e+09 9.668200000000000405e-02 3.229999999999999907e-04 2.069999999999999900e-04 2.180000000000000134e-04 2.190000000000000106e-04 1.820000000000000057e-04
1.039900000000000000e+09 9.670900000000000329e-02 3.379999999999999758e-04 1.359999999999999989e-04 1.949999999999999965e-04 1.410000000000000120e-04 1.479999999999999925e-04
1.046600000000000000e+09 9.700100000000000389e-02 1.459999999999999981e-04 9.500000000000000523e-05 1.710000000000000094e-04 1.410000000000000120e-04 1.849999999999999973e-04
1.053300000000000000e+09 9.688099999999999490e-02 1.720000000000000066e-04 1.640000000000000019e-04 1.820000000000000057e-04 1.459999999999999981e-04 1.630000000000000047e-04
1.060000000000000000e+09 9.683899999999999453e-02 1.440000000000000036e-04 4.150000000000000043e-04 1.759999999999999954e-04 1.569999999999999944e-04 1.589999999999999888e-04
1.066600000000000000e+09 9.569900000000000628e-02 3.620000000000000171e-04 -4.300000000000000165e-05 2.180000000000000134e-04 1.740000000000000010e-04 1.740000000000000010e-04
1.073300000000000000e+09 9.669800000000000617e-02 1.510000000000000112e-04 3.299999999999999982e-04 1.740000000000000010e-04 1.440000000000000036e-04 1.450000000000000009e-04
1.080000000000000000e+09 9.613700000000000023e-02 2.900000000000000017e-04 9.000000000000000567e-05 1.910000000000000077e-04 1.579999999999999916e-04 1.489999999999999897e-04
1.100100000000000000e+09 9.622799999999999410e-02 5.240000000000000517e-04 -1.110000000000000011e-04 1.949999999999999965e-04 1.710000000000000094e-04 1.600000000000000131e-04
1.106800000000000000e+09 9.645299999999999707e-02 -1.000000000000000082e-05 -9.399999999999999448e-05 2.069999999999999900e-04 1.659999999999999963e-04 1.890000000000000133e-04
1.120100000000000000e+09 9.608200000000000074e-02 1.910000000000000077e-04 -1.320000000000000101e-04 1.679999999999999907e-04 1.359999999999999989e-04 1.440000000000000036e-04
1.126800000000000000e+09 9.541700000000000181e-02 5.370000000000000424e-04 -2.919999999999999961e-04 1.859999999999999945e-04 1.630000000000000047e-04 1.610000000000000103e-04
1.140200000000000000e+09 9.505299999999999860e-02 3.179999999999999776e-04 -2.010000000000000068e-04 1.830000000000000029e-04 1.579999999999999916e-04 1.440000000000000036e-04
1.153600000000000000e+09 9.544700000000000406e-02 5.259999999999999919e-04 4.399999999999999886e-05 1.749999999999999982e-04 1.420000000000000092e-04 1.520000000000000084e-04
1.167000000000000000e+09 9.542200000000000681e-02 2.329999999999999986e-04 -5.899999999999999754e-05 2.190000000000000106e-04 1.869999999999999917e-04 1.900000000000000105e-04
1.193700000000000000e+09 9.453200000000000491e-02 5.169999999999999899e-04 9.000000000000000567e-05 1.820000000000000057e-04 1.510000000000000112e-04 1.749999999999999982e-04
1.247200000000000000e+09 9.418500000000000483e-02 3.379999999999999758e-04 4.049999999999999781e-04 1.900000000000000105e-04 1.379999999999999933e-04 1.499999999999999869e-04
1.253900000000000000e+09 9.456599999999999728e-02 4.800000000000000122e-04 3.020000000000000223e-04 1.779999999999999898e-04 1.510000000000000112e-04 1.600000000000000131e-04
1.300700000000000000e+09 9.549299999999999455e-02 3.640000000000000115e-04 1.800000000000000113e-04 1.440000000000000036e-04 1.279999999999999942e-04 1.359999999999999989e-04
1.307400000000000000e+09 9.572899999999999465e-02 4.040000000000000080e-04 2.880000000000000073e-04 1.530000000000000056e-04 1.440000000000000036e-04 1.140000000000000063e-04
1.314100000000000000e+09 9.567900000000000016e-02 2.460000000000000164e-04 -2.099999999999999884e-05 1.399999999999999877e-04 1.200000000000000030e-04 1.320000000000000101e-04
1.320800000000000000e+09 9.528100000000000458e-02 4.100000000000000047e-05 4.000000000000000327e-05 1.589999999999999888e-04 1.310000000000000129e-04 1.350000000000000017e-04
1.327500000000000000e+09 9.561799999999999466e-02 2.649999999999999903e-04 -6.999999999999999895e-06 1.420000000000000092e-04 1.310000000000000129e-04 1.359999999999999989e-04
1.334100000000000000e+09 9.562500000000000167e-02 1.930000000000000021e-04 2.790000000000000054e-04 1.489999999999999897e-04 1.279999999999999942e-04 1.230000000000000082e-04
1.340800000000000000e+09 9.553100000000000480e-02 4.629999999999999784e-04 1.930000000000000021e-04 1.430000000000000064e-04 1.269999999999999970e-04 1.330000000000000073e-04
1.347500000000000000e+09 9.562299999999999967e-02 2.280000000000000126e-04 1.069999999999999988e-04 1.550000000000000000e-04 1.210000000000000002e-04 1.240000000000000054e-04
1.354200000000000000e+09 9.538099999999999357e-02 2.820000000000000241e-04 1.200000000000000030e-05 1.459999999999999981e-04 1.179999999999999951e-04 1.340000000000000045e-04
1.360900000000000000e+09 9.550899999999999668e-02 2.329999999999999986e-04 3.269999999999999795e-04 1.399999999999999877e-04 1.219999999999999974e-04 1.250000000000000026e-04
1.367600000000000000e+09 9.552700000000000080e-02 3.600000000000000227e-04 2.629999999999999959e-04 1.379999999999999933e-04 1.140000000000000063e-04 1.279999999999999942e-04
1.374300000000000000e+09 9.537800000000000444e-02 2.539999999999999940e-04 2.640000000000000202e-04 1.369999999999999961e-04 1.210000000000000002e-04 1.230000000000000082e-04
1.381000000000000000e+09 9.553999999999999992e-02 7.999999999999999638e-06 -1.000000000000000082e-05 1.530000000000000056e-04 1.250000000000000026e-04 1.299999999999999886e-04
1.387600000000000000e+09 9.559299999999999742e-02 2.699999999999999899e-05 1.710000000000000094e-04 1.499999999999999869e-04 1.310000000000000129e-04 1.350000000000000017e-04
1.394300000000000000e+09 9.564699999999999591e-02 4.920000000000000328e-04 1.279999999999999942e-04 1.559999999999999972e-04 1.200000000000000030e-04 1.299999999999999886e-04
1.401000000000000000e+09 9.552499999999999880e-02 3.179999999999999776e-04 2.339999999999999958e-04 1.359999999999999989e-04 1.240000000000000054e-04 1.320000000000000101e-04
1.407700000000000000e+09 9.566199999999999704e-02 4.040000000000000080e-04 2.300000000000000070e-04 1.330000000000000073e-04 1.200000000000000030e-04 1.259999999999999998e-04
1.414400000000000000e+09 9.562400000000000067e-02 2.349999999999999930e-04 3.170000000000000075e-04 1.369999999999999961e-04 1.210000000000000002e-04 1.129999999999999955e-04
1.427800000000000000e+09 9.560100000000000542e-02 1.979999999999999881e-04 2.349999999999999930e-04 1.430000000000000064e-04 1.299999999999999886e-04 1.230000000000000082e-04
1.434500000000000000e+09 9.551400000000000168e-02 5.599999999999999916e-05 1.689999999999999879e-04 1.559999999999999972e-04 1.230000000000000082e-04 1.289999999999999914e-04
1.441100000000000000e+09 9.574699999999999878e-02 2.719999999999999979e-04 1.550000000000000000e-04 1.369999999999999961e-04 1.230000000000000082e-04 1.179999999999999951e-04
1.447800000000000000e+09 9.593599999999999350e-02 4.449999999999999746e-04 1.990000000000000124e-04 1.420000000000000092e-04 1.269999999999999970e-04 1.240000000000000054e-04
1.454500000000000000e+09 9.567499999999999616e-02 3.150000000000000131e-04 2.139999999999999975e-04 1.350000000000000017e-04 1.219999999999999974e-04 1.230000000000000082e-04
1.461200000000000000e+09 9.563000000000000667e-02 2.860000000000000129e-04 3.009999999999999980e-04 1.359999999999999989e-04 1.219999999999999974e-04 1.299999999999999886e-04
1.467900000000000000e+09 9.585000000000000464e-02 3.289999999999999739e-04 2.500000000000000120e-05 1.469999999999999953e-04 1.240000000000000054e-04 1.250000000000000026e-04
1.474600000000000000e+09 9.571000000000000341e-02 7.399999999999999623e-05 3.519999999999999908e-04 1.410000000000000120e-04 1.129999999999999955e-04 1.299999999999999886e-04
1.481300000000000000e+09 9.552199999999999580e-02 5.800000000000000034e-05 1.440000000000000036e-04 1.420000000000000092e-04 1.240000000000000054e-04 1.230000000000000082e-04
1.488000000000000000e+09 9.553599999999999592e-02 3.069999999999999812e-04 8.600000000000000331e-05 1.440000000000000036e-04 1.259999999999999998e-04 1.320000000000000101e-04
1.494600000000000000e+09 9.543000000000000094e-02 4.090000000000000211e-04 1.630000000000000047e-04 1.359999999999999989e-04 1.160000000000000007e-04 1.279999999999999942e-04
1.501300000000000000e+09 9.592000000000000526e-02 3.229999999999999907e-04 4.399999999999999886e-05 1.589999999999999888e-04 1.259999999999999998e-04 1.289999999999999914e-04
1.508000000000000000e+09 9.591399999999999926e-02 3.150000000000000131e-04 1.779999999999999898e-04 1.350000000000000017e-04 1.230000000000000082e-04 1.169999999999999979e-04
1.514700000000000000e+09 9.607599999999999474e-02 1.649999999999999991e-04 1.219999999999999974e-04 1.320000000000000101e-04 1.050000000000000044e-04 1.259999999999999998e-04
1.534800000000000000e+09 9.595900000000000263e-02 4.659999999999999971e-04 -3.999999999999999819e-06 3.049999999999999868e-04 2.709999999999999735e-04 2.680000000000000090e-04
1.554800000000000000e+09 9.585200000000000664e-02 3.649999999999999816e-04 4.659999999999999971e-04 1.990000000000000124e-04 1.669999999999999935e-04 1.720000000000000066e-04
1.568200000000000000e+09 9.485399999999999388e-02 2.310000000000000042e-04 1.530000000000000056e-04 1.920000000000000049e-04 1.649999999999999991e-04 1.740000000000000010e-04
1.581600000000000000e+09 9.406799999999999884e-02 -7.999999999999999638e-06 -9.799999999999999684e-05 1.990000000000000124e-04 1.689999999999999879e-04 1.579999999999999916e-04
