9.429244384765620232e+08 1.824018900000000087e+01 1.508456000000000019e+00 -2.456059999999999910e-01 1.570900000000000074e-02 1.917000000000000084e-03 2.641999999999999817e-03
9.562994384765620232e+08 1.812043800000000005e+01 1.505565999999999960e+00 -2.252450000000000008e-01 9.468999999999999986e-03 9.579999999999999757e-04 9.970000000000000563e-04
9.696744384765620232e+08 1.800311999999999912e+01 1.515648000000000106e+00 -1.826899999999999913e-01 7.405000000000000124e-03 6.070000000000000092e-04 8.000000000000000383e-04
9.830494384765620232e+08 1.787913899999999856e+01 1.515025000000000066e+00 -1.410359999999999947e-01 6.398000000000000041e-03 4.899999999999999842e-04 6.620000000000000450e-04
9.964244384765620232e+08 1.776168300000000144e+01 1.513263999999999943e+00 -9.561200000000000254e-02 5.046000000000000138e-03 5.100000000000000366e-04 6.310000000000000504e-04
1.009799438476559997e+09 1.764280899999999974e+01 1.517517999999999923e+00 -5.402599999999999764e-02 4.390999999999999938e-03 5.410000000000000312e-04 5.820000000000000520e-04
1.023174438476559997e+09 1.752475700000000103e+01 1.536072000000000104e+00 -2.093799999999999828e-02 4.176000000000000024e-03 3.989999999999999949e-04 5.519999999999999733e-04
1.036549438476559997e+09 1.740002399999999838e+01 1.544898000000000104e+00 2.409700000000000036e-02 3.985999999999999960e-03 3.119999999999999944e-04 5.339999999999999695e-04
1.049924438476559997e+09 1.728295100000000062e+01 1.545482000000000022e+00 6.226399999999999990e-02 3.442999999999999880e-03 2.759999999999999867e-04 5.240000000000000517e-04
1.063299438476559997e+09 1.717565499999999901e+01 1.542710999999999943e+00 9.890100000000000280e-02 3.213000000000000144e-03 2.590000000000000071e-04 4.910000000000000085e-04
1.076674438476560116e+09 1.706629799999999975e+01 1.534790000000000099e+00 1.318219999999999947e-01 3.308999999999999875e-03 2.930000000000000204e-04 4.809999999999999823e-04
1.090049438476560116e+09 1.696006799999999970e+01 1.517255000000000020e+00 1.713200000000000001e-01 3.275000000000000133e-03 3.299999999999999982e-04 4.970000000000000459e-04
1.103424438476560116e+09 1.685068100000000157e+01 1.515179000000000054e+00 2.077469999999999872e-01 2.945999999999999834e-03 2.420000000000000005e-04 4.800000000000000122e-04
1.116799438476560116e+09 1.674865300000000090e+01 1.507338999999999984e+00 2.357549999999999923e-01 2.981000000000000143e-03 2.550000000000000183e-04 4.719999999999999803e-04
1.130174438476560116e+09 1.664589700000000150e+01 1.497614999999999919e+00 2.663400000000000212e-01 2.762000000000000132e-03 2.669999999999999847e-04 4.690000000000000158e-04
1.143549438476560116e+09 1.654823100000000125e+01 1.485492999999999952e+00 2.963759999999999728e-01 2.848999999999999970e-03 2.919999999999999961e-04 4.789999999999999879e-04
1.156924438476560116e+09 1.644385099999999866e+01 1.476015000000000077e+00 3.277740000000000098e-01 2.817000000000000060e-03 2.649999999999999903e-04 4.769999999999999934e-04
1.170299438476560116e+09 1.635362100000000041e+01 1.461862999999999913e+00 3.512529999999999819e-01 3.334000000000000158e-03 4.159999999999999744e-04 5.169999999999999899e-04
1.183674438476560116e+09 1.625280400000000114e+01 1.447724000000000011e+00 3.847389999999999977e-01 2.544999999999999953e-03 3.579999999999999741e-04 5.169999999999999899e-04
1.197049438476560116e+09 1.615937399999999968e+01 1.440215000000000023e+00 4.044010000000000105e-01 2.533999999999999794e-03 3.379999999999999758e-04 4.760000000000000234e-04
1.210424438476560116e+09 1.606568000000000040e+01 1.426606999999999958e+00 4.300599999999999978e-01 3.511999999999999931e-03 6.430000000000000169e-04 7.630000000000000063e-04
1.223799438476560116e+09 1.598626299999999922e+01 1.415729000000000015e+00 4.448980000000000157e-01 3.393000000000000183e-03 5.370000000000000424e-04 6.120000000000000223e-04
1.237174438476560116e+09 1.588667399999999930e+01 1.398884999999999934e+00 4.796770000000000200e-01 2.931000000000000012e-03 4.580000000000000195e-04 5.429999999999999714e-04
1.250549438476560116e+09 1.579438099999999956e+01 1.397145999999999999e+00 5.020750000000000490e-01 2.366000000000000048e-03 3.260000000000000094e-04 4.150000000000000043e-04
1.263924438476560116e+09 1.571124900000000046e+01 1.389197999999999933e+00 5.122609999999999664e-01 2.814999999999999794e-03 4.979999999999999618e-04 5.540000000000000219e-04
1.277299438476560116e+09 1.561883399999999966e+01 1.379699999999999926e+00 5.394419999999999771e-01 2.317000000000000049e-03 5.150000000000000498e-04 5.710000000000000015e-04
1.290674438476560116e+09 1.553797699999999971e+01 1.368192999999999993e+00 5.555090000000000305e-01 2.088000000000000012e-03 3.029999999999999924e-04 4.229999999999999819e-04
1.304049438476560116e+09 1.544449299999999958e+01 1.356174999999999908e+00 5.749699999999999811e-01 2.067999999999999960e-03 2.640000000000000202e-04 3.950000000000000061e-04
1.317424438476560116e+09 1.536291300000000071e+01 1.340136999999999912e+00 5.906460000000000043e-01 2.135000000000000179e-03 2.880000000000000073e-04 4.049999999999999781e-04
1.330799438476560116e+09 1.528235199999999949e+01 1.330276000000000014e+00 6.069120000000000070e-01 2.109999999999999896e-03 3.130000000000000187e-04 3.869999999999999742e-04
1.344174438476560116e+09 1.519826100000000046e+01 1.321709999999999940e+00 6.205439999999999845e-01 2.011000000000000201e-03 2.880000000000000073e-04 3.930000000000000117e-04
1.357549438476560116e+09 1.511830699999999972e+01 1.313851000000000102e+00 6.371430000000000149e-01 2.135000000000000179e-03 3.029999999999999924e-04 4.220000000000000118e-04
1.370924438476560116e+09 1.503891400000000012e+01 1.303299999999999903e+00 6.480420000000000069e-01 2.086999999999999880e-03 2.860000000000000129e-04 3.950000000000000061e-04
1.384299438476560116e+09 1.495915199999999956e+01 1.287778000000000089e+00 6.589279999999999582e-01 2.152999999999999966e-03 2.900000000000000017e-04 3.710000000000000190e-04
1.397674438476560116e+09 1.487634800000000013e+01 1.278278000000000025e+00 6.694390000000000063e-01 2.191999999999999938e-03 3.150000000000000131e-04 3.770000000000000022e-04
1.411049438476560116e+09 1.479570599999999914e+01 1.269255000000000022e+00 6.800310000000000521e-01 2.281000000000000041e-03 3.209999999999999963e-04 3.879999999999999985e-04
1.424424438476560116e+09 1.472518700000000003e+01 1.258250000000000091e+00 6.892179999999999973e-01 2.407999999999999984e-03 3.400000000000000244e-04 3.789999999999999966e-04
1.437799438476560116e+09 1.464155799999999985e+01 1.249560999999999922e+00 6.966459999999999875e-01 2.386000000000000100e-03 3.179999999999999776e-04 3.680000000000000003e-04
1.451174438476560116e+09 1.456528400000000012e+01 1.239683000000000090e+00 7.041760000000000241e-01 2.530000000000000131e-03 3.130000000000000187e-04 3.789999999999999966e-04
1.464549438476560116e+09 1.448763100000000037e+01 1.229694000000000065e+00 7.145610000000000017e-01 2.654000000000000109e-03 3.240000000000000150e-04 3.950000000000000061e-04
1.477924438476560116e+09 1.441079599999999949e+01 1.220388999999999946e+00 7.256249999999999645e-01 2.638999999999999853e-03 3.170000000000000075e-04 3.750000000000000078e-04
1.491299438476560116e+09 1.433376699999999992e+01 1.212941000000000047e+00 7.348540000000000072e-01 2.750999999999999973e-03 3.539999999999999853e-04 3.860000000000000041e-04
1.504674438476560116e+09 1.425763000000000069e+01 1.204501999999999962e+00 7.429670000000000440e-01 2.739999999999999814e-03 3.420000000000000188e-04 3.780000000000000265e-04
1.518049438476560116e+09 1.418391199999999941e+01 1.197054000000000062e+00 7.528580000000000272e-01 2.808999999999999865e-03 3.660000000000000059e-04 3.789999999999999966e-04
1.531424438476560116e+09 1.410995800000000067e+01 1.188700000000000090e+00 7.530430000000000179e-01 3.402000000000000076e-03 5.379999999999999583e-04 5.500000000000000331e-04
1.544799438476560116e+09 1.403802600000000034e+01 1.174403000000000086e+00 7.581489999999999618e-01 3.674000000000000182e-03 5.039999999999999992e-04 5.280000000000000405e-04
1.558174438476560116e+09 1.396355699999999977e+01 1.167302000000000062e+00 7.712339999999999751e-01 3.154999999999999818e-03 3.820000000000000153e-04 4.119999999999999856e-04
1.571549438476560116e+09 1.389306999999999981e+01 1.161807000000000034e+00 7.773050000000000237e-01 3.452999999999999906e-03 6.700000000000000226e-04 5.739999999999999660e-04
1.584924438476560116e+09 1.380988999999999933e+01 1.147915000000000019e+00 7.770740000000000425e-01 4.154999999999999839e-03 5.270000000000000162e-04 4.789999999999999879e-04
1.598299438476560116e+09 1.373012800000000055e+01 1.146498000000000017e+00 7.824809999999999821e-01 3.598000000000000070e-03 3.910000000000000172e-04 3.690000000000000246e-04
1.611674438476560116e+09 1.364693499999999915e+01 1.138344000000000023e+00 7.744010000000000060e-01 3.837999999999999832e-03 1.832000000000000078e-03 9.569999999999999514e-04
1.625049438476560116e+09 1.357343299999999964e+01 1.132166999999999923e+00 7.892299999999999871e-01 3.889999999999999795e-03 1.894999999999999983e-03 5.860000000000000408e-04
1.638424438476560116e+09 1.349388500000000057e+01 1.124177999999999900e+00 7.931049999999999489e-01 4.373000000000000151e-03 4.090000000000000211e-04 3.699999999999999947e-04
1.651799438476560116e+09 1.342469999999999963e+01 1.115544000000000091e+00 7.955790000000000362e-01 4.291999999999999808e-03 3.959999999999999762e-04 3.840000000000000097e-04
