9.162000000000000000e+08 1.832282100000000113e+01 1.226396000000000042e+00 -6.126099999999999879e-01 2.076100000000000168e-02 1.394999999999999973e-03 1.443999999999999971e-03
9.295000000000000000e+08 1.819415899999999908e+01 1.278888000000000025e+00 -6.017949999999999688e-01 1.641600000000000004e-02 1.028000000000000051e-03 1.337000000000000081e-03
9.429000000000000000e+08 1.805208999999999975e+01 1.359275000000000011e+00 -5.724759999999999849e-01 1.792799999999999949e-02 1.431999999999999896e-03 1.833999999999999910e-03
9.563000000000000000e+08 1.789015799999999956e+01 1.361491999999999924e+00 -5.136439999999999895e-01 9.365000000000000061e-03 6.080000000000000335e-04 9.300000000000000541e-04
9.697000000000000000e+08 1.772246399999999866e+01 1.387915000000000010e+00 -4.663720000000000088e-01 6.270999999999999665e-03 4.420000000000000101e-04 6.639999999999999852e-04
9.830000000000000000e+08 1.756311600000000084e+01 1.409253000000000089e+00 -4.151940000000000075e-01 6.135999999999999961e-03 3.820000000000000153e-04 6.650000000000000095e-04
9.964000000000000000e+08 1.740478500000000039e+01 1.425089000000000050e+00 -3.628270000000000106e-01 6.361000000000000335e-03 3.339999999999999870e-04 6.170000000000000354e-04
1.009800000000000000e+09 1.728000499999999917e+01 1.441300999999999943e+00 -3.216160000000000130e-01 6.342000000000000415e-03 3.319999999999999926e-04 6.579999999999999478e-04
1.023200000000000000e+09 1.715790799999999905e+01 1.445181000000000049e+00 -2.759380000000000166e-01 4.675999999999999601e-03 3.190000000000000019e-04 6.099999999999999737e-04
1.036500000000000000e+09 1.702543299999999959e+01 1.448248999999999898e+00 -2.242679999999999951e-01 5.532999999999999724e-03 3.139999999999999888e-04 6.210000000000000242e-04
1.049900000000000000e+09 1.690362899999999868e+01 1.447810999999999959e+00 -1.757799999999999918e-01 5.172000000000000382e-03 2.489999999999999809e-04 5.839999999999999922e-04
1.063300000000000000e+09 1.679275900000000021e+01 1.443688000000000082e+00 -1.273340000000000027e-01 5.085000000000000110e-03 2.660000000000000146e-04 6.040000000000000447e-04
1.076700000000000000e+09 1.669287299999999874e+01 1.444455000000000044e+00 -8.490000000000000324e-02 4.147999999999999778e-03 2.779999999999999811e-04 6.269999999999999532e-04
1.090000000000000000e+09 1.655885100000000065e+01 1.449672000000000072e+00 -4.294200000000000100e-02 4.858000000000000339e-03 3.179999999999999776e-04 5.659999999999999884e-04
1.103400000000000000e+09 1.644366499999999931e+01 1.460202000000000000e+00 -1.360300000000000051e-02 4.852999999999999675e-03 2.750000000000000166e-04 5.519999999999999733e-04
1.116800000000000000e+09 1.633624299999999963e+01 1.462210000000000010e+00 1.704100000000000059e-02 3.606999999999999963e-03 2.469999999999999865e-04 5.839999999999999922e-04
1.130200000000000000e+09 1.623948700000000045e+01 1.459962999999999900e+00 4.949499999999999733e-02 3.135999999999999899e-03 2.999999999999999737e-04 5.810000000000000277e-04
1.143500000000000000e+09 1.613190099999999916e+01 1.454334000000000016e+00 9.130900000000000127e-02 4.154999999999999839e-03 3.249999999999999851e-04 6.109999999999999980e-04
1.156900000000000000e+09 1.601599099999999964e+01 1.446290999999999993e+00 1.282409999999999939e-01 3.700000000000000164e-03 3.429999999999999889e-04 5.900000000000000296e-04
1.170300000000000000e+09 1.592965899999999912e+01 1.430449000000000082e+00 1.505120000000000069e-01 3.696000000000000067e-03 3.780000000000000265e-04 5.890000000000000053e-04
1.183700000000000000e+09 1.581869999999999976e+01 1.438261000000000012e+00 2.126369999999999927e-01 3.870000000000000176e-03 4.009999999999999893e-04 6.030000000000000204e-04
1.197000000000000000e+09 1.572075500000000048e+01 1.437075000000000102e+00 2.176949999999999996e-01 3.569000000000000124e-03 3.869999999999999742e-04 6.130000000000000466e-04
1.210400000000000000e+09 1.565078899999999962e+01 1.434949999999999948e+00 2.613269999999999760e-01 3.103999999999999988e-03 4.020000000000000136e-04 6.589999999999999721e-04
1.223800000000000000e+09 1.554000899999999952e+01 1.420026999999999928e+00 3.275410000000000266e-01 2.981999999999999842e-03 3.840000000000000097e-04 5.550000000000000462e-04
1.237200000000000000e+09 1.545850300000000033e+01 1.408058999999999950e+00 3.417520000000000002e-01 3.184999999999999897e-03 3.319999999999999926e-04 6.179999999999999513e-04
1.250500000000000000e+09 1.537174100000000010e+01 1.411750000000000060e+00 3.132510000000000017e-01 3.041999999999999999e-03 3.699999999999999947e-04 5.310000000000000050e-04
1.263900000000000000e+09 1.528588500000000039e+01 1.403839000000000059e+00 3.299869999999999748e-01 3.033999999999999805e-03 4.150000000000000043e-04 5.599999999999999509e-04
1.277300000000000000e+09 1.519466500000000053e+01 1.395002999999999993e+00 3.569289999999999963e-01 4.203000000000000139e-03 6.599999999999999964e-04 8.909999999999999734e-04
1.290700000000000000e+09 1.509606999999999921e+01 1.388587999999999933e+00 3.769419999999999993e-01 3.970999999999999704e-03 4.020000000000000136e-04 5.869999999999999567e-04
1.304000000000000000e+09 1.502372100000000010e+01 1.382311999999999985e+00 3.971859999999999835e-01 3.416999999999999899e-03 3.339999999999999870e-04 5.220000000000000031e-04
1.317400000000000000e+09 1.494218700000000055e+01 1.366478999999999999e+00 4.286479999999999735e-01 2.658999999999999905e-03 3.440000000000000132e-04 5.190000000000000386e-04
1.330800000000000000e+09 1.485907100000000014e+01 1.355131000000000085e+00 4.476519999999999944e-01 3.180999999999999800e-03 3.710000000000000190e-04 5.130000000000000011e-04
1.344200000000000000e+09 1.478232200000000063e+01 1.345218999999999943e+00 4.600319999999999965e-01 3.311999999999999840e-03 3.800000000000000209e-04 5.230000000000000274e-04
1.357500000000000000e+09 1.469565599999999961e+01 1.332243000000000066e+00 4.802210000000000090e-01 3.073999999999999910e-03 3.429999999999999889e-04 5.159999999999999656e-04
1.370900000000000000e+09 1.463827700000000043e+01 1.322494999999999976e+00 4.951949999999999963e-01 3.017000000000000150e-03 3.429999999999999889e-04 4.949999999999999973e-04
1.384300000000000000e+09 1.456172800000000045e+01 1.316480000000000095e+00 5.137639999999999985e-01 3.014000000000000186e-03 3.539999999999999853e-04 5.280000000000000405e-04
1.397700000000000000e+09 1.448300000000000054e+01 1.309657999999999989e+00 5.304609999999999603e-01 2.920999999999999985e-03 3.739999999999999835e-04 5.259999999999999919e-04
1.411000000000000000e+09 1.441576799999999992e+01 1.301887000000000016e+00 5.512110000000000065e-01 3.080999999999999971e-03 3.759999999999999779e-04 4.820000000000000066e-04
1.424400000000000000e+09 1.433987800000000057e+01 1.294831000000000065e+00 5.659100000000000241e-01 2.481999999999999831e-03 4.009999999999999893e-04 5.609999999999999752e-04
1.437800000000000000e+09 1.427649899999999938e+01 1.286942000000000030e+00 5.758600000000000385e-01 2.222000000000000017e-03 3.860000000000000041e-04 5.190000000000000386e-04
1.451200000000000000e+09 1.420687500000000014e+01 1.275339999999999918e+00 5.862570000000000281e-01 2.233000000000000176e-03 3.950000000000000061e-04 5.199999999999999544e-04
1.464500000000000000e+09 1.413521800000000006e+01 1.262666999999999984e+00 5.989510000000000112e-01 2.850999999999999802e-03 3.480000000000000020e-04 4.780000000000000178e-04
1.477900000000000000e+09 1.406979899999999972e+01 1.249762000000000040e+00 6.128730000000000011e-01 2.586000000000000191e-03 4.130000000000000099e-04 4.490000000000000176e-04
1.491300000000000000e+09 1.400566000000000066e+01 1.236801999999999957e+00 6.252529999999999477e-01 2.380999999999999870e-03 4.000000000000000192e-04 4.840000000000000010e-04
1.504700000000000000e+09 1.393984700000000032e+01 1.226023000000000085e+00 6.368289999999999784e-01 2.663000000000000003e-03 4.150000000000000043e-04 4.809999999999999823e-04
1.518000000000000000e+09 1.387868300000000055e+01 1.214596999999999927e+00 6.475739999999999830e-01 2.331000000000000173e-03 4.350000000000000026e-04 4.769999999999999934e-04
1.531400000000000000e+09 1.381726500000000080e+01 1.208550999999999931e+00 6.491010000000000391e-01 3.448999999999999809e-03 5.349999999999999938e-04 5.739999999999999660e-04
1.544800000000000000e+09 1.375083399999999934e+01 1.201503999999999905e+00 6.589570000000000149e-01 3.144000000000000093e-03 5.969999999999999829e-04 6.470000000000000057e-04
1.558200000000000000e+09 1.369313999999999965e+01 1.182150000000000034e+00 6.693109999999999893e-01 2.387999999999999932e-03 5.050000000000000235e-04 5.140000000000000254e-04
1.571500000000000000e+09 1.362795000000000023e+01 1.184233000000000091e+00 6.706849999999999756e-01 2.585000000000000058e-03 5.220000000000000031e-04 5.169999999999999899e-04
1.584900000000000000e+09 1.356428900000000048e+01 1.175399000000000083e+00 6.926039999999999974e-01 2.687999999999999851e-03 4.989999999999999861e-04 5.320000000000000293e-04
1.598300000000000000e+09 1.350351099999999960e+01 1.163874000000000075e+00 6.911279999999999646e-01 2.710999999999999868e-03 4.719999999999999803e-04 5.280000000000000405e-04
1.611700000000000000e+09 1.343598300000000023e+01 1.156144000000000061e+00 6.986019999999999452e-01 2.490000000000000026e-03 4.829999999999999767e-04 5.019999999999999506e-04
1.625000000000000000e+09 1.338257100000000044e+01 1.140941999999999901e+00 7.084989999999999899e-01 3.367999999999999900e-03 5.289999999999999564e-04 5.339999999999999695e-04
1.638400000000000000e+09 1.332066099999999942e+01 1.137580999999999953e+00 7.112270000000000536e-01 2.892000000000000039e-03 5.090000000000000123e-04 5.439999999999999957e-04
1.651800000000000000e+09 1.326748699999999914e+01 1.129162999999999917e+00 7.182610000000000383e-01 3.468000000000000162e-03 5.760000000000000146e-04 5.000000000000000104e-04
