# ======================================================================
# FLAGGED DATA - KEPT CHANNELS ONLY
# ======================================================================
# 
# FLAGGING SUMMARY:
#   Total channels: 218
#   Flagged: 54 (24.8%)
#   Kept: 164 (75.2%)
# 
# FLAGGING CRITERIA APPLIED:
#   - Gross outliers: 3 channels
#   - Error outliers: 19 channels
#       Threshold: 4.0σ above median in log-space
#       Iterations: 3
#   - Spectral baseline clipping: 24 channels
#   - Stokes V clipping: 8 channels
#       Threshold: 2.76σ
#       Reference: median
#       Iterations: 2
# 
# COLUMN FORMAT: freq(Hz) I Q U V dI dQ dU dV
# ======================================================================
9.0450000000e+08 1.1279600000e-01 -9.7000000000e-04 3.2600000000e-03 4.0400000000e-04 2.8100000000e-04 2.5700000000e-04 2.3700000000e-04 2.2700000000e-04
9.0780000000e+08 1.1241700000e-01 -9.1900000000e-04 3.2500000000e-03 -2.2200000000e-04 2.6100000000e-04 2.2700000000e-04 2.3300000000e-04 2.1700000000e-04
9.1120000000e+08 1.1231900000e-01 -8.8600000000e-04 3.2430000000e-03 -1.6700000000e-04 2.7700000000e-04 2.3100000000e-04 2.2300000000e-04 2.1700000000e-04
9.1450000000e+08 1.1220000000e-01 -1.1680000000e-03 2.9640000000e-03 -1.5300000000e-04 2.7700000000e-04 2.3400000000e-04 2.2000000000e-04 2.1200000000e-04
9.1780000000e+08 1.1161200000e-01 -8.6700000000e-04 3.6200000000e-03 2.4600000000e-04 2.7600000000e-04 2.3400000000e-04 2.0000000000e-04 2.2400000000e-04
9.2120000000e+08 1.1191400000e-01 -9.0500000000e-04 3.0180000000e-03 1.3500000000e-04 2.7800000000e-04 2.2000000000e-04 2.2100000000e-04 2.1600000000e-04
9.2450000000e+08 1.1225500000e-01 -8.3200000000e-04 3.0450000000e-03 -2.8800000000e-04 2.4900000000e-04 2.4900000000e-04 2.1300000000e-04 2.0300000000e-04
9.2790000000e+08 1.1178900000e-01 -1.1710000000e-03 2.9910000000e-03 6.0000000000e-05 2.7600000000e-04 2.0600000000e-04 2.0900000000e-04 2.0300000000e-04
9.3120000000e+08 1.1142900000e-01 -1.0860000000e-03 3.1690000000e-03 -3.9200000000e-04 2.7300000000e-04 2.1600000000e-04 2.2000000000e-04 1.8800000000e-04
9.5130000000e+08 1.1247200000e-01 -9.0300000000e-04 3.2050000000e-03 3.7000000000e-05 2.7900000000e-04 2.1000000000e-04 2.1800000000e-04 2.2600000000e-04
9.5460000000e+08 1.1247300000e-01 -1.2750000000e-03 3.1640000000e-03 -1.0000000000e-06 3.1000000000e-04 2.3700000000e-04 2.4500000000e-04 2.1400000000e-04
9.5800000000e+08 1.1338200000e-01 -9.6900000000e-04 3.1420000000e-03 5.5000000000e-05 3.6100000000e-04 3.0200000000e-04 2.9100000000e-04 3.0600000000e-04
9.6130000000e+08 1.1266800000e-01 -1.3810000000e-03 3.5570000000e-03 -4.5200000000e-04 2.7300000000e-04 2.2300000000e-04 2.2900000000e-04 2.0700000000e-04
9.6470000000e+08 1.1200100000e-01 -9.5300000000e-04 3.5970000000e-03 -1.0400000000e-04 2.3700000000e-04 2.0700000000e-04 2.0900000000e-04 1.9300000000e-04
9.6800000000e+08 1.1241100000e-01 -1.2230000000e-03 3.1330000000e-03 -2.3500000000e-04 2.4800000000e-04 2.0700000000e-04 2.1300000000e-04 2.3100000000e-04
9.7130000000e+08 1.1222200000e-01 -1.1780000000e-03 3.3320000000e-03 1.8500000000e-04 2.4800000000e-04 1.9700000000e-04 2.0200000000e-04 1.9000000000e-04
9.7470000000e+08 1.1242900000e-01 -1.2930000000e-03 3.5030000000e-03 -2.8100000000e-04 2.7500000000e-04 1.9700000000e-04 1.9100000000e-04 1.8400000000e-04
9.7800000000e+08 1.1150500000e-01 -1.3960000000e-03 3.2860000000e-03 2.6000000000e-04 2.3900000000e-04 2.1700000000e-04 2.1000000000e-04 2.1900000000e-04
9.8140000000e+08 1.1284900000e-01 -9.5200000000e-04 3.2860000000e-03 -1.4800000000e-04 2.4600000000e-04 2.2400000000e-04 2.0100000000e-04 2.0200000000e-04
9.8470000000e+08 1.1165100000e-01 -1.2230000000e-03 3.2790000000e-03 -8.8000000000e-05 2.4700000000e-04 1.9000000000e-04 2.0300000000e-04 1.7300000000e-04
9.8810000000e+08 1.1181600000e-01 -1.3910000000e-03 3.2000000000e-03 3.4000000000e-05 2.3800000000e-04 1.9000000000e-04 1.9500000000e-04 1.9600000000e-04
9.9140000000e+08 1.1138800000e-01 -1.7830000000e-03 2.9440000000e-03 -2.4000000000e-05 2.2400000000e-04 1.9600000000e-04 2.0200000000e-04 1.9300000000e-04
9.9480000000e+08 1.1151200000e-01 -1.1750000000e-03 3.1790000000e-03 -5.2000000000e-05 2.5700000000e-04 2.2100000000e-04 2.1000000000e-04 1.8900000000e-04
9.9810000000e+08 1.1204100000e-01 -1.6070000000e-03 3.0480000000e-03 2.7900000000e-04 2.3900000000e-04 2.0800000000e-04 2.0500000000e-04 1.9900000000e-04
1.0014000000e+09 1.1171600000e-01 -1.5580000000e-03 2.8720000000e-03 -2.2500000000e-04 2.5500000000e-04 2.1600000000e-04 2.1600000000e-04 2.0000000000e-04
1.0048000000e+09 1.1094200000e-01 -1.3810000000e-03 2.7970000000e-03 8.8000000000e-05 2.6000000000e-04 2.0500000000e-04 2.0100000000e-04 2.2000000000e-04
1.0081000000e+09 1.1131200000e-01 -1.3330000000e-03 3.2410000000e-03 -3.2000000000e-05 2.5600000000e-04 2.0800000000e-04 1.8200000000e-04 1.8900000000e-04
1.0115000000e+09 1.1152400000e-01 -1.3070000000e-03 2.9840000000e-03 1.5500000000e-04 2.4600000000e-04 2.0800000000e-04 1.8600000000e-04 2.1700000000e-04
1.0148000000e+09 1.1083900000e-01 -1.2480000000e-03 3.1000000000e-03 -1.0800000000e-04 2.2600000000e-04 2.2800000000e-04 1.8700000000e-04 2.0200000000e-04
1.0182000000e+09 1.1113800000e-01 -1.4680000000e-03 3.0680000000e-03 1.2200000000e-04 2.4400000000e-04 2.1200000000e-04 2.1000000000e-04 1.8100000000e-04
1.0215000000e+09 1.1086600000e-01 -1.2840000000e-03 2.7250000000e-03 2.1300000000e-04 2.1200000000e-04 2.1400000000e-04 2.0600000000e-04 2.0100000000e-04
1.0248000000e+09 1.1041000000e-01 -1.3460000000e-03 3.0600000000e-03 -6.2000000000e-05 2.4200000000e-04 1.9500000000e-04 2.2200000000e-04 1.9000000000e-04
1.0282000000e+09 1.0957000000e-01 -1.8560000000e-03 3.1180000000e-03 2.5700000000e-04 2.6100000000e-04 1.9800000000e-04 2.1400000000e-04 2.1300000000e-04
1.0315000000e+09 1.0913400000e-01 -1.5380000000e-03 2.2930000000e-03 2.1000000000e-04 2.5800000000e-04 2.2100000000e-04 2.1700000000e-04 2.1800000000e-04
1.0349000000e+09 1.0998600000e-01 -1.5920000000e-03 2.4850000000e-03 -3.9000000000e-05 2.2600000000e-04 1.7300000000e-04 2.0200000000e-04 1.9800000000e-04
1.0382000000e+09 1.0985000000e-01 -1.7650000000e-03 2.5280000000e-03 -1.0400000000e-04 2.0600000000e-04 1.8800000000e-04 1.9100000000e-04 1.9500000000e-04
1.0416000000e+09 1.0918700000e-01 -1.5500000000e-03 2.5730000000e-03 3.6000000000e-05 2.3100000000e-04 2.1200000000e-04 1.8900000000e-04 2.0700000000e-04
1.0449000000e+09 1.0906800000e-01 -1.4500000000e-03 2.5140000000e-03 4.3000000000e-05 2.4200000000e-04 1.9800000000e-04 1.9900000000e-04 1.9100000000e-04
1.0483000000e+09 1.0880100000e-01 -1.5630000000e-03 2.9770000000e-03 -3.0700000000e-04 2.5200000000e-04 1.9200000000e-04 1.8300000000e-04 1.7900000000e-04
1.0516000000e+09 1.0860100000e-01 -1.4810000000e-03 2.5020000000e-03 -7.4000000000e-05 2.3300000000e-04 1.9500000000e-04 1.8600000000e-04 1.9100000000e-04
1.0549000000e+09 1.0897000000e-01 -1.7010000000e-03 2.5440000000e-03 -2.1300000000e-04 2.0800000000e-04 1.8100000000e-04 1.7700000000e-04 1.8800000000e-04
1.0583000000e+09 1.0837600000e-01 -1.7630000000e-03 2.5820000000e-03 9.2000000000e-05 2.1100000000e-04 1.9200000000e-04 2.0800000000e-04 2.0300000000e-04
1.0616000000e+09 1.0885900000e-01 -1.6090000000e-03 2.3920000000e-03 -4.6600000000e-04 2.4900000000e-04 1.8000000000e-04 2.0000000000e-04 1.9400000000e-04
1.0650000000e+09 1.0865300000e-01 -1.8800000000e-03 2.5590000000e-03 -6.9000000000e-05 2.0800000000e-04 1.9500000000e-04 1.9400000000e-04 1.9800000000e-04
1.0683000000e+09 1.0865900000e-01 -1.6770000000e-03 2.7130000000e-03 1.1300000000e-04 2.1400000000e-04 2.0500000000e-04 2.0300000000e-04 2.0900000000e-04
1.0717000000e+09 1.0812500000e-01 -1.9640000000e-03 2.7360000000e-03 -3.6600000000e-04 2.2600000000e-04 1.8400000000e-04 1.9200000000e-04 1.8900000000e-04
1.0750000000e+09 1.0864900000e-01 -1.7160000000e-03 2.8000000000e-03 2.2100000000e-04 2.1400000000e-04 1.8300000000e-04 1.7900000000e-04 2.0600000000e-04
1.0783000000e+09 1.0864000000e-01 -1.2690000000e-03 2.6280000000e-03 -2.5500000000e-04 2.3100000000e-04 1.9800000000e-04 1.9500000000e-04 1.9000000000e-04
1.0817000000e+09 1.0851400000e-01 -1.5320000000e-03 2.4630000000e-03 -4.9000000000e-05 2.0100000000e-04 1.9600000000e-04 1.9700000000e-04 1.8400000000e-04
1.0850000000e+09 1.0742000000e-01 -1.7500000000e-03 2.3530000000e-03 2.0300000000e-04 2.1800000000e-04 1.8900000000e-04 2.0200000000e-04 1.9800000000e-04
1.0951000000e+09 1.0813300000e-01 -1.4980000000e-03 2.4320000000e-03 -1.3600000000e-04 2.2000000000e-04 2.0100000000e-04 1.8200000000e-04 1.9100000000e-04
1.0984000000e+09 1.0845900000e-01 -1.8930000000e-03 2.3640000000e-03 -3.8100000000e-04 2.1100000000e-04 1.8400000000e-04 1.8900000000e-04 1.8600000000e-04
1.1051000000e+09 1.0790900000e-01 -1.6730000000e-03 2.4940000000e-03 -2.6000000000e-05 2.1900000000e-04 1.7600000000e-04 1.9900000000e-04 1.9300000000e-04
1.1084000000e+09 1.0755800000e-01 -1.8060000000e-03 2.1070000000e-03 -1.6000000000e-04 2.2600000000e-04 1.8500000000e-04 1.9000000000e-04 1.8700000000e-04
1.1118000000e+09 1.0796800000e-01 -1.5780000000e-03 2.2570000000e-03 -2.1200000000e-04 1.9600000000e-04 1.8400000000e-04 1.6800000000e-04 1.7700000000e-04
1.1151000000e+09 1.0778700000e-01 -1.5760000000e-03 2.5710000000e-03 -1.5800000000e-04 1.9700000000e-04 1.8800000000e-04 1.7300000000e-04 1.9000000000e-04
1.1185000000e+09 1.0783100000e-01 -1.5760000000e-03 2.2670000000e-03 -2.3500000000e-04 2.1600000000e-04 1.8800000000e-04 1.8500000000e-04 1.7600000000e-04
1.1218000000e+09 1.0824200000e-01 -1.6930000000e-03 2.3810000000e-03 -1.9300000000e-04 1.9500000000e-04 2.0300000000e-04 1.9000000000e-04 1.7000000000e-04
1.1252000000e+09 1.0789700000e-01 -1.3880000000e-03 2.1870000000e-03 2.1500000000e-04 2.1400000000e-04 1.7300000000e-04 1.9000000000e-04 2.0300000000e-04
1.1285000000e+09 1.0778300000e-01 -1.5020000000e-03 2.5700000000e-03 -1.7400000000e-04 2.1400000000e-04 1.8200000000e-04 1.8700000000e-04 1.9300000000e-04
1.1318000000e+09 1.0801700000e-01 -1.7310000000e-03 2.4650000000e-03 -2.4600000000e-04 2.1000000000e-04 1.7000000000e-04 1.9000000000e-04 1.8900000000e-04
1.1385000000e+09 1.0811600000e-01 -1.5430000000e-03 2.4290000000e-03 -5.5000000000e-05 2.1900000000e-04 2.0100000000e-04 1.7000000000e-04 1.8700000000e-04
1.1419000000e+09 1.0683300000e-01 -2.1180000000e-03 2.1890000000e-03 1.4700000000e-04 2.3900000000e-04 1.8700000000e-04 1.8700000000e-04 1.8000000000e-04
1.1519000000e+09 1.0645500000e-01 -1.6170000000e-03 2.6050000000e-03 8.5000000000e-05 2.7600000000e-04 2.1800000000e-04 2.2100000000e-04 2.2700000000e-04
1.1553000000e+09 1.0826500000e-01 -1.6650000000e-03 2.0480000000e-03 -7.4000000000e-05 2.3800000000e-04 2.0300000000e-04 2.0300000000e-04 1.9600000000e-04
1.1586000000e+09 1.0769800000e-01 -1.5840000000e-03 2.2220000000e-03 7.4000000000e-05 2.1900000000e-04 2.0400000000e-04 1.9500000000e-04 2.1500000000e-04
1.1653000000e+09 1.0820800000e-01 -1.9490000000e-03 2.6230000000e-03 -3.3200000000e-04 2.2100000000e-04 1.8900000000e-04 2.0100000000e-04 2.1100000000e-04
1.1686000000e+09 1.0710800000e-01 -1.5460000000e-03 2.5290000000e-03 1.6100000000e-04 2.9000000000e-04 2.8200000000e-04 2.7700000000e-04 2.7000000000e-04
1.1853000000e+09 1.0746600000e-01 -1.4830000000e-03 1.9780000000e-03 -3.8000000000e-05 2.4900000000e-04 2.3700000000e-04 2.1500000000e-04 2.3600000000e-04
1.1887000000e+09 1.0716600000e-01 -1.8500000000e-03 2.2570000000e-03 -8.0000000000e-05 2.3200000000e-04 2.0600000000e-04 1.9500000000e-04 2.0600000000e-04
1.1954000000e+09 1.0723000000e-01 -1.6160000000e-03 1.8900000000e-03 -1.5600000000e-04 2.3200000000e-04 2.2000000000e-04 1.9700000000e-04 1.9400000000e-04
1.1987000000e+09 1.0609500000e-01 -1.2040000000e-03 2.4360000000e-03 -7.2100000000e-04 2.9600000000e-04 2.4000000000e-04 2.2900000000e-04 2.4300000000e-04
1.2154000000e+09 1.0748000000e-01 -1.3510000000e-03 2.2150000000e-03 1.2400000000e-04 2.5800000000e-04 2.1900000000e-04 2.1800000000e-04 2.4400000000e-04
1.2188000000e+09 1.0757900000e-01 -2.1160000000e-03 1.7050000000e-03 -6.9700000000e-04 2.4600000000e-04 2.3600000000e-04 2.0700000000e-04 2.2000000000e-04
1.2355000000e+09 1.0685500000e-01 -1.8920000000e-03 1.4720000000e-03 -2.2600000000e-04 2.5500000000e-04 2.2600000000e-04 2.1100000000e-04 2.3300000000e-04
1.2422000000e+09 1.0732600000e-01 -1.4280000000e-03 1.6200000000e-03 1.8000000000e-05 2.5100000000e-04 2.1600000000e-04 1.9500000000e-04 2.2000000000e-04
1.2522000000e+09 1.0570900000e-01 -1.4830000000e-03 1.8390000000e-03 -1.1400000000e-04 2.0300000000e-04 1.8000000000e-04 1.9800000000e-04 2.0400000000e-04
1.2857000000e+09 1.0684200000e-01 -1.8600000000e-03 1.6550000000e-03 1.3500000000e-04 3.1500000000e-04 2.9100000000e-04 2.9800000000e-04 2.9400000000e-04
1.2923000000e+09 1.0672500000e-01 -1.2590000000e-03 1.8060000000e-03 1.2300000000e-04 3.3600000000e-04 2.7500000000e-04 2.9500000000e-04 3.0200000000e-04
1.2957000000e+09 1.0569900000e-01 -1.2590000000e-03 1.5400000000e-03 1.2500000000e-04 2.0300000000e-04 1.8200000000e-04 1.8200000000e-04 1.8400000000e-04
1.2990000000e+09 1.0670000000e-01 -1.7090000000e-03 1.4580000000e-03 4.0000000000e-06 2.0300000000e-04 1.8000000000e-04 1.7500000000e-04 1.7900000000e-04
1.3024000000e+09 1.0584400000e-01 -1.2520000000e-03 1.5430000000e-03 -2.9000000000e-04 1.9500000000e-04 1.9900000000e-04 1.8300000000e-04 1.7600000000e-04
1.3057000000e+09 1.0638600000e-01 -1.6120000000e-03 1.5560000000e-03 -9.7000000000e-05 1.9300000000e-04 1.6200000000e-04 1.6000000000e-04 1.6300000000e-04
1.3091000000e+09 1.0641300000e-01 -1.6980000000e-03 1.6770000000e-03 -1.1200000000e-04 1.8900000000e-04 1.7000000000e-04 1.6500000000e-04 1.6800000000e-04
1.3124000000e+09 1.0631400000e-01 -1.4970000000e-03 1.8700000000e-03 -3.0000000000e-05 1.8200000000e-04 1.7500000000e-04 1.6800000000e-04 1.6200000000e-04
1.3158000000e+09 1.0582000000e-01 -1.3970000000e-03 1.7050000000e-03 -4.6000000000e-05 1.9700000000e-04 1.6400000000e-04 1.7900000000e-04 1.5400000000e-04
1.3191000000e+09 1.0611900000e-01 -1.2570000000e-03 1.8520000000e-03 1.1400000000e-04 1.8400000000e-04 1.7200000000e-04 1.6300000000e-04 1.5900000000e-04
1.3224000000e+09 1.0547100000e-01 -1.5460000000e-03 1.6800000000e-03 -2.4700000000e-04 1.8000000000e-04 1.5700000000e-04 1.5000000000e-04 1.5800000000e-04
1.3258000000e+09 1.0571000000e-01 -1.5620000000e-03 1.6500000000e-03 -7.5000000000e-05 1.7900000000e-04 1.5900000000e-04 1.6200000000e-04 1.6600000000e-04
1.3291000000e+09 1.0555000000e-01 -1.5200000000e-03 1.2150000000e-03 -1.7900000000e-04 1.7900000000e-04 1.5900000000e-04 1.5800000000e-04 1.6200000000e-04
1.3325000000e+09 1.0517700000e-01 -1.5480000000e-03 1.5250000000e-03 -1.6300000000e-04 1.7300000000e-04 1.4900000000e-04 1.8100000000e-04 1.5100000000e-04
1.3358000000e+09 1.0523400000e-01 -1.6880000000e-03 1.2580000000e-03 2.9000000000e-05 1.7500000000e-04 1.8700000000e-04 1.5800000000e-04 1.5000000000e-04
1.3392000000e+09 1.0516000000e-01 -1.7370000000e-03 1.5380000000e-03 -1.2000000000e-04 1.9000000000e-04 1.6300000000e-04 1.7300000000e-04 1.5300000000e-04
1.3425000000e+09 1.0478600000e-01 -1.7470000000e-03 1.6320000000e-03 -2.5000000000e-04 1.8200000000e-04 1.7600000000e-04 1.5600000000e-04 1.6300000000e-04
1.3458000000e+09 1.0491900000e-01 -1.5090000000e-03 1.3920000000e-03 -3.0600000000e-04 1.9200000000e-04 1.5800000000e-04 1.7700000000e-04 1.6300000000e-04
1.3492000000e+09 1.0481900000e-01 -1.2150000000e-03 1.3970000000e-03 1.5000000000e-05 1.8400000000e-04 1.6100000000e-04 1.6000000000e-04 1.6600000000e-04
1.3525000000e+09 1.0484300000e-01 -1.4200000000e-03 1.5620000000e-03 -1.6400000000e-04 1.7300000000e-04 1.6800000000e-04 1.5400000000e-04 1.5000000000e-04
1.3559000000e+09 1.0473000000e-01 -1.5720000000e-03 1.3610000000e-03 -1.4100000000e-04 1.7600000000e-04 1.7700000000e-04 1.4900000000e-04 1.5600000000e-04
1.3592000000e+09 1.0495000000e-01 -1.5090000000e-03 1.7350000000e-03 -1.1900000000e-04 1.6600000000e-04 1.5600000000e-04 1.5300000000e-04 1.5900000000e-04
1.3626000000e+09 1.0438000000e-01 -1.7580000000e-03 1.5150000000e-03 -3.4600000000e-04 1.7000000000e-04 1.5900000000e-04 1.6000000000e-04 1.6500000000e-04
1.3659000000e+09 1.0445500000e-01 -1.6450000000e-03 1.5050000000e-03 -7.0000000000e-05 1.8500000000e-04 1.5700000000e-04 1.6600000000e-04 1.5000000000e-04
1.3693000000e+09 1.0448700000e-01 -1.3960000000e-03 1.4820000000e-03 -2.2600000000e-04 1.8200000000e-04 1.5900000000e-04 1.5700000000e-04 1.5500000000e-04
1.3726000000e+09 1.0445900000e-01 -1.7460000000e-03 1.3800000000e-03 2.3000000000e-05 1.7400000000e-04 1.4900000000e-04 1.6300000000e-04 1.5500000000e-04
1.3759000000e+09 1.0427000000e-01 -1.4390000000e-03 1.3540000000e-03 1.2200000000e-04 1.7700000000e-04 1.5300000000e-04 1.6000000000e-04 1.6900000000e-04
1.3793000000e+09 1.0451100000e-01 -1.2990000000e-03 1.4040000000e-03 -6.3000000000e-05 1.7200000000e-04 1.5300000000e-04 1.7900000000e-04 1.5400000000e-04
1.3826000000e+09 1.0443700000e-01 -1.3810000000e-03 1.3860000000e-03 -4.5000000000e-05 1.7600000000e-04 1.5800000000e-04 1.5600000000e-04 1.4800000000e-04
1.3860000000e+09 1.0456800000e-01 -1.5240000000e-03 1.6550000000e-03 -1.9200000000e-04 1.9500000000e-04 1.6400000000e-04 1.5800000000e-04 1.5900000000e-04
1.3893000000e+09 1.0435200000e-01 -1.6470000000e-03 1.3010000000e-03 -1.1000000000e-05 1.9400000000e-04 1.6900000000e-04 1.6200000000e-04 1.6100000000e-04
1.3927000000e+09 1.0486300000e-01 -1.4100000000e-03 1.5240000000e-03 -1.1200000000e-04 1.8500000000e-04 1.5300000000e-04 1.4700000000e-04 1.6200000000e-04
1.3960000000e+09 1.0498200000e-01 -1.4820000000e-03 1.3030000000e-03 -1.7400000000e-04 2.0000000000e-04 1.5500000000e-04 1.5700000000e-04 1.5800000000e-04
1.3993000000e+09 1.0481100000e-01 -1.6490000000e-03 1.3520000000e-03 3.6000000000e-05 1.7000000000e-04 1.5500000000e-04 1.5400000000e-04 1.5300000000e-04
1.4027000000e+09 1.0463400000e-01 -1.3930000000e-03 1.1350000000e-03 -1.0900000000e-04 1.6300000000e-04 1.5400000000e-04 1.5200000000e-04 1.5300000000e-04
1.4060000000e+09 1.0482800000e-01 -1.3040000000e-03 9.4000000000e-04 -1.1400000000e-04 1.7700000000e-04 1.5700000000e-04 1.5500000000e-04 1.5300000000e-04
1.4094000000e+09 1.0458300000e-01 -1.5200000000e-03 1.7230000000e-03 -1.1900000000e-04 1.7900000000e-04 1.6000000000e-04 1.4700000000e-04 1.5700000000e-04
1.4127000000e+09 1.0469900000e-01 -1.3900000000e-03 1.2300000000e-03 1.5300000000e-04 1.7900000000e-04 1.5000000000e-04 1.7800000000e-04 1.6100000000e-04
1.4161000000e+09 1.0509900000e-01 -1.5500000000e-03 1.5510000000e-03 -1.5800000000e-04 1.8100000000e-04 1.7200000000e-04 1.5700000000e-04 1.5600000000e-04
1.4228000000e+09 1.0586800000e-01 -1.5920000000e-03 1.2200000000e-03 7.6000000000e-05 2.4500000000e-04 2.2300000000e-04 2.2500000000e-04 2.2100000000e-04
1.4261000000e+09 1.0469100000e-01 -1.6140000000e-03 1.0940000000e-03 1.9600000000e-04 1.7900000000e-04 1.5800000000e-04 1.6600000000e-04 1.5100000000e-04
1.4294000000e+09 1.0473800000e-01 -1.5810000000e-03 1.2920000000e-03 -1.8700000000e-04 1.6500000000e-04 1.6300000000e-04 1.5300000000e-04 1.7000000000e-04
1.4328000000e+09 1.0503600000e-01 -1.1230000000e-03 1.2360000000e-03 -1.2000000000e-04 1.7800000000e-04 1.6400000000e-04 1.5500000000e-04 1.5900000000e-04
1.4361000000e+09 1.0473100000e-01 -1.4440000000e-03 1.4320000000e-03 -2.2700000000e-04 1.9100000000e-04 1.5500000000e-04 1.5500000000e-04 1.6900000000e-04
1.4395000000e+09 1.0433600000e-01 -1.5090000000e-03 1.2320000000e-03 -2.4900000000e-04 1.7900000000e-04 1.6700000000e-04 1.5700000000e-04 1.7200000000e-04
1.4428000000e+09 1.0459100000e-01 -1.5090000000e-03 1.1660000000e-03 -2.0400000000e-04 1.7200000000e-04 1.5700000000e-04 1.5800000000e-04 1.6400000000e-04
1.4462000000e+09 1.0469700000e-01 -1.4510000000e-03 1.1880000000e-03 -2.1700000000e-04 1.8100000000e-04 1.6200000000e-04 1.6300000000e-04 1.6600000000e-04
1.4495000000e+09 1.0458200000e-01 -1.4420000000e-03 1.2580000000e-03 1.6000000000e-05 1.8200000000e-04 1.4700000000e-04 1.6600000000e-04 1.6300000000e-04
1.4528000000e+09 1.0464100000e-01 -1.0290000000e-03 1.4000000000e-03 -5.2100000000e-04 1.8400000000e-04 1.6300000000e-04 1.5800000000e-04 1.6300000000e-04
1.4562000000e+09 1.0419400000e-01 -1.4810000000e-03 1.1550000000e-03 -1.1300000000e-04 1.8600000000e-04 1.5400000000e-04 1.5400000000e-04 1.6600000000e-04
1.4595000000e+09 1.0440100000e-01 -1.3250000000e-03 1.2150000000e-03 9.8000000000e-05 1.8000000000e-04 1.7000000000e-04 1.5700000000e-04 1.6200000000e-04
1.4662000000e+09 1.0386300000e-01 -1.6090000000e-03 8.3900000000e-04 -1.9400000000e-04 1.8800000000e-04 1.6300000000e-04 1.5500000000e-04 1.7000000000e-04
1.4696000000e+09 1.0406500000e-01 -1.8730000000e-03 9.9100000000e-04 -2.6000000000e-05 1.7900000000e-04 1.7000000000e-04 1.5800000000e-04 1.5300000000e-04
1.4729000000e+09 1.0386800000e-01 -1.3960000000e-03 1.2730000000e-03 -3.3800000000e-04 1.7100000000e-04 1.5400000000e-04 1.5700000000e-04 1.6100000000e-04
1.4763000000e+09 1.0381600000e-01 -1.4520000000e-03 9.6400000000e-04 -1.6000000000e-04 1.8000000000e-04 1.6000000000e-04 1.7500000000e-04 1.6700000000e-04
1.4796000000e+09 1.0392700000e-01 -1.5110000000e-03 1.2730000000e-03 -3.6000000000e-05 1.8600000000e-04 1.6300000000e-04 1.6300000000e-04 1.5200000000e-04
1.4829000000e+09 1.0341300000e-01 -1.4770000000e-03 1.1570000000e-03 -2.7600000000e-04 1.8100000000e-04 1.6800000000e-04 1.5400000000e-04 1.5100000000e-04
1.4896000000e+09 1.0329900000e-01 -1.3960000000e-03 1.1330000000e-03 -2.2500000000e-04 1.7500000000e-04 1.6300000000e-04 1.4800000000e-04 1.6400000000e-04
1.4930000000e+09 1.0382600000e-01 -1.3860000000e-03 1.1700000000e-03 -2.4300000000e-04 1.7200000000e-04 1.6300000000e-04 1.6800000000e-04 1.6600000000e-04
1.4963000000e+09 1.0376300000e-01 -1.2230000000e-03 1.1410000000e-03 -2.1300000000e-04 1.6500000000e-04 1.6200000000e-04 1.5300000000e-04 1.6900000000e-04
1.4997000000e+09 1.0343000000e-01 -1.4870000000e-03 1.2060000000e-03 -1.7700000000e-04 1.7300000000e-04 1.5500000000e-04 1.5900000000e-04 1.6100000000e-04
1.5030000000e+09 1.0369200000e-01 -1.4870000000e-03 1.1970000000e-03 -4.2100000000e-04 1.7500000000e-04 1.7800000000e-04 1.6400000000e-04 1.5600000000e-04
1.5063000000e+09 1.0357800000e-01 -1.5180000000e-03 1.0670000000e-03 -1.5000000000e-04 1.7000000000e-04 1.5300000000e-04 1.6700000000e-04 1.6100000000e-04
1.5097000000e+09 1.0399700000e-01 -1.4570000000e-03 1.1070000000e-03 -2.2200000000e-04 1.8600000000e-04 1.7100000000e-04 1.6500000000e-04 1.6100000000e-04
1.5130000000e+09 1.0378300000e-01 -1.2180000000e-03 1.1390000000e-03 -2.2100000000e-04 1.8800000000e-04 1.6300000000e-04 1.4800000000e-04 1.5000000000e-04
1.5164000000e+09 1.0414500000e-01 -1.6830000000e-03 8.8700000000e-04 -7.2000000000e-05 1.8900000000e-04 1.5900000000e-04 1.5500000000e-04 1.6300000000e-04
1.5197000000e+09 1.0429400000e-01 -1.3450000000e-03 1.0640000000e-03 -1.2900000000e-04 1.7600000000e-04 1.6800000000e-04 1.6300000000e-04 1.6600000000e-04
1.5231000000e+09 1.0366400000e-01 -9.8600000000e-04 7.1700000000e-04 -7.5100000000e-04 3.4100000000e-04 2.6700000000e-04 2.6100000000e-04 2.6000000000e-04
1.5298000000e+09 1.0482400000e-01 -1.7490000000e-03 8.3900000000e-04 -4.8200000000e-04 2.9500000000e-04 2.4000000000e-04 2.2800000000e-04 2.3800000000e-04
1.5364000000e+09 1.0510500000e-01 -1.0460000000e-03 9.2600000000e-04 -5.0800000000e-04 2.9100000000e-04 2.9400000000e-04 2.8800000000e-04 2.6500000000e-04
1.5431000000e+09 1.0220400000e-01 -1.3340000000e-03 8.4400000000e-04 -8.0800000000e-04 5.0800000000e-04 3.6600000000e-04 3.9100000000e-04 3.8900000000e-04
1.5565000000e+09 1.0348800000e-01 -1.2810000000e-03 7.8800000000e-04 1.4600000000e-04 2.5700000000e-04 2.1400000000e-04 2.0900000000e-04 2.2900000000e-04
1.5632000000e+09 1.0251600000e-01 -1.3140000000e-03 7.0800000000e-04 -8.7000000000e-04 3.3700000000e-04 2.7000000000e-04 2.8000000000e-04 2.9400000000e-04
1.5833000000e+09 1.0266300000e-01 -1.2860000000e-03 9.5700000000e-04 -1.1200000000e-04 2.1900000000e-04 1.9100000000e-04 2.0000000000e-04 1.9800000000e-04
1.5866000000e+09 1.0453700000e-01 -1.2420000000e-03 7.8700000000e-04 -1.3500000000e-04 1.9900000000e-04 1.8100000000e-04 1.8800000000e-04 2.1600000000e-04
1.5933000000e+09 1.0292300000e-01 -1.3580000000e-03 1.0750000000e-03 -6.2300000000e-04 2.3300000000e-04 2.2300000000e-04 1.9900000000e-04 2.1100000000e-04
1.5966000000e+09 1.0317100000e-01 -1.1540000000e-03 9.4800000000e-04 -2.6000000000e-04 1.9800000000e-04 1.8000000000e-04 1.6500000000e-04 1.7000000000e-04
1.6067000000e+09 1.0242400000e-01 -1.3740000000e-03 6.8600000000e-04 -2.7200000000e-04 2.1000000000e-04 1.8000000000e-04 1.8100000000e-04 1.7400000000e-04
1.6100000000e+09 1.0372500000e-01 -1.0360000000e-03 1.2360000000e-03 -7.1000000000e-05 1.8000000000e-04 1.5600000000e-04 1.5500000000e-04 1.6100000000e-04
1.6133000000e+09 1.0358900000e-01 -1.2330000000e-03 1.2050000000e-03 6.5000000000e-05 1.8100000000e-04 1.5100000000e-04 1.5200000000e-04 1.5400000000e-04
1.6167000000e+09 1.0254800000e-01 -1.0810000000e-03 1.1130000000e-03 -1.5500000000e-04 1.9200000000e-04 1.8300000000e-04 1.6900000000e-04 1.6200000000e-04
1.6301000000e+09 1.0381000000e-01 -1.0090000000e-03 1.1610000000e-03 -2.6700000000e-04 1.7300000000e-04 1.5300000000e-04 1.5400000000e-04 1.6200000000e-04
1.6334000000e+09 1.0297900000e-01 -1.2160000000e-03 9.4000000000e-04 -7.3000000000e-05 1.7100000000e-04 1.6700000000e-04 1.6300000000e-04 1.6400000000e-04
1.6368000000e+09 1.0312400000e-01 -1.0520000000e-03 6.5000000000e-04 -2.1400000000e-04 1.7900000000e-04 1.5800000000e-04 1.5200000000e-04 1.5500000000e-04
1.6401000000e+09 1.0292900000e-01 -1.1260000000e-03 8.0200000000e-04 -4.7400000000e-04 1.6200000000e-04 1.4600000000e-04 1.7100000000e-04 1.5400000000e-04
1.6434000000e+09 1.0287900000e-01 -1.0800000000e-03 7.8200000000e-04 -8.4000000000e-05 1.7500000000e-04 1.7000000000e-04 1.4000000000e-04 1.6200000000e-04
1.6468000000e+09 1.0308900000e-01 -1.0350000000e-03 8.9100000000e-04 3.0000000000e-05 1.7400000000e-04 1.5900000000e-04 1.6800000000e-04 1.5900000000e-04
