# ======================================================================
# FLAGGED DATA - KEPT CHANNELS ONLY
# ======================================================================
# 
# FLAGGING SUMMARY:
#   Total channels: 218
#   Flagged: 55 (25.2%)
#   Kept: 163 (74.8%)
# 
# FLAGGING CRITERIA APPLIED:
#   - Gross outliers: 5 channels
#   - Error outliers: 18 channels
#       Threshold: 4.0σ above median in log-space
#       Iterations: 5
#   - Spectral baseline clipping: 28 channels
#   - Stokes V clipping: 4 channels
#       Threshold: 2.75σ
#       Reference: median
#       Iterations: 2
# 
# COLUMN FORMAT: freq(Hz) I Q U V dI dQ dU dV
# ======================================================================
9.0447131348e+08 6.5875000000e-02 2.5020000000e-03 -9.3900000000e-04 3.5500000000e-04 2.8600000000e-04 2.3100000000e-04 2.3900000000e-04 2.7200000000e-04
9.0781506348e+08 6.5041000000e-02 2.7720000000e-03 -8.4000000000e-04 2.3300000000e-04 2.7600000000e-04 2.3900000000e-04 2.3600000000e-04 2.5800000000e-04
9.1115881348e+08 6.5148000000e-02 2.1780000000e-03 -6.7900000000e-04 1.6700000000e-04 2.6500000000e-04 2.1100000000e-04 2.1500000000e-04 2.6100000000e-04
9.1450256348e+08 6.5045000000e-02 2.4090000000e-03 -4.1100000000e-04 1.6100000000e-04 2.7500000000e-04 2.4100000000e-04 2.2200000000e-04 2.2300000000e-04
9.1784631348e+08 6.4968000000e-02 2.2930000000e-03 -5.2400000000e-04 3.7700000000e-04 2.7800000000e-04 2.2200000000e-04 2.3400000000e-04 2.4100000000e-04
9.2119006348e+08 6.4720000000e-02 2.2930000000e-03 -7.8900000000e-04 3.4900000000e-04 2.8500000000e-04 2.2500000000e-04 2.3400000000e-04 2.5200000000e-04
9.2453381348e+08 6.4667000000e-02 2.4200000000e-03 -8.7100000000e-04 -2.9000000000e-04 2.8900000000e-04 2.3200000000e-04 2.1400000000e-04 2.3900000000e-04
9.2787756348e+08 6.4544000000e-02 2.3550000000e-03 -5.6800000000e-04 4.9400000000e-04 2.9800000000e-04 2.1700000000e-04 2.1500000000e-04 2.2500000000e-04
9.3122131348e+08 6.4547000000e-02 2.4510000000e-03 -4.0000000000e-04 -3.0000000000e-05 2.7900000000e-04 2.3100000000e-04 2.2400000000e-04 2.4000000000e-04
9.5128381348e+08 6.4196000000e-02 2.4730000000e-03 -3.5200000000e-04 -2.0900000000e-04 2.6100000000e-04 2.4500000000e-04 2.5000000000e-04 2.5300000000e-04
9.5462756348e+08 6.3773000000e-02 2.8930000000e-03 -9.3500000000e-04 1.3300000000e-04 2.9000000000e-04 2.4500000000e-04 2.5700000000e-04 2.9000000000e-04
9.5797131348e+08 6.4266000000e-02 1.9930000000e-03 -9.1900000000e-04 2.6200000000e-04 3.7900000000e-04 2.8500000000e-04 2.8700000000e-04 2.9300000000e-04
9.6131506348e+08 6.4531000000e-02 2.5680000000e-03 -6.4000000000e-04 1.1700000000e-04 2.7900000000e-04 2.3600000000e-04 2.4900000000e-04 2.7400000000e-04
9.6465881348e+08 6.4257000000e-02 2.3520000000e-03 -4.2300000000e-04 -3.3300000000e-04 2.5800000000e-04 2.0500000000e-04 2.1100000000e-04 2.2000000000e-04
9.6800256348e+08 6.3589000000e-02 2.4370000000e-03 -9.0700000000e-04 -3.8900000000e-04 2.6700000000e-04 2.2400000000e-04 2.1100000000e-04 2.2500000000e-04
9.7134631348e+08 6.3720000000e-02 2.7840000000e-03 -6.0100000000e-04 2.3000000000e-04 2.7300000000e-04 2.0000000000e-04 2.0100000000e-04 2.3300000000e-04
9.7469006348e+08 6.3390000000e-02 2.6540000000e-03 -9.3200000000e-04 1.2100000000e-04 2.5900000000e-04 1.9900000000e-04 1.9500000000e-04 2.3400000000e-04
9.7803381348e+08 6.3484000000e-02 2.3040000000e-03 -4.7500000000e-04 1.4400000000e-04 2.4000000000e-04 2.0000000000e-04 2.1400000000e-04 2.3000000000e-04
9.8137756348e+08 6.2853000000e-02 2.2290000000e-03 -4.8800000000e-04 -1.0500000000e-04 2.4400000000e-04 2.1200000000e-04 2.1000000000e-04 2.3700000000e-04
9.8472131348e+08 6.2845000000e-02 2.6460000000e-03 -4.3800000000e-04 2.1300000000e-04 2.5100000000e-04 2.0200000000e-04 2.0500000000e-04 2.3700000000e-04
9.8806506348e+08 6.3048000000e-02 2.3990000000e-03 -4.2400000000e-04 2.2500000000e-04 2.2700000000e-04 2.0900000000e-04 2.2400000000e-04 2.3700000000e-04
9.9140881348e+08 6.3248000000e-02 2.4770000000e-03 -4.0700000000e-04 1.8200000000e-04 2.4100000000e-04 2.0400000000e-04 2.1600000000e-04 2.1800000000e-04
9.9809631348e+08 6.2791000000e-02 2.3900000000e-03 -5.2000000000e-04 1.8700000000e-04 2.7000000000e-04 1.8900000000e-04 2.0600000000e-04 2.4300000000e-04
1.0014400635e+09 6.2599000000e-02 2.3790000000e-03 -1.9000000000e-04 2.8900000000e-04 2.7200000000e-04 2.1100000000e-04 2.0000000000e-04 2.1700000000e-04
1.0047838135e+09 6.2612000000e-02 2.3550000000e-03 -8.6200000000e-04 -2.3700000000e-04 2.6300000000e-04 2.0000000000e-04 1.8600000000e-04 2.6700000000e-04
1.0081275635e+09 6.2458000000e-02 2.5030000000e-03 -6.1200000000e-04 3.0000000000e-05 2.4600000000e-04 2.1100000000e-04 1.9400000000e-04 2.4900000000e-04
1.0114713135e+09 6.2498000000e-02 2.4330000000e-03 -1.8400000000e-04 7.3000000000e-05 2.5000000000e-04 1.9700000000e-04 1.9800000000e-04 2.4400000000e-04
1.0148150635e+09 6.2730000000e-02 2.1640000000e-03 -3.9800000000e-04 4.0000000000e-06 2.3200000000e-04 2.1100000000e-04 2.0500000000e-04 2.2100000000e-04
1.0181588135e+09 6.2212000000e-02 2.0990000000e-03 -5.1000000000e-04 1.3200000000e-04 2.5800000000e-04 2.0000000000e-04 2.1300000000e-04 2.4500000000e-04
1.0215025635e+09 6.2216000000e-02 2.1600000000e-03 -5.7100000000e-04 7.0000000000e-06 2.6700000000e-04 1.9900000000e-04 1.9700000000e-04 2.2700000000e-04
1.0248463135e+09 6.1843000000e-02 2.7720000000e-03 -1.3200000000e-04 2.8100000000e-04 2.5500000000e-04 1.9700000000e-04 2.1100000000e-04 2.3700000000e-04
1.0281900635e+09 6.1349000000e-02 1.8350000000e-03 -7.9400000000e-04 -1.9500000000e-04 2.8300000000e-04 2.0800000000e-04 2.0400000000e-04 2.3400000000e-04
1.0315338135e+09 6.1183000000e-02 2.4590000000e-03 -5.9700000000e-04 -1.8000000000e-04 2.4700000000e-04 2.0900000000e-04 2.1600000000e-04 2.0400000000e-04
1.0348775635e+09 6.1444000000e-02 2.2590000000e-03 -1.2400000000e-04 1.9400000000e-04 2.3800000000e-04 2.1100000000e-04 2.0300000000e-04 2.3800000000e-04
1.0382213135e+09 6.1259000000e-02 2.3480000000e-03 -1.7000000000e-04 -4.6000000000e-05 2.3300000000e-04 2.0600000000e-04 2.0000000000e-04 2.2300000000e-04
1.0415650635e+09 6.0963000000e-02 2.6960000000e-03 -1.7000000000e-05 2.8800000000e-04 2.4800000000e-04 1.9400000000e-04 1.9700000000e-04 2.2700000000e-04
1.0449088135e+09 6.1013000000e-02 2.2210000000e-03 -7.7000000000e-05 4.7400000000e-04 2.5400000000e-04 2.0500000000e-04 1.8300000000e-04 2.4000000000e-04
1.0482525635e+09 6.0879000000e-02 2.5100000000e-03 -5.2100000000e-04 1.8500000000e-04 2.3100000000e-04 1.9100000000e-04 1.9900000000e-04 2.4200000000e-04
1.0515963135e+09 6.0509000000e-02 2.2740000000e-03 -9.0000000000e-06 3.5300000000e-04 2.5400000000e-04 1.8100000000e-04 2.0400000000e-04 2.3100000000e-04
1.0549400635e+09 6.0279000000e-02 2.3060000000e-03 -1.5600000000e-04 -2.7900000000e-04 2.3100000000e-04 1.8500000000e-04 2.0800000000e-04 2.2700000000e-04
1.0582838135e+09 5.9950000000e-02 2.1520000000e-03 -1.5900000000e-04 -1.0600000000e-04 2.4700000000e-04 1.9300000000e-04 1.8600000000e-04 2.4200000000e-04
1.0616275635e+09 5.9679000000e-02 2.3270000000e-03 -5.5000000000e-05 -5.7900000000e-04 2.4200000000e-04 1.9900000000e-04 1.9300000000e-04 2.1200000000e-04
1.0649713135e+09 6.0004000000e-02 2.0490000000e-03 -3.3700000000e-04 -7.4000000000e-05 2.6700000000e-04 2.0300000000e-04 1.8500000000e-04 2.2000000000e-04
1.0683150635e+09 5.9667000000e-02 2.5040000000e-03 -3.2100000000e-04 4.2000000000e-05 2.3700000000e-04 1.9800000000e-04 1.9500000000e-04 2.3900000000e-04
1.0716588135e+09 5.9779000000e-02 2.2560000000e-03 -5.9800000000e-04 8.8000000000e-05 2.3200000000e-04 1.8300000000e-04 1.9600000000e-04 2.4100000000e-04
1.0750025635e+09 5.9880000000e-02 2.3120000000e-03 -1.7100000000e-04 9.4000000000e-05 2.2500000000e-04 1.9500000000e-04 1.9400000000e-04 2.2300000000e-04
1.0783463135e+09 5.9542000000e-02 1.9880000000e-03 -6.9000000000e-05 -4.0000000000e-05 2.2500000000e-04 2.1000000000e-04 1.9200000000e-04 2.2200000000e-04
1.0816900635e+09 5.9374000000e-02 1.9010000000e-03 -4.1300000000e-04 1.1000000000e-04 2.3600000000e-04 1.8300000000e-04 1.8400000000e-04 2.1200000000e-04
1.0850338135e+09 5.9289000000e-02 2.3260000000e-03 -2.0300000000e-04 -8.1000000000e-05 2.3200000000e-04 1.8800000000e-04 1.8400000000e-04 2.3400000000e-04
1.0950650635e+09 5.8433000000e-02 2.3740000000e-03 -1.3000000000e-05 -2.6300000000e-04 2.5400000000e-04 1.9400000000e-04 1.9100000000e-04 2.1300000000e-04
1.0984088135e+09 5.9008000000e-02 1.9750000000e-03 -3.4500000000e-04 3.1800000000e-04 2.1800000000e-04 1.9100000000e-04 1.8300000000e-04 2.2500000000e-04
1.1017525635e+09 5.9204000000e-02 2.2930000000e-03 -2.2100000000e-04 2.7800000000e-04 2.0600000000e-04 1.8800000000e-04 1.9600000000e-04 2.1100000000e-04
1.1050963135e+09 5.9497000000e-02 2.0940000000e-03 -2.0900000000e-04 2.7200000000e-04 2.5300000000e-04 1.8700000000e-04 2.0400000000e-04 2.1800000000e-04
1.1084400635e+09 5.8758000000e-02 2.0560000000e-03 1.0600000000e-04 -2.9300000000e-04 2.4200000000e-04 1.8500000000e-04 1.8600000000e-04 2.0100000000e-04
1.1117838135e+09 5.8667000000e-02 1.8400000000e-03 2.0400000000e-04 -2.0700000000e-04 2.3400000000e-04 1.6800000000e-04 2.1100000000e-04 2.0600000000e-04
1.1151275635e+09 5.8203000000e-02 2.3610000000e-03 3.5000000000e-05 2.9700000000e-04 2.2000000000e-04 2.0300000000e-04 1.7500000000e-04 2.1000000000e-04
1.1184713135e+09 5.8740000000e-02 2.4590000000e-03 -3.5700000000e-04 1.5600000000e-04 2.4400000000e-04 1.9600000000e-04 1.8500000000e-04 2.0100000000e-04
1.1218150635e+09 5.9128000000e-02 2.2320000000e-03 -1.5100000000e-04 -2.0000000000e-05 2.1400000000e-04 2.0100000000e-04 1.7400000000e-04 2.1800000000e-04
1.1251588135e+09 5.8615000000e-02 2.0140000000e-03 -1.9900000000e-04 5.7000000000e-05 2.4500000000e-04 1.7700000000e-04 1.8800000000e-04 2.0100000000e-04
1.1285025635e+09 5.8172000000e-02 2.5480000000e-03 -1.6700000000e-04 3.4300000000e-04 2.1400000000e-04 1.9600000000e-04 1.9900000000e-04 2.1600000000e-04
1.1318463135e+09 5.8433000000e-02 2.3730000000e-03 -9.7000000000e-05 4.1800000000e-04 2.2300000000e-04 1.8900000000e-04 1.9000000000e-04 2.1300000000e-04
1.1385338135e+09 5.8076000000e-02 2.2070000000e-03 -1.4300000000e-04 1.9500000000e-04 2.2000000000e-04 1.6800000000e-04 1.8200000000e-04 2.1900000000e-04
1.1418775635e+09 5.8384000000e-02 2.4790000000e-03 -2.8100000000e-04 1.5500000000e-04 2.2100000000e-04 1.9000000000e-04 2.0800000000e-04 2.3400000000e-04
1.1452213135e+09 5.7768000000e-02 2.0620000000e-03 -3.3300000000e-04 1.8000000000e-05 2.5400000000e-04 2.1600000000e-04 2.2000000000e-04 2.4100000000e-04
1.1519088135e+09 5.7023000000e-02 2.3350000000e-03 -2.4700000000e-04 -2.7000000000e-04 2.4300000000e-04 2.0300000000e-04 2.1200000000e-04 2.4700000000e-04
1.1552525635e+09 5.8302000000e-02 2.1070000000e-03 -6.9000000000e-05 2.4000000000e-05 2.1600000000e-04 1.9200000000e-04 1.8300000000e-04 1.9600000000e-04
1.1585963135e+09 5.8099000000e-02 2.1670000000e-03 -1.0600000000e-04 1.7000000000e-05 2.3300000000e-04 2.0400000000e-04 1.9200000000e-04 1.9600000000e-04
1.1619400635e+09 5.6675000000e-02 2.4470000000e-03 -3.3900000000e-04 -2.7600000000e-04 2.4700000000e-04 1.9800000000e-04 2.1300000000e-04 2.4100000000e-04
1.1652838135e+09 5.7964000000e-02 2.3520000000e-03 9.0000000000e-05 -2.9400000000e-04 2.3600000000e-04 2.1000000000e-04 1.8000000000e-04 1.8800000000e-04
1.1686275635e+09 5.8376000000e-02 2.2880000000e-03 2.1000000000e-05 -5.0000000000e-05 3.2300000000e-04 2.8600000000e-04 2.9000000000e-04 2.9600000000e-04
1.1853463135e+09 5.7971000000e-02 2.2070000000e-03 1.1400000000e-04 -2.4000000000e-05 2.5300000000e-04 2.3000000000e-04 2.0300000000e-04 2.5300000000e-04
1.1886900635e+09 5.6867000000e-02 2.3680000000e-03 8.2000000000e-05 -3.2400000000e-04 2.2800000000e-04 2.0900000000e-04 2.0800000000e-04 2.1200000000e-04
1.1953775635e+09 5.7194000000e-02 2.3080000000e-03 -1.9000000000e-05 -3.3000000000e-04 2.2300000000e-04 1.7400000000e-04 1.8800000000e-04 2.0300000000e-04
1.1987213135e+09 5.6228000000e-02 1.8240000000e-03 2.5200000000e-04 2.7200000000e-04 2.4100000000e-04 2.0200000000e-04 2.1800000000e-04 2.3400000000e-04
1.2154400635e+09 5.6517000000e-02 2.2690000000e-03 5.6000000000e-05 -2.6500000000e-04 2.2800000000e-04 2.0800000000e-04 1.9500000000e-04 2.1400000000e-04
1.2187838135e+09 5.6726000000e-02 2.3410000000e-03 -2.1800000000e-04 -1.0100000000e-04 2.3100000000e-04 1.9900000000e-04 2.1300000000e-04 2.1300000000e-04
1.2388463135e+09 5.6531000000e-02 1.6750000000e-03 1.5800000000e-04 -8.5000000000e-05 2.0800000000e-04 1.7900000000e-04 1.8400000000e-04 1.9300000000e-04
1.2856588135e+09 5.4059000000e-02 2.4080000000e-03 3.7900000000e-04 -4.9600000000e-04 2.3800000000e-04 2.3800000000e-04 2.2400000000e-04 2.4400000000e-04
1.2923463135e+09 5.4277000000e-02 1.8440000000e-03 3.8900000000e-04 -4.8000000000e-05 2.6400000000e-04 2.4100000000e-04 2.5000000000e-04 2.3700000000e-04
1.2956900635e+09 5.4891000000e-02 1.8860000000e-03 -7.0000000000e-05 1.9400000000e-04 1.7800000000e-04 1.7200000000e-04 1.7200000000e-04 1.6700000000e-04
1.2990338135e+09 5.4605000000e-02 1.8640000000e-03 3.8600000000e-04 -5.0000000000e-05 1.8200000000e-04 1.7100000000e-04 1.7100000000e-04 1.7600000000e-04
1.3023775635e+09 5.4805000000e-02 2.1590000000e-03 1.2900000000e-04 1.0800000000e-04 1.7600000000e-04 1.6200000000e-04 1.7100000000e-04 1.7000000000e-04
1.3057213135e+09 5.4778000000e-02 2.1020000000e-03 1.7300000000e-04 2.9000000000e-05 1.6500000000e-04 1.5100000000e-04 1.6600000000e-04 1.5800000000e-04
1.3090650635e+09 5.4848000000e-02 2.0380000000e-03 8.8000000000e-05 9.0000000000e-05 1.7100000000e-04 1.7500000000e-04 1.5600000000e-04 1.5600000000e-04
1.3124088135e+09 5.4822000000e-02 2.1150000000e-03 6.0000000000e-05 -1.2300000000e-04 1.7900000000e-04 1.4300000000e-04 1.6300000000e-04 1.7600000000e-04
1.3157525635e+09 5.4552000000e-02 2.1440000000e-03 -5.5000000000e-05 -2.0000000000e-06 1.7100000000e-04 1.6300000000e-04 1.6300000000e-04 1.7000000000e-04
1.3190963135e+09 5.4300000000e-02 2.1580000000e-03 1.5300000000e-04 -3.0000000000e-05 1.6100000000e-04 1.5700000000e-04 1.6000000000e-04 1.7000000000e-04
1.3224400635e+09 5.4491000000e-02 1.9570000000e-03 6.1900000000e-04 -3.1000000000e-05 1.6500000000e-04 1.6800000000e-04 1.6300000000e-04 1.6600000000e-04
1.3257838135e+09 5.4186000000e-02 1.7670000000e-03 8.3000000000e-05 1.2300000000e-04 1.6900000000e-04 1.6300000000e-04 1.3900000000e-04 1.6900000000e-04
1.3291275635e+09 5.4278000000e-02 2.0800000000e-03 3.3200000000e-04 -2.9000000000e-05 1.7400000000e-04 1.5900000000e-04 1.6100000000e-04 1.8100000000e-04
1.3324713135e+09 5.3890000000e-02 2.0330000000e-03 1.5800000000e-04 -2.0000000000e-04 1.6900000000e-04 1.5600000000e-04 1.6300000000e-04 1.5400000000e-04
1.3358150635e+09 5.3920000000e-02 1.9580000000e-03 2.2800000000e-04 -9.2000000000e-05 1.7100000000e-04 1.6100000000e-04 1.5100000000e-04 1.6900000000e-04
1.3391588135e+09 5.3715000000e-02 1.9600000000e-03 1.4300000000e-04 6.5000000000e-05 1.7800000000e-04 1.5400000000e-04 1.5600000000e-04 1.6100000000e-04
1.3425025635e+09 5.4206000000e-02 1.8820000000e-03 -5.5000000000e-05 5.3000000000e-05 1.6600000000e-04 1.6100000000e-04 1.5300000000e-04 1.6000000000e-04
1.3458463135e+09 5.3906000000e-02 1.9540000000e-03 -7.1000000000e-05 4.2000000000e-05 1.6500000000e-04 1.7000000000e-04 1.4700000000e-04 1.5200000000e-04
1.3491900635e+09 5.3673000000e-02 1.8220000000e-03 2.6000000000e-05 -2.2000000000e-05 1.7400000000e-04 1.6100000000e-04 1.6200000000e-04 1.5300000000e-04
1.3525338135e+09 5.3543000000e-02 2.0720000000e-03 8.5000000000e-05 1.4700000000e-04 1.6000000000e-04 1.6500000000e-04 1.6700000000e-04 1.6700000000e-04
1.3558775635e+09 5.3785000000e-02 2.0790000000e-03 2.0000000000e-04 4.4000000000e-05 1.6300000000e-04 1.5000000000e-04 1.5800000000e-04 1.5100000000e-04
1.3592213135e+09 5.3538000000e-02 2.1810000000e-03 2.1800000000e-04 -8.0000000000e-05 1.5300000000e-04 1.5200000000e-04 1.5200000000e-04 1.4500000000e-04
1.3625650635e+09 5.3846000000e-02 1.9460000000e-03 8.2000000000e-05 -8.2000000000e-05 1.6200000000e-04 1.5000000000e-04 1.5800000000e-04 1.6500000000e-04
1.3659088135e+09 5.3663000000e-02 2.1790000000e-03 5.0200000000e-04 -1.3200000000e-04 1.5700000000e-04 1.6600000000e-04 1.6700000000e-04 1.5500000000e-04
1.3692525635e+09 5.3746000000e-02 1.9320000000e-03 2.7300000000e-04 -2.2700000000e-04 1.7400000000e-04 1.6100000000e-04 1.5800000000e-04 1.6900000000e-04
1.3725963135e+09 5.3443000000e-02 1.7700000000e-03 7.7000000000e-05 -2.5300000000e-04 1.6500000000e-04 1.5100000000e-04 1.5500000000e-04 1.5600000000e-04
1.3759400635e+09 5.3231000000e-02 2.0160000000e-03 3.3000000000e-05 -3.7100000000e-04 1.7500000000e-04 1.6300000000e-04 1.6400000000e-04 1.6200000000e-04
1.3792838135e+09 5.3182000000e-02 2.2310000000e-03 -8.4000000000e-05 -4.0600000000e-04 1.7500000000e-04 1.5800000000e-04 1.7800000000e-04 1.6800000000e-04
1.3826275635e+09 5.2839000000e-02 1.8560000000e-03 1.0900000000e-04 -3.6000000000e-05 1.7100000000e-04 1.5900000000e-04 1.6400000000e-04 1.5700000000e-04
1.3859713135e+09 5.3588000000e-02 1.8300000000e-03 2.1100000000e-04 9.5000000000e-05 1.6700000000e-04 1.6100000000e-04 1.5600000000e-04 1.5000000000e-04
1.3893150635e+09 5.3279000000e-02 1.9800000000e-03 2.7400000000e-04 1.2400000000e-04 1.6700000000e-04 1.5200000000e-04 1.4100000000e-04 1.7900000000e-04
1.3926588135e+09 5.3163000000e-02 2.0620000000e-03 8.2000000000e-05 2.9000000000e-05 1.6400000000e-04 1.6700000000e-04 1.5200000000e-04 1.6400000000e-04
1.3960025635e+09 5.3000000000e-02 2.1250000000e-03 3.5800000000e-04 1.3000000000e-04 1.6900000000e-04 1.6000000000e-04 1.6200000000e-04 1.5700000000e-04
1.3993463135e+09 5.3295000000e-02 1.8250000000e-03 2.5100000000e-04 -2.4700000000e-04 1.5400000000e-04 1.4800000000e-04 1.7000000000e-04 1.6200000000e-04
1.4026900635e+09 5.3023000000e-02 1.5700000000e-03 1.8900000000e-04 -3.4000000000e-05 1.6200000000e-04 1.4800000000e-04 1.5800000000e-04 1.5300000000e-04
1.4060338135e+09 5.2939000000e-02 2.0370000000e-03 4.6700000000e-04 -7.8000000000e-05 1.6300000000e-04 1.6300000000e-04 1.6700000000e-04 1.5600000000e-04
1.4093775635e+09 5.3052000000e-02 2.0650000000e-03 2.0900000000e-04 -1.0000000000e-05 1.7100000000e-04 1.5400000000e-04 1.7300000000e-04 1.6000000000e-04
1.4127213135e+09 5.2577000000e-02 1.9960000000e-03 2.2700000000e-04 -1.7500000000e-04 1.5500000000e-04 1.5600000000e-04 1.6600000000e-04 1.5800000000e-04
1.4160650635e+09 5.2988000000e-02 1.8540000000e-03 5.5100000000e-04 7.9000000000e-05 1.6400000000e-04 1.5100000000e-04 1.6200000000e-04 1.5000000000e-04
1.4227525635e+09 5.3198000000e-02 1.8280000000e-03 4.4800000000e-04 5.7300000000e-04 2.3000000000e-04 2.2900000000e-04 2.1700000000e-04 2.2800000000e-04
1.4260963135e+09 5.2538000000e-02 1.8050000000e-03 3.6200000000e-04 2.1400000000e-04 1.6200000000e-04 1.6600000000e-04 1.5500000000e-04 1.4900000000e-04
1.4294400635e+09 5.2838000000e-02 2.0400000000e-03 3.6700000000e-04 -2.2300000000e-04 1.6100000000e-04 1.6000000000e-04 1.5100000000e-04 1.5100000000e-04
1.4327838135e+09 5.2468000000e-02 1.9990000000e-03 2.9200000000e-04 -1.7000000000e-05 1.6300000000e-04 1.6300000000e-04 1.5600000000e-04 1.5500000000e-04
1.4361275635e+09 5.2617000000e-02 1.9560000000e-03 2.5900000000e-04 -1.7300000000e-04 1.6000000000e-04 1.5100000000e-04 1.5100000000e-04 1.4800000000e-04
1.4394713135e+09 5.2513000000e-02 2.1400000000e-03 2.2200000000e-04 2.3200000000e-04 1.6300000000e-04 1.6100000000e-04 1.6800000000e-04 1.5300000000e-04
1.4428150635e+09 5.2211000000e-02 2.0280000000e-03 5.6200000000e-04 -1.7700000000e-04 1.6300000000e-04 1.6000000000e-04 1.5700000000e-04 1.5300000000e-04
1.4461588135e+09 5.2142000000e-02 1.9210000000e-03 3.0500000000e-04 -2.4700000000e-04 1.6800000000e-04 1.6600000000e-04 1.4900000000e-04 1.6100000000e-04
1.4495025635e+09 5.2275000000e-02 1.8590000000e-03 2.4400000000e-04 1.8800000000e-04 1.6000000000e-04 1.5500000000e-04 1.7000000000e-04 1.6200000000e-04
1.4528463135e+09 5.2129000000e-02 1.7670000000e-03 5.1300000000e-04 -4.2000000000e-05 1.6800000000e-04 1.5800000000e-04 1.4900000000e-04 1.6800000000e-04
1.4561900635e+09 5.2084000000e-02 1.9650000000e-03 9.4000000000e-05 6.1000000000e-05 1.8000000000e-04 1.5100000000e-04 1.5600000000e-04 1.5600000000e-04
1.4595338135e+09 5.1954000000e-02 2.1250000000e-03 6.7000000000e-05 1.3200000000e-04 1.6600000000e-04 1.6400000000e-04 1.5900000000e-04 1.6200000000e-04
1.4628775635e+09 5.2268000000e-02 1.6000000000e-03 5.7300000000e-04 -4.5000000000e-05 1.6300000000e-04 1.5800000000e-04 1.6100000000e-04 1.6100000000e-04
1.4662213135e+09 5.1699000000e-02 1.9150000000e-03 5.7400000000e-04 1.5600000000e-04 1.6600000000e-04 1.6000000000e-04 1.5900000000e-04 1.5500000000e-04
1.4695650635e+09 5.2220000000e-02 1.9480000000e-03 4.1700000000e-04 -2.0000000000e-05 1.6300000000e-04 1.5600000000e-04 1.5500000000e-04 1.4900000000e-04
1.4729088135e+09 5.1994000000e-02 2.0100000000e-03 1.9000000000e-04 2.6600000000e-04 1.6500000000e-04 1.6300000000e-04 1.7600000000e-04 1.5600000000e-04
1.4762525635e+09 5.1936000000e-02 1.9520000000e-03 6.1400000000e-04 -2.3400000000e-04 1.6600000000e-04 1.5900000000e-04 1.5900000000e-04 1.7200000000e-04
1.4795963135e+09 5.1872000000e-02 1.9530000000e-03 3.2600000000e-04 2.4000000000e-05 1.5900000000e-04 1.5700000000e-04 1.5400000000e-04 1.6800000000e-04
1.4829400635e+09 5.1761000000e-02 1.6630000000e-03 2.3900000000e-04 -3.0400000000e-04 1.5900000000e-04 1.5200000000e-04 1.5600000000e-04 1.5200000000e-04
1.4862838135e+09 5.1678000000e-02 1.6880000000e-03 5.9200000000e-04 -1.7900000000e-04 1.6800000000e-04 1.6500000000e-04 1.5500000000e-04 1.6100000000e-04
1.4896275635e+09 5.1747000000e-02 1.6080000000e-03 4.1700000000e-04 4.6000000000e-05 1.5300000000e-04 1.5000000000e-04 1.6500000000e-04 1.5400000000e-04
1.4929713135e+09 5.1612000000e-02 2.1580000000e-03 2.9200000000e-04 -6.7000000000e-05 1.5500000000e-04 1.5500000000e-04 1.6300000000e-04 1.6300000000e-04
1.4963150635e+09 5.1497000000e-02 1.6450000000e-03 4.1900000000e-04 -6.9000000000e-05 1.6100000000e-04 1.6200000000e-04 1.6000000000e-04 1.6200000000e-04
1.4996588135e+09 5.1399000000e-02 2.1840000000e-03 3.1500000000e-04 -3.0700000000e-04 1.8100000000e-04 1.8300000000e-04 1.6800000000e-04 1.6900000000e-04
1.5030025635e+09 5.1398000000e-02 2.0990000000e-03 4.0200000000e-04 -2.3800000000e-04 1.7700000000e-04 1.7800000000e-04 1.6700000000e-04 1.8500000000e-04
1.5063463135e+09 5.1612000000e-02 1.7930000000e-03 1.5600000000e-04 -1.3900000000e-04 1.7700000000e-04 1.7600000000e-04 1.7000000000e-04 1.7200000000e-04
1.5096900635e+09 5.1407000000e-02 1.9270000000e-03 3.3800000000e-04 1.6200000000e-04 1.8000000000e-04 1.7900000000e-04 1.7000000000e-04 1.6800000000e-04
1.5130338135e+09 5.1555000000e-02 1.6190000000e-03 5.5100000000e-04 -1.7000000000e-04 1.8300000000e-04 1.7400000000e-04 1.7400000000e-04 1.7700000000e-04
1.5163775635e+09 5.1754000000e-02 1.8850000000e-03 4.1000000000e-04 2.4100000000e-04 1.7300000000e-04 1.7000000000e-04 1.8400000000e-04 1.7200000000e-04
1.5197213135e+09 5.1648000000e-02 1.8460000000e-03 8.8000000000e-04 -1.0200000000e-04 1.9900000000e-04 1.8400000000e-04 1.7600000000e-04 1.7000000000e-04
1.5230650635e+09 5.1515000000e-02 1.8350000000e-03 8.3100000000e-04 -3.5500000000e-04 3.2200000000e-04 3.0200000000e-04 3.0200000000e-04 2.9100000000e-04
1.5264088135e+09 5.1750000000e-02 1.7740000000e-03 8.5500000000e-04 -1.0240000000e-03 4.6000000000e-04 4.0000000000e-04 3.7900000000e-04 4.0500000000e-04
1.5531588135e+09 4.9975000000e-02 2.0000000000e-03 5.5700000000e-04 -6.0400000000e-04 4.0300000000e-04 3.7700000000e-04 3.6900000000e-04 3.6500000000e-04
1.5665338135e+09 5.1066000000e-02 2.0410000000e-03 2.7700000000e-04 -2.8200000000e-04 2.1800000000e-04 1.8700000000e-04 1.9400000000e-04 1.8400000000e-04
1.5865963135e+09 5.0684000000e-02 2.0860000000e-03 -1.5900000000e-04 -9.0000000000e-06 2.0600000000e-04 1.9100000000e-04 1.8300000000e-04 1.8600000000e-04
1.5932838135e+09 5.0501000000e-02 1.4220000000e-03 4.0000000000e-04 -4.5300000000e-04 2.2100000000e-04 2.1300000000e-04 2.0400000000e-04 2.4600000000e-04
1.5966275635e+09 5.0649000000e-02 1.5400000000e-03 5.4200000000e-04 -1.7400000000e-04 1.9700000000e-04 1.9500000000e-04 1.9400000000e-04 1.9700000000e-04
1.6066588135e+09 4.9963000000e-02 1.9270000000e-03 1.3400000000e-04 -1.6400000000e-04 2.1500000000e-04 2.0300000000e-04 1.9800000000e-04 2.0600000000e-04
1.6100025635e+09 5.0640000000e-02 1.5800000000e-03 5.9000000000e-04 8.0000000000e-05 1.8300000000e-04 1.7000000000e-04 1.5900000000e-04 1.7400000000e-04
1.6133463135e+09 5.0445000000e-02 1.9560000000e-03 5.4800000000e-04 7.1000000000e-05 1.7700000000e-04 1.7000000000e-04 1.7000000000e-04 1.6400000000e-04
1.6166900635e+09 4.9764000000e-02 1.3990000000e-03 2.3000000000e-04 -3.6100000000e-04 2.2400000000e-04 2.1000000000e-04 2.0900000000e-04 2.0100000000e-04
1.6300650635e+09 5.0606000000e-02 1.7630000000e-03 6.3300000000e-04 -4.8000000000e-05 1.7300000000e-04 1.6200000000e-04 1.9200000000e-04 1.7400000000e-04
1.6334088135e+09 5.0004000000e-02 1.7530000000e-03 3.1000000000e-04 -1.3500000000e-04 1.7400000000e-04 1.6500000000e-04 1.7500000000e-04 1.6800000000e-04
1.6367525635e+09 4.9736000000e-02 1.5880000000e-03 1.4200000000e-04 -1.6500000000e-04 1.7900000000e-04 1.8100000000e-04 1.7000000000e-04 1.6000000000e-04
1.6400963135e+09 4.9611000000e-02 1.2470000000e-03 2.0400000000e-04 -4.9900000000e-04 1.6600000000e-04 1.8700000000e-04 1.6800000000e-04 1.7700000000e-04
1.6434400635e+09 4.9634000000e-02 1.7520000000e-03 2.7300000000e-04 -3.4400000000e-04 1.7500000000e-04 1.7200000000e-04 1.7300000000e-04 1.7700000000e-04
1.6467838135e+09 5.0170000000e-02 1.8760000000e-03 1.4700000000e-04 -3.2900000000e-04 1.8700000000e-04 1.8400000000e-04 1.6900000000e-04 1.7100000000e-04
