# ======================================================================
# FLAGGED DATA - KEPT CHANNELS ONLY
# ======================================================================
# 
# FLAGGING SUMMARY:
#   Total channels: 57
#   Flagged: 15 (26.3%)
#   Kept: 42 (73.7%)
# 
# FLAGGING CRITERIA APPLIED:
#   - Error outliers: 5 channels
#       Threshold: 4.0σ above median in log-space
#       Iterations: 4
#   - Spectral baseline clipping: 10 channels
# 
# COLUMN FORMAT: freq(Hz) I Q U V dI dQ dU dV
# ======================================================================
9.0279943848e+08 1.2990000000e-03 1.3000000000e-05 2.0800000000e-04 1.2500000000e-04 2.0600000000e-04 1.5800000000e-04 1.7400000000e-04 1.5100000000e-04
9.1617443848e+08 1.2290000000e-03 2.6100000000e-04 -1.0600000000e-04 -3.0000000000e-06 1.4000000000e-04 1.1000000000e-04 1.2600000000e-04 1.2200000000e-04
9.6967443848e+08 1.1890000000e-03 1.0900000000e-04 9.3000000000e-05 -1.9000000000e-05 1.2600000000e-04 1.1800000000e-04 1.2600000000e-04 1.1600000000e-04
9.8304943848e+08 1.0920000000e-03 2.2300000000e-04 1.1900000000e-04 -1.7100000000e-04 1.2700000000e-04 1.0600000000e-04 1.1600000000e-04 1.0200000000e-04
1.0097994385e+09 1.1190000000e-03 2.3000000000e-04 9.3000000000e-05 -1.1500000000e-04 1.2300000000e-04 1.0700000000e-04 1.0200000000e-04 1.1000000000e-04
1.0231744385e+09 1.1480000000e-03 -1.6900000000e-04 -1.7000000000e-05 5.1000000000e-05 1.1400000000e-04 1.0400000000e-04 1.0700000000e-04 1.0600000000e-04
1.0365494385e+09 9.2800000000e-04 -6.9000000000e-05 1.0400000000e-04 -7.0000000000e-05 1.2600000000e-04 1.1000000000e-04 1.0000000000e-04 1.1300000000e-04
1.0499244385e+09 1.0000000000e-03 1.5800000000e-04 -6.2000000000e-05 3.4000000000e-05 1.3000000000e-04 1.2100000000e-04 1.0600000000e-04 1.1600000000e-04
1.0632994385e+09 1.0460000000e-03 1.5500000000e-04 3.0000000000e-06 6.0000000000e-06 1.1300000000e-04 9.7000000000e-05 1.0600000000e-04 1.0600000000e-04
1.0766744385e+09 9.6000000000e-04 -1.0000000000e-06 1.2000000000e-05 -1.1800000000e-04 1.1600000000e-04 1.0200000000e-04 1.1600000000e-04 1.0600000000e-04
1.0900494385e+09 1.0200000000e-03 1.4500000000e-04 -2.4000000000e-05 -1.0400000000e-04 1.0700000000e-04 9.6000000000e-05 9.4000000000e-05 9.6000000000e-05
1.1167994385e+09 1.0490000000e-03 1.0400000000e-04 -1.8000000000e-05 1.4000000000e-04 1.0600000000e-04 9.1000000000e-05 1.0400000000e-04 1.0700000000e-04
1.1301744385e+09 1.0470000000e-03 1.8000000000e-05 -3.1000000000e-05 -3.8000000000e-05 1.0800000000e-04 9.3000000000e-05 9.8000000000e-05 9.3000000000e-05
1.1435494385e+09 1.0130000000e-03 -7.6000000000e-05 -7.9000000000e-05 1.8400000000e-04 1.1200000000e-04 1.0500000000e-04 1.1600000000e-04 1.0600000000e-04
1.1569244385e+09 9.0800000000e-04 1.1600000000e-04 4.9000000000e-05 -1.7000000000e-04 1.2500000000e-04 1.1200000000e-04 1.0400000000e-04 1.1100000000e-04
1.1970494385e+09 7.1000000000e-04 -5.4000000000e-05 -7.5000000000e-05 -6.0000000000e-06 1.5400000000e-04 1.4300000000e-04 1.4100000000e-04 1.4800000000e-04
1.2104244385e+09 1.0040000000e-03 3.4400000000e-04 8.1000000000e-05 -3.4800000000e-04 2.3100000000e-04 2.0500000000e-04 2.2300000000e-04 2.1400000000e-04
1.2237994385e+09 1.0590000000e-03 1.2500000000e-04 1.6500000000e-04 2.8900000000e-04 2.2000000000e-04 1.7600000000e-04 1.9000000000e-04 1.9100000000e-04
1.2505494385e+09 7.7800000000e-04 6.2000000000e-05 6.1000000000e-05 9.7000000000e-05 1.1300000000e-04 1.0700000000e-04 1.1500000000e-04 1.1400000000e-04
1.2639244385e+09 1.0960000000e-03 1.7600000000e-04 8.6000000000e-05 -4.6000000000e-05 1.8300000000e-04 1.5800000000e-04 1.6400000000e-04 1.7500000000e-04
1.2906744385e+09 8.2400000000e-04 -2.2100000000e-04 -1.6400000000e-04 2.2300000000e-04 1.5700000000e-04 1.4500000000e-04 1.6100000000e-04 1.4800000000e-04
1.3040494385e+09 9.9700000000e-04 1.4100000000e-04 1.9600000000e-04 1.3800000000e-04 1.1100000000e-04 9.5000000000e-05 1.0000000000e-04 1.0300000000e-04
1.3174244385e+09 1.0370000000e-03 1.9200000000e-04 5.6000000000e-05 2.5000000000e-05 9.2000000000e-05 9.3000000000e-05 9.4000000000e-05 8.6000000000e-05
1.3307994385e+09 7.3300000000e-04 8.8000000000e-05 4.9000000000e-05 -6.3000000000e-05 9.6000000000e-05 8.5000000000e-05 9.4000000000e-05 8.9000000000e-05
1.3441744385e+09 8.0700000000e-04 3.0000000000e-05 -1.6000000000e-05 1.4800000000e-04 9.5000000000e-05 8.6000000000e-05 8.4000000000e-05 8.3000000000e-05
1.3575494385e+09 8.0200000000e-04 6.7000000000e-05 1.3000000000e-05 3.8000000000e-05 9.2000000000e-05 9.0000000000e-05 8.1000000000e-05 8.6000000000e-05
1.3709244385e+09 7.2300000000e-04 2.0000000000e-05 -1.7000000000e-05 1.0100000000e-04 8.4000000000e-05 7.7000000000e-05 9.0000000000e-05 8.7000000000e-05
1.3842994385e+09 8.4400000000e-04 -3.8000000000e-05 -8.1000000000e-05 1.8000000000e-05 9.1000000000e-05 9.2000000000e-05 9.6000000000e-05 8.5000000000e-05
1.3976744385e+09 6.0500000000e-04 -4.4000000000e-05 -2.3600000000e-04 -9.4000000000e-05 8.8000000000e-05 8.3000000000e-05 9.4000000000e-05 8.5000000000e-05
1.4110494385e+09 7.9600000000e-04 5.3000000000e-05 -1.0600000000e-04 6.0000000000e-06 8.8000000000e-05 8.2000000000e-05 9.2000000000e-05 9.3000000000e-05
1.4244244385e+09 7.3000000000e-04 3.8000000000e-05 -5.1000000000e-05 -5.7000000000e-05 1.2000000000e-04 1.1400000000e-04 1.1800000000e-04 1.1100000000e-04
1.4377994385e+09 7.7300000000e-04 2.4800000000e-04 -6.3000000000e-05 -2.7000000000e-05 9.8000000000e-05 8.7000000000e-05 8.5000000000e-05 9.7000000000e-05
1.4511744385e+09 7.4100000000e-04 2.1500000000e-04 -5.2000000000e-05 -4.2000000000e-05 8.7000000000e-05 9.2000000000e-05 9.4000000000e-05 8.6000000000e-05
1.4645494385e+09 8.4400000000e-04 1.0300000000e-04 1.5000000000e-05 -5.5000000000e-05 8.7000000000e-05 8.9000000000e-05 9.0000000000e-05 8.7000000000e-05
1.4779244385e+09 7.8200000000e-04 2.2900000000e-04 -2.8000000000e-05 -4.7000000000e-05 9.2000000000e-05 8.4000000000e-05 9.1000000000e-05 9.7000000000e-05
1.4912994385e+09 6.9800000000e-04 7.2000000000e-05 1.2000000000e-05 2.2000000000e-05 8.0000000000e-05 9.3000000000e-05 9.6000000000e-05 8.9000000000e-05
1.5046744385e+09 8.3700000000e-04 -1.4000000000e-05 -1.0000000000e-06 -8.7000000000e-05 9.4000000000e-05 9.3000000000e-05 9.4000000000e-05 9.9000000000e-05
1.5180494385e+09 6.0600000000e-04 1.1000000000e-04 2.2000000000e-05 1.2200000000e-04 1.2500000000e-04 1.3200000000e-04 1.1900000000e-04 1.1600000000e-04
1.5982994385e+09 6.8700000000e-04 4.0000000000e-06 -9.0000000000e-06 5.0000000000e-05 1.5300000000e-04 1.4600000000e-04 1.4300000000e-04 1.4400000000e-04
1.6116744385e+09 5.7200000000e-04 7.1000000000e-05 6.0000000000e-06 -5.0000000000e-05 1.0100000000e-04 9.5000000000e-05 1.0700000000e-04 9.9000000000e-05
1.6384244385e+09 7.1500000000e-04 1.5700000000e-04 -3.1000000000e-05 -5.0000000000e-05 9.3000000000e-05 9.4000000000e-05 1.0100000000e-04 8.2000000000e-05
1.6517994385e+09 5.8600000000e-04 2.7200000000e-04 6.9000000000e-05 -6.6000000000e-05 1.8600000000e-04 1.9100000000e-04 1.9100000000e-04 1.9900000000e-04
