9.027994384765620232e+08 1.921565999999999974e+01 1.390770000000000062e+00 -1.780799999999999883e-01 1.543500000000000080e-02 1.234000000000000071e-03 1.528999999999999977e-03
9.161744384765620232e+08 1.898959400000000031e+01 1.416684000000000054e+00 -1.605389999999999873e-01 1.103299999999999940e-02 8.360000000000000460e-04 1.067000000000000023e-03
9.295494384765620232e+08 1.883059300000000036e+01 1.447556999999999983e+00 -1.447170000000000123e-01 1.100499999999999916e-02 8.130000000000000291e-04 1.080000000000000014e-03
9.429244384765620232e+08 1.855769300000000044e+01 1.457578999999999958e+00 -1.112449999999999967e-01 9.438999999999999474e-03 1.007999999999999998e-03 1.371999999999999956e-03
9.562994384765620232e+08 1.844516899999999993e+01 1.460131000000000068e+00 -7.454900000000000415e-02 6.045000000000000026e-03 4.749999999999999990e-04 7.829999999999999504e-04
9.696744384765620232e+08 1.830149799999999871e+01 1.465201999999999893e+00 8.555799999999999517e-02 5.178000000000000311e-03 3.359999999999999814e-04 6.189999999999999756e-04
9.830494384765620232e+08 1.816392700000000104e+01 1.468458999999999959e+00 1.117179999999999979e-01 4.812999999999999570e-03 3.429999999999999889e-04 5.999999999999999474e-04
9.964244384765620232e+08 1.803082300000000160e+01 1.472895999999999983e+00 1.456959999999999922e-01 4.497000000000000129e-03 3.060000000000000111e-04 5.770000000000000389e-04
1.009799438476559997e+09 1.789336600000000033e+01 1.473033999999999955e+00 1.768149999999999999e-01 4.376999999999999814e-03 3.009999999999999980e-04 5.609999999999999752e-04
1.023174438476559997e+09 1.775505300000000020e+01 1.477278000000000091e+00 2.011509999999999965e-01 4.402999999999999796e-03 3.289999999999999739e-04 5.580000000000000107e-04
1.036549438476559997e+09 1.762749700000000175e+01 1.475924000000000014e+00 2.292389999999999983e-01 3.995000000000000287e-03 2.880000000000000073e-04 5.240000000000000517e-04
1.049924438476559997e+09 1.750237100000000012e+01 1.469664999999999999e+00 2.615669999999999940e-01 3.314999999999999804e-03 2.469999999999999865e-04 5.209999999999999788e-04
1.063299438476559997e+09 1.738009999999999877e+01 1.467108999999999996e+00 2.874129999999999741e-01 3.461000000000000101e-03 2.610000000000000015e-04 5.050000000000000235e-04
1.076674438476560116e+09 1.725913999999999859e+01 1.462379000000000095e+00 3.160640000000000116e-01 3.160000000000000048e-03 2.730000000000000222e-04 5.190000000000000386e-04
1.090049438476560116e+09 1.713565099999999930e+01 1.454698999999999964e+00 3.515639999999999876e-01 3.125000000000000173e-03 2.950000000000000148e-04 5.119999999999999768e-04
1.103424438476560116e+09 1.701692399999999950e+01 1.458460000000000090e+00 3.768219999999999903e-01 2.907999999999999995e-03 2.770000000000000110e-04 4.989999999999999861e-04
1.116799438476560116e+09 1.690359700000000132e+01 1.450641999999999987e+00 4.024969999999999937e-01 2.922000000000000118e-03 2.719999999999999979e-04 4.929999999999999487e-04
1.130174438476560116e+09 1.678322199999999853e+01 1.440684999999999993e+00 4.299879999999999813e-01 2.518999999999999972e-03 3.080000000000000055e-04 5.119999999999999768e-04
1.143549438476560116e+09 1.667124000000000095e+01 1.429211999999999927e+00 4.553300000000000125e-01 2.540000000000000157e-03 3.220000000000000206e-04 4.989999999999999861e-04
1.156924438476560116e+09 1.656338699999999875e+01 1.418029999999999902e+00 4.854169999999999874e-01 2.448000000000000089e-03 2.880000000000000073e-04 4.820000000000000066e-04
1.170299438476560116e+09 1.646361900000000134e+01 1.408263000000000043e+00 5.059259999999999868e-01 2.639999999999999986e-03 4.330000000000000081e-04 5.590000000000000351e-04
1.183674438476560116e+09 1.635097299999999976e+01 1.396697999999999995e+00 5.332019999999999538e-01 2.504999999999999848e-03 3.849999999999999798e-04 5.400000000000000069e-04
1.197049438476560116e+09 1.623638199999999898e+01 1.393596000000000057e+00 5.505499999999999838e-01 2.305999999999999890e-03 3.840000000000000097e-04 5.310000000000000050e-04
1.210424438476560116e+09 1.612961599999999862e+01 1.374848999999999988e+00 5.775360000000000493e-01 2.694000000000000214e-03 5.330000000000000536e-04 6.260000000000000373e-04
1.223799438476560116e+09 1.603471899999999906e+01 1.370058999999999916e+00 5.900710000000000122e-01 2.279999999999999909e-03 3.579999999999999741e-04 6.369999999999999794e-04
1.237174438476560116e+09 1.594008099999999928e+01 1.359156000000000031e+00 6.054460000000000397e-01 1.985999999999999918e-03 3.040000000000000167e-04 4.670000000000000214e-04
1.250549438476560116e+09 1.584341000000000044e+01 1.343968999999999969e+00 6.224469999999999725e-01 2.235000000000000007e-03 4.670000000000000214e-04 5.980000000000000072e-04
1.263924438476560116e+09 1.575257900000000078e+01 1.335781000000000107e+00 6.301360000000000294e-01 2.520999999999999804e-03 4.679999999999999915e-04 5.490000000000000088e-04
1.277299438476560116e+09 1.564249900000000082e+01 1.314178000000000068e+00 6.522529999999999717e-01 2.516000000000000007e-03 4.119999999999999856e-04 5.419999999999999471e-04
1.290674438476560116e+09 1.556565299999999930e+01 1.311485000000000012e+00 6.550690000000000124e-01 1.981000000000000122e-03 3.110000000000000243e-04 4.389999999999999914e-04
1.304049438476560116e+09 1.547291399999999939e+01 1.304172000000000109e+00 6.716860000000000053e-01 1.899000000000000080e-03 3.049999999999999868e-04 4.310000000000000137e-04
1.317424438476560116e+09 1.538747399999999921e+01 1.300337999999999994e+00 6.900800000000000267e-01 1.974000000000000060e-03 2.849999999999999886e-04 4.989999999999999861e-04
1.330799438476560116e+09 1.529898900000000062e+01 1.294489999999999919e+00 7.044519999999999671e-01 2.011999999999999900e-03 2.680000000000000090e-04 4.000000000000000192e-04
1.344174438476560116e+09 1.521578399999999931e+01 1.288440999999999947e+00 7.154920000000000169e-01 1.994999999999999812e-03 2.750000000000000166e-04 4.060000000000000024e-04
1.357549438476560116e+09 1.513039799999999957e+01 1.280758999999999981e+00 7.298829999999999485e-01 2.067999999999999960e-03 2.770000000000000110e-04 3.919999999999999873e-04
1.370924438476560116e+09 1.505087299999999928e+01 1.269573999999999980e+00 7.403830000000000133e-01 2.073000000000000190e-03 2.649999999999999903e-04 4.119999999999999856e-04
1.384299438476560116e+09 1.497153899999999993e+01 1.256847999999999965e+00 7.502919999999999590e-01 2.060999999999999898e-03 2.750000000000000166e-04 3.910000000000000172e-04
1.397674438476560116e+09 1.488897500000000029e+01 1.240415000000000045e+00 7.610329999999999595e-01 2.118000000000000091e-03 2.849999999999999886e-04 4.009999999999999893e-04
1.411049438476560116e+09 1.481425899999999984e+01 1.224795999999999996e+00 7.737239999999999673e-01 2.079999999999999818e-03 2.779999999999999811e-04 3.690000000000000246e-04
1.424424438476560116e+09 1.474072899999999997e+01 1.208809000000000022e+00 7.856840000000000490e-01 2.115999999999999825e-03 3.049999999999999868e-04 4.110000000000000155e-04
1.437799438476560116e+09 1.466300099999999951e+01 1.199732999999999938e+00 7.964200000000000168e-01 2.207999999999999893e-03 2.959999999999999849e-04 3.950000000000000061e-04
1.451174438476560116e+09 1.459024499999999946e+01 1.191734000000000071e+00 8.040669999999999762e-01 2.203000000000000097e-03 2.860000000000000129e-04 3.730000000000000134e-04
1.464549438476560116e+09 1.451812299999999922e+01 1.185588000000000086e+00 8.103909999999999725e-01 2.275000000000000112e-03 3.020000000000000223e-04 3.939999999999999817e-04
1.477924438476560116e+09 1.444892899999999969e+01 1.176879999999999926e+00 8.186750000000000416e-01 2.291000000000000068e-03 2.999999999999999737e-04 3.820000000000000153e-04
1.491299438476560116e+09 1.437976500000000080e+01 1.164250999999999925e+00 8.273909999999999876e-01 2.272000000000000148e-03 3.060000000000000111e-04 3.730000000000000134e-04
1.504674438476560116e+09 1.431128499999999981e+01 1.153634000000000048e+00 8.356949999999999656e-01 2.348999999999999960e-03 3.159999999999999832e-04 3.649999999999999816e-04
1.518049438476560116e+09 1.424780499999999961e+01 1.141601000000000088e+00 8.419870000000000410e-01 2.299999999999999961e-03 3.319999999999999926e-04 3.649999999999999816e-04
1.531424438476560116e+09 1.419146399999999986e+01 1.141197999999999935e+00 8.351340000000000430e-01 2.477000000000000035e-03 1.136000000000000074e-03 1.577999999999999976e-03
1.558174438476560116e+09 1.405981099999999984e+01 1.116983999999999977e+00 8.628130000000000521e-01 2.419000000000000143e-03 3.939999999999999817e-04 4.189999999999999931e-04
1.571549438476560116e+09 1.399496000000000073e+01 1.109380000000000033e+00 8.709480000000000555e-01 3.147000000000000058e-03 4.789999999999999879e-04 5.619999999999999996e-04
1.584924438476560116e+09 1.393683700000000059e+01 1.095941000000000054e+00 8.816770000000000440e-01 2.661999999999999870e-03 4.719999999999999803e-04 5.490000000000000088e-04
1.598299438476560116e+09 1.387129400000000068e+01 1.085930999999999980e+00 8.836610000000000298e-01 2.781000000000000052e-03 4.569999999999999952e-04 4.970000000000000459e-04
1.611674438476560116e+09 1.382147800000000082e+01 1.077287000000000106e+00 8.829470000000000374e-01 3.029000000000000008e-03 4.400000000000000157e-04 4.560000000000000251e-04
1.625049438476560116e+09 1.378660400000000053e+01 1.057328000000000046e+00 8.956520000000000037e-01 5.714000000000000329e-03 9.210000000000000521e-04 9.709999999999999664e-04
1.638424438476560116e+09 1.372227099999999922e+01 1.042005000000000070e+00 9.088840000000000252e-01 4.295000000000000207e-03 7.870000000000000476e-04 7.960000000000000495e-04
1.651799438476560116e+09 1.367032299999999978e+01 1.025959000000000065e+00 9.171059999999999768e-01 4.647000000000000089e-03 8.660000000000000163e-04 9.909999999999999105e-04
