# ======================================================================
# FLAGGED DATA - KEPT CHANNELS ONLY
# ======================================================================
# 
# FLAGGING SUMMARY:
#   Total channels: 218
#   Flagged: 53 (24.3%)
#   Kept: 165 (75.7%)
# 
# FLAGGING CRITERIA APPLIED:
#   - Gross outliers: 10 channels
#   - Error outliers: 20 channels
#       Threshold: 4.0σ above median in log-space
#       Iterations: 3
#   - Spectral baseline clipping: 21 channels
#   - Stokes V clipping: 2 channels
#       Threshold: 2.75σ
#       Reference: median
#       Iterations: 2
# 
# COLUMN FORMAT: freq(Hz) I Q U V dI dQ dU dV
# ======================================================================
9.0447131348e+08 3.0993000000e-02 1.1070000000e-03 -9.2900000000e-04 -2.6900000000e-04 3.0500000000e-04 2.3900000000e-04 2.4100000000e-04 2.7700000000e-04
9.0781506348e+08 3.0893000000e-02 5.9000000000e-04 -1.1320000000e-03 2.2600000000e-04 2.7900000000e-04 2.6800000000e-04 2.5200000000e-04 2.4200000000e-04
9.1115881348e+08 3.0374000000e-02 9.3700000000e-04 -6.8400000000e-04 -3.8300000000e-04 2.7900000000e-04 2.5600000000e-04 2.6400000000e-04 2.2300000000e-04
9.1450256348e+08 3.1465000000e-02 1.6340000000e-03 -6.8700000000e-04 -1.2800000000e-04 2.6300000000e-04 2.4300000000e-04 2.4500000000e-04 2.4700000000e-04
9.1784631348e+08 3.1180000000e-02 1.2130000000e-03 -9.5200000000e-04 -2.8000000000e-04 2.6900000000e-04 2.5200000000e-04 2.6600000000e-04 2.5600000000e-04
9.2119006348e+08 3.0517000000e-02 1.0470000000e-03 -3.4000000000e-04 -1.0400000000e-04 2.6500000000e-04 2.4200000000e-04 2.5300000000e-04 2.1900000000e-04
9.2453381348e+08 3.0990000000e-02 8.0800000000e-04 -1.2840000000e-03 5.6800000000e-04 2.9700000000e-04 2.7100000000e-04 2.3600000000e-04 2.4200000000e-04
9.2787756348e+08 3.0351000000e-02 1.0040000000e-03 -7.7400000000e-04 -7.3000000000e-05 2.8900000000e-04 2.4900000000e-04 2.3800000000e-04 2.2200000000e-04
9.3122131348e+08 3.0615000000e-02 7.2100000000e-04 -1.0420000000e-03 -2.8300000000e-04 2.9800000000e-04 2.6400000000e-04 2.5900000000e-04 2.2000000000e-04
9.5128381348e+08 3.0085000000e-02 6.4200000000e-04 -1.2870000000e-03 2.5400000000e-04 2.6900000000e-04 2.3800000000e-04 2.5500000000e-04 2.4000000000e-04
9.5462756348e+08 3.0564000000e-02 9.3000000000e-04 -1.0960000000e-03 -1.6900000000e-04 2.8200000000e-04 2.7900000000e-04 2.6000000000e-04 2.7100000000e-04
9.6131506348e+08 3.0534000000e-02 1.1260000000e-03 -8.7700000000e-04 2.3200000000e-04 2.3800000000e-04 2.6500000000e-04 2.6700000000e-04 2.7300000000e-04
9.6465881348e+08 3.0231000000e-02 1.2310000000e-03 -6.6700000000e-04 -3.4000000000e-04 2.2900000000e-04 2.4000000000e-04 2.4400000000e-04 2.5700000000e-04
9.6800256348e+08 2.9902000000e-02 1.3150000000e-03 -9.3100000000e-04 -2.8700000000e-04 2.5400000000e-04 2.2600000000e-04 2.4400000000e-04 2.0400000000e-04
9.7134631348e+08 2.9466000000e-02 1.1250000000e-03 -7.4200000000e-04 4.3800000000e-04 2.3000000000e-04 2.3000000000e-04 2.2300000000e-04 2.3900000000e-04
9.7469006348e+08 2.9753000000e-02 8.7700000000e-04 -1.0720000000e-03 -4.4600000000e-04 2.3300000000e-04 2.3300000000e-04 1.9700000000e-04 2.1800000000e-04
9.7803381348e+08 2.9800000000e-02 1.5110000000e-03 -5.1500000000e-04 -8.0000000000e-05 2.4800000000e-04 2.3800000000e-04 2.4000000000e-04 2.3600000000e-04
9.8137756348e+08 2.9602000000e-02 1.2990000000e-03 -5.6100000000e-04 3.3300000000e-04 2.4400000000e-04 2.2300000000e-04 2.3100000000e-04 2.3200000000e-04
9.8472131348e+08 2.9594000000e-02 1.2380000000e-03 -2.9800000000e-04 -2.6500000000e-04 2.3500000000e-04 2.6100000000e-04 2.1600000000e-04 2.3300000000e-04
9.8806506348e+08 2.9446000000e-02 1.2790000000e-03 -9.0500000000e-04 2.0200000000e-04 2.7600000000e-04 2.4800000000e-04 2.2300000000e-04 2.2100000000e-04
9.9140881348e+08 2.9625000000e-02 7.1700000000e-04 -7.4800000000e-04 2.0600000000e-04 2.2800000000e-04 2.2400000000e-04 2.3800000000e-04 2.1000000000e-04
9.9475256348e+08 2.9390000000e-02 1.0230000000e-03 -6.9500000000e-04 6.8000000000e-05 2.2800000000e-04 2.5000000000e-04 2.2400000000e-04 2.4100000000e-04
9.9809631348e+08 2.9456000000e-02 1.0060000000e-03 -1.1540000000e-03 -3.2000000000e-05 2.2700000000e-04 2.0200000000e-04 2.3200000000e-04 2.3800000000e-04
1.0014400635e+09 2.9601000000e-02 7.9800000000e-04 -1.0180000000e-03 5.9200000000e-04 2.5000000000e-04 2.6000000000e-04 2.3900000000e-04 2.4200000000e-04
1.0047838135e+09 2.8779000000e-02 1.2650000000e-03 -8.0100000000e-04 1.5700000000e-04 2.4400000000e-04 2.4100000000e-04 2.3100000000e-04 2.2900000000e-04
1.0081275635e+09 2.9066000000e-02 1.0900000000e-03 -6.0100000000e-04 -3.0000000000e-06 2.4900000000e-04 2.3500000000e-04 2.4700000000e-04 2.1400000000e-04
1.0114713135e+09 2.9202000000e-02 1.0890000000e-03 -3.2500000000e-04 8.1000000000e-05 2.1900000000e-04 2.3200000000e-04 2.1600000000e-04 2.2300000000e-04
1.0148150635e+09 2.9323000000e-02 9.9600000000e-04 -6.4500000000e-04 1.5800000000e-04 2.3900000000e-04 2.2600000000e-04 2.6800000000e-04 2.1200000000e-04
1.0181588135e+09 2.9172000000e-02 1.1880000000e-03 -7.5800000000e-04 1.1500000000e-04 2.4600000000e-04 2.6900000000e-04 2.3000000000e-04 2.3500000000e-04
1.0215025635e+09 2.8943000000e-02 4.8500000000e-04 -6.2100000000e-04 -2.1400000000e-04 2.5300000000e-04 2.1100000000e-04 2.2900000000e-04 2.2000000000e-04
1.0248463135e+09 2.8827000000e-02 1.0960000000e-03 -7.2500000000e-04 3.2400000000e-04 2.3200000000e-04 2.2400000000e-04 2.3300000000e-04 2.2200000000e-04
1.0281900635e+09 2.8914000000e-02 1.0030000000e-03 -3.3100000000e-04 1.3100000000e-04 2.5600000000e-04 2.2800000000e-04 2.5200000000e-04 2.4900000000e-04
1.0315338135e+09 2.8369000000e-02 1.0890000000e-03 -6.6300000000e-04 1.2900000000e-04 2.8300000000e-04 2.3700000000e-04 2.5800000000e-04 2.3600000000e-04
1.0348775635e+09 2.8316000000e-02 6.5900000000e-04 -3.2400000000e-04 -3.1200000000e-04 2.3800000000e-04 2.4400000000e-04 2.2900000000e-04 2.2100000000e-04
1.0382213135e+09 2.8650000000e-02 8.7200000000e-04 -5.8800000000e-04 7.0000000000e-06 2.3900000000e-04 2.1900000000e-04 2.2500000000e-04 2.2200000000e-04
1.0415650635e+09 2.8363000000e-02 1.0780000000e-03 -7.4000000000e-04 -3.8000000000e-05 2.5300000000e-04 2.2900000000e-04 2.4400000000e-04 2.4300000000e-04
1.0449088135e+09 2.8705000000e-02 1.2220000000e-03 -5.3500000000e-04 -5.1000000000e-04 2.2600000000e-04 2.2800000000e-04 2.4400000000e-04 1.9600000000e-04
1.0482525635e+09 2.8459000000e-02 1.0670000000e-03 -6.7900000000e-04 -2.4900000000e-04 2.3700000000e-04 2.4400000000e-04 2.1000000000e-04 2.3000000000e-04
1.0515963135e+09 2.8350000000e-02 1.2350000000e-03 -6.0600000000e-04 -7.2000000000e-05 2.7900000000e-04 2.4000000000e-04 2.5300000000e-04 2.5600000000e-04
1.0549400635e+09 2.8427000000e-02 9.2900000000e-04 -1.2700000000e-04 3.8200000000e-04 2.3400000000e-04 2.1800000000e-04 2.3200000000e-04 2.4000000000e-04
1.0582838135e+09 2.8174000000e-02 5.6000000000e-04 -7.0800000000e-04 2.2500000000e-04 2.1600000000e-04 2.0600000000e-04 1.9800000000e-04 2.2700000000e-04
1.0616275635e+09 2.8652000000e-02 1.1130000000e-03 -5.2600000000e-04 -1.3000000000e-05 2.5200000000e-04 2.0200000000e-04 2.0700000000e-04 2.0400000000e-04
1.0649713135e+09 2.8119000000e-02 8.7700000000e-04 -8.9300000000e-04 -1.5000000000e-05 2.2900000000e-04 2.4000000000e-04 2.1400000000e-04 2.2100000000e-04
1.0683150635e+09 2.8933000000e-02 1.2800000000e-03 -4.6000000000e-05 4.4000000000e-05 2.2800000000e-04 2.1400000000e-04 2.5300000000e-04 2.2200000000e-04
1.0716588135e+09 2.7891000000e-02 6.9600000000e-04 -7.5400000000e-04 3.3400000000e-04 2.5100000000e-04 2.4000000000e-04 2.0500000000e-04 2.0800000000e-04
1.0750025635e+09 2.8488000000e-02 1.4310000000e-03 -3.2400000000e-04 5.0200000000e-04 2.3800000000e-04 2.1300000000e-04 2.1900000000e-04 1.9500000000e-04
1.0783463135e+09 2.8341000000e-02 8.5900000000e-04 -3.7900000000e-04 3.6000000000e-05 2.5700000000e-04 2.1200000000e-04 2.3100000000e-04 1.9100000000e-04
1.0816900635e+09 2.7691000000e-02 1.1670000000e-03 -5.9500000000e-04 -2.5100000000e-04 2.4200000000e-04 2.4100000000e-04 2.1200000000e-04 2.1300000000e-04
1.0850338135e+09 2.7711000000e-02 1.1930000000e-03 -4.5300000000e-04 7.7000000000e-05 2.3900000000e-04 2.3000000000e-04 1.9100000000e-04 2.2100000000e-04
1.0950650635e+09 2.7463000000e-02 1.4450000000e-03 -2.2000000000e-04 3.1800000000e-04 2.4600000000e-04 2.1000000000e-04 2.4400000000e-04 2.3500000000e-04
1.0984088135e+09 2.7715000000e-02 1.2880000000e-03 -5.3600000000e-04 -1.3700000000e-04 1.9900000000e-04 2.0200000000e-04 2.3900000000e-04 1.9900000000e-04
1.1017525635e+09 2.7758000000e-02 1.3900000000e-03 -5.6400000000e-04 3.0300000000e-04 2.4900000000e-04 2.3800000000e-04 2.5900000000e-04 2.0700000000e-04
1.1050963135e+09 2.7485000000e-02 8.7200000000e-04 -2.3300000000e-04 1.4000000000e-05 2.2300000000e-04 2.2100000000e-04 2.4100000000e-04 2.1200000000e-04
1.1084400635e+09 2.7478000000e-02 1.5150000000e-03 -1.0410000000e-03 -1.2000000000e-04 2.3000000000e-04 2.4500000000e-04 2.4600000000e-04 2.5700000000e-04
1.1117838135e+09 2.7620000000e-02 1.5350000000e-03 -7.3600000000e-04 1.9200000000e-04 2.4200000000e-04 2.4700000000e-04 2.3300000000e-04 2.2800000000e-04
1.1151275635e+09 2.7531000000e-02 9.0400000000e-04 -2.3500000000e-04 -9.8000000000e-05 2.1900000000e-04 1.9900000000e-04 2.0400000000e-04 1.9300000000e-04
1.1184713135e+09 2.7440000000e-02 7.9200000000e-04 -2.2700000000e-04 1.3100000000e-04 2.2400000000e-04 2.0800000000e-04 2.2400000000e-04 2.2000000000e-04
1.1218150635e+09 2.7241000000e-02 1.0630000000e-03 -1.0630000000e-03 1.2500000000e-04 2.2900000000e-04 1.9500000000e-04 2.1800000000e-04 2.1600000000e-04
1.1251588135e+09 2.7142000000e-02 1.4110000000e-03 -5.8800000000e-04 -1.4100000000e-04 2.1600000000e-04 2.1000000000e-04 2.2100000000e-04 2.0500000000e-04
1.1318463135e+09 2.7258000000e-02 1.1360000000e-03 -4.4700000000e-04 1.2000000000e-04 2.3300000000e-04 2.1800000000e-04 2.2100000000e-04 1.9200000000e-04
1.1351900635e+09 2.6889000000e-02 1.7980000000e-03 -7.8600000000e-04 5.4000000000e-05 2.5400000000e-04 2.2400000000e-04 2.3700000000e-04 2.5200000000e-04
1.1385338135e+09 2.7104000000e-02 1.7120000000e-03 -3.9300000000e-04 -8.9000000000e-05 2.3600000000e-04 2.1300000000e-04 2.3900000000e-04 2.3200000000e-04
1.1418775635e+09 2.7180000000e-02 1.3300000000e-03 -8.7000000000e-05 -3.7700000000e-04 2.4700000000e-04 2.3000000000e-04 2.1000000000e-04 2.2600000000e-04
1.1452213135e+09 2.6645000000e-02 1.6900000000e-03 -4.1000000000e-04 -1.0500000000e-04 2.6600000000e-04 2.3500000000e-04 2.2900000000e-04 2.0500000000e-04
1.1519088135e+09 2.6602000000e-02 1.5180000000e-03 -7.4500000000e-04 1.3500000000e-04 2.4900000000e-04 2.1600000000e-04 2.1800000000e-04 2.5000000000e-04
1.1552525635e+09 2.7290000000e-02 7.7000000000e-04 -3.8800000000e-04 -2.8500000000e-04 2.1400000000e-04 2.1100000000e-04 2.1700000000e-04 2.0700000000e-04
1.1585963135e+09 2.6904000000e-02 1.0540000000e-03 -2.2400000000e-04 1.2600000000e-04 2.1900000000e-04 2.2200000000e-04 2.2000000000e-04 2.1500000000e-04
1.1619400635e+09 2.6105000000e-02 1.4720000000e-03 -1.1200000000e-04 -2.4700000000e-04 2.6400000000e-04 2.2100000000e-04 2.4500000000e-04 2.2200000000e-04
1.1652838135e+09 2.6567000000e-02 1.1910000000e-03 -6.4800000000e-04 -2.4400000000e-04 2.2900000000e-04 2.4200000000e-04 2.3600000000e-04 2.4200000000e-04
1.1686275635e+09 2.7171000000e-02 1.4080000000e-03 -4.9600000000e-04 1.9400000000e-04 4.1100000000e-04 3.6600000000e-04 3.1600000000e-04 3.1200000000e-04
1.1853463135e+09 2.6981000000e-02 1.1040000000e-03 -7.7500000000e-04 6.0000000000e-05 3.0900000000e-04 2.6000000000e-04 2.4400000000e-04 2.8500000000e-04
1.1886900635e+09 2.6324000000e-02 1.7660000000e-03 -3.4500000000e-04 -1.6000000000e-04 2.6400000000e-04 2.2900000000e-04 2.4800000000e-04 2.4600000000e-04
1.1953775635e+09 2.6706000000e-02 1.1490000000e-03 -9.3600000000e-04 1.7500000000e-04 2.4400000000e-04 2.3600000000e-04 2.2800000000e-04 2.2300000000e-04
1.1987213135e+09 2.6073000000e-02 1.5160000000e-03 -5.4800000000e-04 1.4500000000e-04 2.6100000000e-04 2.3200000000e-04 2.6900000000e-04 2.7100000000e-04
1.2154400635e+09 2.6136000000e-02 1.7330000000e-03 -1.8200000000e-04 -1.0500000000e-04 3.0300000000e-04 2.5600000000e-04 2.7100000000e-04 3.2600000000e-04
1.2221275635e+09 2.5787000000e-02 9.8000000000e-04 -6.4000000000e-04 -4.4700000000e-04 3.2700000000e-04 2.5700000000e-04 2.9300000000e-04 3.2600000000e-04
1.2421900635e+09 2.6052000000e-02 1.2250000000e-03 -2.8200000000e-04 -3.9800000000e-04 2.5000000000e-04 2.4500000000e-04 2.1600000000e-04 2.2700000000e-04
1.2488775635e+09 2.5234000000e-02 1.6110000000e-03 -7.7600000000e-04 2.6300000000e-04 2.6300000000e-04 2.5800000000e-04 2.5500000000e-04 2.7300000000e-04
1.2522213135e+09 2.5947000000e-02 1.1070000000e-03 -1.8300000000e-04 -4.4400000000e-04 2.1000000000e-04 2.1500000000e-04 2.0000000000e-04 2.1600000000e-04
1.2555650635e+09 2.5307000000e-02 1.0000000000e-03 -7.6800000000e-04 -3.4000000000e-04 2.3000000000e-04 2.2100000000e-04 2.2100000000e-04 2.0100000000e-04
1.2589088135e+09 2.5851000000e-02 1.2610000000e-03 -4.0000000000e-04 4.0600000000e-04 2.4400000000e-04 2.0300000000e-04 2.1800000000e-04 2.2100000000e-04
1.2856588135e+09 2.5275000000e-02 7.5200000000e-04 -1.0180000000e-03 -1.0600000000e-04 3.5600000000e-04 3.5500000000e-04 3.5000000000e-04 3.6000000000e-04
1.2956900635e+09 2.5009000000e-02 1.4540000000e-03 -8.3100000000e-04 3.8000000000e-05 2.4300000000e-04 2.1600000000e-04 2.1500000000e-04 2.2300000000e-04
1.2990338135e+09 2.5698000000e-02 1.4180000000e-03 -3.7200000000e-04 -4.3100000000e-04 2.2200000000e-04 2.1000000000e-04 2.1000000000e-04 2.1800000000e-04
1.3023775635e+09 2.5553000000e-02 1.4510000000e-03 -2.4700000000e-04 -2.3000000000e-05 2.2300000000e-04 1.9700000000e-04 1.9600000000e-04 2.1100000000e-04
1.3057213135e+09 2.5448000000e-02 1.1670000000e-03 -7.9000000000e-04 -1.7000000000e-05 2.0700000000e-04 1.8300000000e-04 1.7600000000e-04 1.9400000000e-04
1.3090650635e+09 2.5099000000e-02 1.1880000000e-03 -2.0600000000e-04 -9.3000000000e-05 1.6800000000e-04 1.8000000000e-04 1.9700000000e-04 1.8900000000e-04
1.3124088135e+09 2.5494000000e-02 1.4370000000e-03 -5.6400000000e-04 1.7100000000e-04 1.7100000000e-04 1.7000000000e-04 1.7900000000e-04 1.7700000000e-04
1.3157525635e+09 2.5179000000e-02 1.0170000000e-03 -1.6200000000e-04 -3.0000000000e-05 1.9100000000e-04 1.6900000000e-04 1.9900000000e-04 1.7800000000e-04
1.3190963135e+09 2.5325000000e-02 1.0820000000e-03 -2.0200000000e-04 2.8800000000e-04 1.8200000000e-04 1.7000000000e-04 1.8100000000e-04 1.8400000000e-04
1.3224400635e+09 2.5149000000e-02 1.2290000000e-03 -6.1900000000e-04 -1.4000000000e-05 1.9200000000e-04 1.7300000000e-04 1.9600000000e-04 1.8600000000e-04
1.3257838135e+09 2.4842000000e-02 1.0920000000e-03 -3.6700000000e-04 -1.2300000000e-04 1.7600000000e-04 1.9600000000e-04 1.7600000000e-04 1.8900000000e-04
1.3291275635e+09 2.5203000000e-02 1.5720000000e-03 -7.4100000000e-04 9.5000000000e-05 1.8000000000e-04 1.9700000000e-04 1.7800000000e-04 1.7600000000e-04
1.3324713135e+09 2.5061000000e-02 1.2300000000e-03 -4.2500000000e-04 -1.6900000000e-04 1.8700000000e-04 1.8700000000e-04 1.8700000000e-04 1.8300000000e-04
1.3358150635e+09 2.4805000000e-02 1.2220000000e-03 -5.9800000000e-04 -3.6000000000e-04 1.7800000000e-04 1.9300000000e-04 1.6800000000e-04 1.7800000000e-04
1.3391588135e+09 2.5209000000e-02 1.2790000000e-03 -2.1500000000e-04 8.0000000000e-05 1.9000000000e-04 1.8800000000e-04 1.7700000000e-04 1.9100000000e-04
1.3425025635e+09 2.4894000000e-02 1.2120000000e-03 -2.1400000000e-04 7.9000000000e-05 1.9900000000e-04 1.7500000000e-04 1.9800000000e-04 1.7200000000e-04
1.3458463135e+09 2.4929000000e-02 1.2540000000e-03 -4.2000000000e-05 4.5000000000e-05 1.9700000000e-04 1.7100000000e-04 1.7100000000e-04 1.9100000000e-04
1.3491900635e+09 2.5360000000e-02 1.5440000000e-03 -6.0200000000e-04 6.1000000000e-05 1.8900000000e-04 1.7600000000e-04 1.7700000000e-04 1.7300000000e-04
1.3525338135e+09 2.4611000000e-02 1.2640000000e-03 -4.1700000000e-04 1.7500000000e-04 1.9100000000e-04 1.7600000000e-04 1.7700000000e-04 1.8200000000e-04
1.3558775635e+09 2.5299000000e-02 1.4590000000e-03 5.0000000000e-06 -1.7900000000e-04 1.8000000000e-04 1.9300000000e-04 1.8100000000e-04 1.8200000000e-04
1.3592213135e+09 2.4722000000e-02 1.2660000000e-03 -2.5700000000e-04 -2.1000000000e-05 1.7500000000e-04 1.8800000000e-04 1.8000000000e-04 1.7100000000e-04
1.3625650635e+09 2.4561000000e-02 1.2060000000e-03 -5.1500000000e-04 -1.3000000000e-05 1.8700000000e-04 1.9300000000e-04 1.8600000000e-04 1.7600000000e-04
1.3659088135e+09 2.4922000000e-02 1.4520000000e-03 -2.0800000000e-04 -8.0000000000e-06 1.6300000000e-04 1.7900000000e-04 1.5700000000e-04 1.8400000000e-04
1.3692525635e+09 2.4803000000e-02 1.2760000000e-03 -1.9500000000e-04 -8.0000000000e-05 1.8300000000e-04 1.7700000000e-04 1.7900000000e-04 1.8400000000e-04
1.3725963135e+09 2.4605000000e-02 1.2820000000e-03 -4.6000000000e-04 -4.2000000000e-05 1.6000000000e-04 1.7100000000e-04 1.7000000000e-04 1.8500000000e-04
1.3792838135e+09 2.4781000000e-02 1.6570000000e-03 -4.7800000000e-04 -3.4000000000e-05 2.4000000000e-04 1.9100000000e-04 2.2400000000e-04 2.0900000000e-04
1.3826275635e+09 2.4810000000e-02 9.1900000000e-04 -1.7300000000e-04 -1.2000000000e-05 2.1700000000e-04 2.1900000000e-04 2.3900000000e-04 2.1300000000e-04
1.3859713135e+09 2.4625000000e-02 1.3790000000e-03 -3.6100000000e-04 -1.3000000000e-05 1.8100000000e-04 1.7900000000e-04 1.9900000000e-04 1.8800000000e-04
1.3893150635e+09 2.4435000000e-02 1.1700000000e-03 -4.0400000000e-04 1.6200000000e-04 1.6100000000e-04 1.7000000000e-04 1.6400000000e-04 1.8600000000e-04
1.3926588135e+09 2.4630000000e-02 1.2620000000e-03 -1.0500000000e-04 -5.7000000000e-05 1.8700000000e-04 1.7700000000e-04 2.0300000000e-04 1.7300000000e-04
1.3960025635e+09 2.4888000000e-02 8.9100000000e-04 -1.2000000000e-04 -3.4000000000e-04 2.0100000000e-04 1.7500000000e-04 1.7200000000e-04 1.8900000000e-04
1.3993463135e+09 2.4589000000e-02 1.1690000000e-03 -1.1900000000e-04 -5.0000000000e-05 1.7700000000e-04 1.5400000000e-04 1.7400000000e-04 1.7300000000e-04
1.4026900635e+09 2.4560000000e-02 1.0980000000e-03 -1.2900000000e-04 4.3000000000e-05 1.8500000000e-04 1.8200000000e-04 1.9200000000e-04 1.8200000000e-04
1.4060338135e+09 2.4866000000e-02 1.3980000000e-03 -2.3000000000e-04 -4.5000000000e-05 1.6800000000e-04 1.8800000000e-04 1.7700000000e-04 1.7100000000e-04
1.4093775635e+09 2.4710000000e-02 1.5870000000e-03 -8.9000000000e-05 -3.0200000000e-04 1.6500000000e-04 1.5800000000e-04 1.7400000000e-04 1.8100000000e-04
1.4127213135e+09 2.4286000000e-02 8.9600000000e-04 -3.5700000000e-04 6.9000000000e-05 1.9300000000e-04 1.8600000000e-04 1.7600000000e-04 1.7900000000e-04
1.4160650635e+09 2.4260000000e-02 1.1630000000e-03 -2.5200000000e-04 -2.4400000000e-04 1.7500000000e-04 1.8100000000e-04 1.7600000000e-04 1.8800000000e-04
1.4227525635e+09 2.4394000000e-02 1.6490000000e-03 1.8000000000e-05 -9.7000000000e-05 2.5200000000e-04 2.4800000000e-04 2.5200000000e-04 2.3800000000e-04
1.4260963135e+09 2.4406000000e-02 7.8000000000e-04 -3.5500000000e-04 3.9300000000e-04 1.8600000000e-04 1.7800000000e-04 1.7700000000e-04 1.8400000000e-04
1.4294400635e+09 2.4494000000e-02 1.3340000000e-03 2.0000000000e-06 -2.8000000000e-05 1.7200000000e-04 1.6600000000e-04 1.8300000000e-04 1.7700000000e-04
1.4327838135e+09 2.4262000000e-02 1.2550000000e-03 -2.0400000000e-04 -9.0000000000e-06 1.9400000000e-04 1.6800000000e-04 1.8700000000e-04 1.8800000000e-04
1.4361275635e+09 2.4203000000e-02 9.5800000000e-04 -8.8000000000e-05 -3.1000000000e-05 1.7800000000e-04 1.8100000000e-04 2.0700000000e-04 1.9200000000e-04
1.4394713135e+09 2.4309000000e-02 1.2770000000e-03 -1.9900000000e-04 -2.0100000000e-04 1.9000000000e-04 1.7400000000e-04 1.7500000000e-04 1.8400000000e-04
1.4428150635e+09 2.4069000000e-02 1.2530000000e-03 2.6000000000e-04 -2.4400000000e-04 1.9000000000e-04 1.8000000000e-04 1.9900000000e-04 1.7700000000e-04
1.4461588135e+09 2.4080000000e-02 1.4350000000e-03 -3.3200000000e-04 3.0100000000e-04 1.7800000000e-04 1.7300000000e-04 1.9000000000e-04 1.7600000000e-04
1.4495025635e+09 2.4012000000e-02 1.3080000000e-03 -4.3700000000e-04 9.9000000000e-05 1.7900000000e-04 1.9500000000e-04 1.9400000000e-04 1.8400000000e-04
1.4528463135e+09 2.4389000000e-02 1.2030000000e-03 -3.5500000000e-04 5.8000000000e-05 1.7400000000e-04 1.7800000000e-04 1.8400000000e-04 1.9100000000e-04
1.4561900635e+09 2.3960000000e-02 1.3100000000e-03 -7.5200000000e-04 1.3500000000e-04 1.7800000000e-04 1.8300000000e-04 1.8400000000e-04 1.8400000000e-04
1.4595338135e+09 2.3671000000e-02 1.5100000000e-03 -1.9500000000e-04 6.3000000000e-05 1.7600000000e-04 1.9700000000e-04 1.9800000000e-04 1.8700000000e-04
1.4628775635e+09 2.3895000000e-02 1.3380000000e-03 -2.9400000000e-04 1.6500000000e-04 1.9100000000e-04 1.7800000000e-04 1.9300000000e-04 1.7100000000e-04
1.4662213135e+09 2.4166000000e-02 1.5640000000e-03 -5.7500000000e-04 2.0800000000e-04 1.9000000000e-04 1.8100000000e-04 1.6700000000e-04 1.7800000000e-04
1.4695650635e+09 2.4460000000e-02 9.4700000000e-04 -6.6700000000e-04 3.8000000000e-04 1.8100000000e-04 1.8600000000e-04 1.8900000000e-04 1.7000000000e-04
1.4729088135e+09 2.3952000000e-02 1.3120000000e-03 8.5000000000e-05 -6.9000000000e-05 1.9600000000e-04 1.8300000000e-04 1.8900000000e-04 1.7600000000e-04
1.4762525635e+09 2.4216000000e-02 1.1010000000e-03 -4.6000000000e-05 1.3300000000e-04 1.8100000000e-04 1.8200000000e-04 1.8700000000e-04 1.7300000000e-04
1.4795963135e+09 2.3856000000e-02 1.0580000000e-03 -4.6400000000e-04 1.5300000000e-04 1.7600000000e-04 1.6500000000e-04 1.7400000000e-04 1.9000000000e-04
1.4829400635e+09 2.3863000000e-02 1.1440000000e-03 -2.7500000000e-04 3.1700000000e-04 1.9100000000e-04 1.6600000000e-04 1.9300000000e-04 1.8900000000e-04
1.4862838135e+09 2.4171000000e-02 1.1120000000e-03 -1.5000000000e-04 3.2100000000e-04 1.9000000000e-04 1.6800000000e-04 1.7800000000e-04 1.7200000000e-04
1.4896275635e+09 2.3937000000e-02 1.1300000000e-03 -1.6500000000e-04 -1.7700000000e-04 1.7400000000e-04 1.8000000000e-04 1.9700000000e-04 1.7300000000e-04
1.4929713135e+09 2.3825000000e-02 1.1090000000e-03 -2.8300000000e-04 -1.1000000000e-05 1.9200000000e-04 1.7400000000e-04 1.8500000000e-04 1.8200000000e-04
1.4963150635e+09 2.3981000000e-02 1.1300000000e-03 -2.6600000000e-04 2.0000000000e-04 1.8200000000e-04 1.8200000000e-04 1.8300000000e-04 1.7500000000e-04
1.4996588135e+09 2.3737000000e-02 1.3030000000e-03 -3.5500000000e-04 1.5200000000e-04 1.7400000000e-04 1.7300000000e-04 1.9000000000e-04 1.8300000000e-04
1.5030025635e+09 2.3928000000e-02 1.5930000000e-03 -2.4800000000e-04 4.9000000000e-05 1.7500000000e-04 1.9700000000e-04 1.7000000000e-04 1.9300000000e-04
1.5063463135e+09 2.3579000000e-02 1.2870000000e-03 -5.3000000000e-05 -3.3000000000e-05 1.8400000000e-04 1.8400000000e-04 1.9000000000e-04 1.7100000000e-04
1.5096900635e+09 2.3773000000e-02 1.5070000000e-03 -3.8200000000e-04 -2.7500000000e-04 1.8400000000e-04 1.8700000000e-04 1.8000000000e-04 1.8400000000e-04
1.5130338135e+09 2.4031000000e-02 1.2450000000e-03 -1.5500000000e-04 -6.5000000000e-05 1.8400000000e-04 1.8700000000e-04 1.8300000000e-04 1.9600000000e-04
1.5163775635e+09 2.4247000000e-02 1.2680000000e-03 2.7000000000e-05 2.5000000000e-05 1.8900000000e-04 1.7800000000e-04 1.8900000000e-04 1.8100000000e-04
1.5230650635e+09 2.3979000000e-02 9.9200000000e-04 2.9100000000e-04 6.0100000000e-04 2.7000000000e-04 3.0000000000e-04 2.7400000000e-04 2.7700000000e-04
1.5498150635e+09 2.3438000000e-02 1.2690000000e-03 -4.0800000000e-04 -4.0000000000e-06 3.7500000000e-04 3.7200000000e-04 3.9500000000e-04 3.6600000000e-04
1.5698775635e+09 2.3583000000e-02 8.0100000000e-04 -9.0100000000e-04 1.6600000000e-04 3.0200000000e-04 2.4700000000e-04 2.8500000000e-04 2.9900000000e-04
1.5799088135e+09 2.2687000000e-02 9.5800000000e-04 -3.3100000000e-04 2.1700000000e-04 3.2200000000e-04 2.9900000000e-04 2.7400000000e-04 2.9500000000e-04
1.5832525635e+09 2.3400000000e-02 1.1130000000e-03 4.7000000000e-05 -1.1700000000e-04 2.7700000000e-04 2.4600000000e-04 2.5300000000e-04 2.6300000000e-04
1.5865963135e+09 2.3797000000e-02 1.3690000000e-03 -5.7600000000e-04 1.3500000000e-04 2.6400000000e-04 2.4000000000e-04 2.3400000000e-04 2.5200000000e-04
1.5932838135e+09 2.3025000000e-02 9.3700000000e-04 -1.6900000000e-04 -2.8000000000e-04 2.6500000000e-04 2.6000000000e-04 2.8700000000e-04 2.8400000000e-04
1.5966275635e+09 2.3587000000e-02 1.2890000000e-03 -3.4900000000e-04 -1.8700000000e-04 2.1700000000e-04 1.9900000000e-04 2.0700000000e-04 1.9700000000e-04
1.6066588135e+09 2.3468000000e-02 1.0460000000e-03 6.8000000000e-05 1.4100000000e-04 1.9700000000e-04 1.7900000000e-04 1.8800000000e-04 1.9500000000e-04
1.6100025635e+09 2.3391000000e-02 1.4520000000e-03 -8.8000000000e-05 1.8700000000e-04 1.8800000000e-04 1.6900000000e-04 1.6400000000e-04 1.7000000000e-04
1.6133463135e+09 2.3529000000e-02 1.2120000000e-03 -4.2300000000e-04 3.6000000000e-05 1.8800000000e-04 1.8500000000e-04 1.8300000000e-04 1.6800000000e-04
1.6166900635e+09 2.2716000000e-02 1.1310000000e-03 -2.2900000000e-04 -1.3500000000e-04 1.8900000000e-04 1.8000000000e-04 1.9300000000e-04 1.7800000000e-04
1.6300650635e+09 2.3490000000e-02 1.0950000000e-03 -5.7400000000e-04 -1.7100000000e-04 1.8200000000e-04 1.8900000000e-04 1.8000000000e-04 1.7800000000e-04
1.6334088135e+09 2.2952000000e-02 1.2490000000e-03 -1.3000000000e-04 1.3900000000e-04 1.8000000000e-04 1.8500000000e-04 1.8400000000e-04 1.8800000000e-04
1.6367525635e+09 2.3153000000e-02 1.1090000000e-03 -1.0600000000e-04 9.4000000000e-05 2.0700000000e-04 1.6900000000e-04 1.7800000000e-04 1.6600000000e-04
1.6400963135e+09 2.2901000000e-02 1.3200000000e-03 4.8000000000e-05 -1.1200000000e-04 1.7700000000e-04 1.7800000000e-04 1.7900000000e-04 1.6100000000e-04
1.6434400635e+09 2.2918000000e-02 1.2830000000e-03 -3.4000000000e-04 -4.2000000000e-05 1.7200000000e-04 1.7900000000e-04 1.8400000000e-04 1.9600000000e-04
1.6467838135e+09 2.3433000000e-02 1.4670000000e-03 -2.0500000000e-04 -5.0800000000e-04 1.7400000000e-04 1.7800000000e-04 1.9000000000e-04 1.9200000000e-04
