9.027994384765620232e+08 1.737999999999999962e-03 2.310000000000000042e-04 -1.379999999999999933e-04 1.810000000000000085e-04 1.640000000000000019e-04 1.479999999999999925e-04
9.161744384765620232e+08 1.487999999999999956e-03 6.600000000000000506e-05 3.130000000000000187e-04 1.479999999999999925e-04 1.179999999999999951e-04 1.240000000000000054e-04
9.295494384765620232e+08 1.618999999999999996e-03 -6.499999999999999431e-05 -1.610000000000000103e-04 1.589999999999999888e-04 1.530000000000000056e-04 1.410000000000000120e-04
9.562994384765620232e+08 1.572999999999999962e-03 -5.099999999999999960e-05 5.899999999999999754e-05 1.579999999999999916e-04 1.399999999999999877e-04 1.459999999999999981e-04
9.696744384765620232e+08 1.162999999999999971e-03 8.899999999999999491e-05 9.200000000000000007e-05 1.240000000000000054e-04 1.010000000000000020e-04 1.129999999999999955e-04
9.830494384765620232e+08 1.382999999999999898e-03 1.730000000000000038e-04 6.000000000000000152e-05 1.230000000000000082e-04 1.129999999999999955e-04 1.039999999999999936e-04
9.964244384765620232e+08 1.582999999999999989e-03 -1.800000000000000046e-05 -2.500000000000000120e-05 1.190000000000000058e-04 1.140000000000000063e-04 1.069999999999999988e-04
1.009799438476559997e+09 1.299999999999999940e-03 1.279999999999999942e-04 -1.559999999999999972e-04 1.140000000000000063e-04 1.069999999999999988e-04 1.060000000000000016e-04
1.023174438476559997e+09 1.508000000000000009e-03 1.930000000000000021e-04 -7.100000000000000462e-05 1.160000000000000007e-04 1.069999999999999988e-04 9.200000000000000007e-05
1.036549438476559997e+09 1.327999999999999970e-03 1.689999999999999879e-04 -5.199999999999999680e-05 1.090000000000000067e-04 9.500000000000000523e-05 1.150000000000000035e-04
1.049924438476559997e+09 1.556000000000000091e-03 4.399999999999999886e-05 6.999999999999999895e-06 1.050000000000000044e-04 1.000000000000000048e-04 1.090000000000000067e-04
1.063299438476559997e+09 1.281000000000000021e-03 6.999999999999999895e-06 2.039999999999999984e-04 1.140000000000000063e-04 1.029999999999999964e-04 1.060000000000000016e-04
1.076674438476560116e+09 1.539000000000000003e-03 2.449999999999999921e-04 -4.000000000000000327e-05 1.029999999999999964e-04 1.000000000000000048e-04 9.799999999999999684e-05
1.090049438476560116e+09 1.435000000000000078e-03 -0.000000000000000000e+00 1.840000000000000001e-04 1.010000000000000020e-04 1.039999999999999936e-04 1.029999999999999964e-04
1.103424438476560116e+09 1.276999999999999923e-03 1.939999999999999993e-04 -6.499999999999999431e-05 1.029999999999999964e-04 9.000000000000000567e-05 9.899999999999999404e-05
1.116799438476560116e+09 1.221999999999999996e-03 -9.999999999999999547e-07 7.499999999999999343e-05 1.190000000000000058e-04 1.079999999999999960e-04 9.600000000000000243e-05
1.130174438476560116e+09 1.248999999999999893e-03 1.489999999999999897e-04 -1.310000000000000129e-04 1.010000000000000020e-04 9.500000000000000523e-05 1.029999999999999964e-04
1.143549438476560116e+09 1.250999999999999942e-03 1.359999999999999989e-04 -2.059999999999999928e-04 1.129999999999999955e-04 1.050000000000000044e-04 1.119999999999999983e-04
1.156924438476560116e+09 1.237000000000000035e-03 1.179999999999999951e-04 4.300000000000000165e-05 1.140000000000000063e-04 1.019999999999999992e-04 1.029999999999999964e-04
1.170299438476560116e+09 1.567999999999999949e-03 1.969999999999999909e-04 -3.240000000000000150e-04 1.640000000000000019e-04 1.769999999999999926e-04 1.800000000000000113e-04
1.197049438476560116e+09 1.206000000000000041e-03 4.100000000000000047e-05 -7.600000000000000418e-05 1.700000000000000122e-04 1.520000000000000084e-04 1.530000000000000056e-04
1.210424438476560116e+09 1.489000000000000089e-03 2.020000000000000040e-04 1.050000000000000044e-04 2.110000000000000059e-04 1.900000000000000105e-04 2.120000000000000031e-04
1.237174438476560116e+09 1.463000000000000108e-03 -6.000000000000000152e-06 1.659999999999999963e-04 1.420000000000000092e-04 1.299999999999999886e-04 1.200000000000000030e-04
1.250549438476560116e+09 1.386000000000000079e-03 1.769999999999999926e-04 9.200000000000000007e-05 1.279999999999999942e-04 1.210000000000000002e-04 1.269999999999999970e-04
1.263924438476560116e+09 1.030000000000000100e-03 3.229999999999999907e-04 -2.860000000000000129e-04 1.759999999999999954e-04 1.569999999999999944e-04 1.820000000000000057e-04
1.277299438476560116e+09 1.392999999999999924e-03 1.569999999999999944e-04 2.579999999999999828e-04 2.169999999999999891e-04 1.840000000000000001e-04 2.010000000000000068e-04
1.290674438476560116e+09 1.213000000000000102e-03 9.000000000000000567e-05 1.800000000000000046e-05 1.250000000000000026e-04 1.179999999999999951e-04 1.069999999999999988e-04
1.304049438476560116e+09 1.159000000000000091e-03 1.000000000000000048e-04 7.700000000000000139e-05 9.799999999999999684e-05 9.000000000000000567e-05 8.600000000000000331e-05
1.317424438476560116e+09 1.199999999999999895e-03 1.379999999999999933e-04 7.999999999999999638e-06 8.899999999999999491e-05 8.299999999999999815e-05 8.500000000000000611e-05
1.344174438476560116e+09 1.002000000000000069e-03 1.150000000000000035e-04 -1.699999999999999987e-05 9.200000000000000007e-05 8.700000000000000051e-05 8.799999999999999771e-05
1.357549438476560116e+09 1.108000000000000044e-03 2.460000000000000164e-04 -1.600000000000000131e-04 8.200000000000000095e-05 8.100000000000000375e-05 9.399999999999999448e-05
1.370924438476560116e+09 1.180000000000000059e-03 1.210000000000000002e-04 1.129999999999999955e-04 8.899999999999999491e-05 8.399999999999999535e-05 8.000000000000000654e-05
1.384299438476560116e+09 1.232000000000000022e-03 -3.199999999999999855e-05 -6.200000000000000270e-05 8.700000000000000051e-05 8.100000000000000375e-05 8.000000000000000654e-05
1.397674438476560116e+09 1.092000000000000089e-03 1.369999999999999961e-04 -1.699999999999999987e-05 8.399999999999999535e-05 8.600000000000000331e-05 8.200000000000000095e-05
1.411049438476560116e+09 9.349999999999999587e-04 1.840000000000000001e-04 8.700000000000000051e-05 8.799999999999999771e-05 7.899999999999999579e-05 8.899999999999999491e-05
1.424424438476560116e+09 1.147000000000000016e-03 1.710000000000000094e-04 -2.099999999999999884e-05 1.090000000000000067e-04 1.060000000000000016e-04 1.110000000000000011e-04
1.437799438476560116e+09 1.209999999999999921e-03 6.200000000000000270e-05 1.559999999999999972e-04 8.500000000000000611e-05 8.399999999999999535e-05 8.000000000000000654e-05
1.464549438476560116e+09 1.077999999999999965e-03 1.110000000000000011e-04 1.900000000000000105e-05 8.600000000000000331e-05 8.500000000000000611e-05 8.399999999999999535e-05
1.477924438476560116e+09 1.193000000000000050e-03 2.079999999999999872e-04 9.399999999999999448e-05 8.100000000000000375e-05 8.700000000000000051e-05 8.399999999999999535e-05
1.491299438476560116e+09 1.070999999999999903e-03 7.399999999999999623e-05 1.340000000000000045e-04 8.299999999999999815e-05 8.500000000000000611e-05 8.600000000000000331e-05
1.504674438476560116e+09 9.849999999999999815e-04 -3.699999999999999811e-05 7.299999999999999903e-05 9.000000000000000567e-05 9.500000000000000523e-05 9.200000000000000007e-05
1.518049438476560116e+09 1.062999999999999926e-03 5.099999999999999960e-05 -2.069999999999999900e-04 1.359999999999999989e-04 1.330000000000000073e-04 1.219999999999999974e-04
1.558174438476560116e+09 1.146000000000000100e-03 9.399999999999999448e-05 9.000000000000000567e-05 1.990000000000000124e-04 1.749999999999999982e-04 1.730000000000000038e-04
1.584924438476560116e+09 7.050000000000000060e-04 2.229999999999999994e-04 -2.900000000000000017e-05 1.379999999999999933e-04 1.389999999999999905e-04 1.259999999999999998e-04
1.598299438476560116e+09 1.271999999999999910e-03 7.799999999999999859e-05 -2.680000000000000090e-04 1.740000000000000010e-04 1.640000000000000019e-04 1.569999999999999944e-04
1.611674438476560116e+09 9.240000000000000166e-04 1.779999999999999898e-04 1.910000000000000077e-04 1.010000000000000020e-04 9.299999999999999727e-05 1.039999999999999936e-04
1.625049438476560116e+09 1.157000000000000042e-03 2.059999999999999928e-04 -1.240000000000000054e-04 1.530000000000000056e-04 1.579999999999999916e-04 1.749999999999999982e-04
1.638424438476560116e+09 1.080000000000000014e-03 1.000000000000000048e-04 2.210000000000000050e-04 8.600000000000000331e-05 9.600000000000000243e-05 9.100000000000000287e-05
1.651799438476560116e+09 1.333999999999999899e-03 1.269999999999999970e-04 -1.240000000000000054e-04 1.789999999999999870e-04 1.969999999999999909e-04 1.840000000000000001e-04
