9.044713134765620232e+08 3.099299999999999972e-02 1.106999999999999911e-03 -9.290000000000000297e-04 3.049999999999999868e-04 2.390000000000000089e-04 2.410000000000000033e-04
9.078150634765620232e+08 3.089300000000000032e-02 5.900000000000000296e-04 -1.131999999999999977e-03 2.790000000000000054e-04 2.680000000000000090e-04 2.519999999999999996e-04
9.111588134765620232e+08 3.037400000000000169e-02 9.370000000000000074e-04 -6.840000000000000377e-04 2.790000000000000054e-04 2.559999999999999884e-04 2.640000000000000202e-04
9.145025634765620232e+08 3.146499999999999991e-02 1.634000000000000036e-03 -6.870000000000000022e-04 2.629999999999999959e-04 2.429999999999999977e-04 2.449999999999999921e-04
9.178463134765620232e+08 3.117999999999999938e-02 1.213000000000000102e-03 -9.520000000000000467e-04 2.689999999999999791e-04 2.519999999999999996e-04 2.660000000000000146e-04
9.211900634765620232e+08 3.051699999999999899e-02 1.046999999999999971e-03 -3.400000000000000244e-04 2.649999999999999903e-04 2.420000000000000005e-04 2.530000000000000239e-04
9.245338134765620232e+08 3.099000000000000019e-02 8.080000000000000160e-04 -1.283999999999999985e-03 2.970000000000000092e-04 2.709999999999999735e-04 2.359999999999999902e-04
9.278775634765620232e+08 3.035099999999999951e-02 1.003999999999999901e-03 -7.739999999999999485e-04 2.889999999999999774e-04 2.489999999999999809e-04 2.380000000000000117e-04
9.312213134765620232e+08 3.061499999999999985e-02 7.209999999999999612e-04 -1.041999999999999958e-03 2.979999999999999793e-04 2.640000000000000202e-04 2.590000000000000071e-04
9.512838134765620232e+08 3.008500000000000063e-02 6.419999999999999925e-04 -1.286999999999999950e-03 2.689999999999999791e-04 2.380000000000000117e-04 2.550000000000000183e-04
9.546275634765620232e+08 3.056400000000000089e-02 9.300000000000000541e-04 -1.095999999999999969e-03 2.820000000000000241e-04 2.790000000000000054e-04 2.599999999999999772e-04
9.613150634765620232e+08 3.053399999999999864e-02 1.126000000000000048e-03 -8.769999999999999584e-04 2.380000000000000117e-04 2.649999999999999903e-04 2.669999999999999847e-04
9.646588134765620232e+08 3.023100000000000093e-02 1.231000000000000106e-03 -6.669999999999999497e-04 2.290000000000000098e-04 2.400000000000000061e-04 2.439999999999999949e-04
9.680025634765620232e+08 2.990200000000000150e-02 1.314999999999999980e-03 -9.309999999999999699e-04 2.539999999999999940e-04 2.259999999999999910e-04 2.439999999999999949e-04
9.713463134765620232e+08 2.946599999999999914e-02 1.124999999999999915e-03 -7.420000000000000380e-04 2.300000000000000070e-04 2.300000000000000070e-04 2.229999999999999994e-04
9.746900634765620232e+08 2.975300000000000167e-02 8.769999999999999584e-04 -1.072000000000000036e-03 2.329999999999999986e-04 2.329999999999999986e-04 1.969999999999999909e-04
9.780338134765620232e+08 2.980000000000000010e-02 1.510999999999999973e-03 -5.150000000000000498e-04 2.480000000000000108e-04 2.380000000000000117e-04 2.400000000000000061e-04
9.813775634765620232e+08 2.960199999999999984e-02 1.299000000000000024e-03 -5.609999999999999752e-04 2.439999999999999949e-04 2.229999999999999994e-04 2.310000000000000042e-04
9.847213134765620232e+08 2.959399999999999878e-02 1.237999999999999951e-03 -2.979999999999999793e-04 2.349999999999999930e-04 2.610000000000000015e-04 2.159999999999999919e-04
9.880650634765620232e+08 2.944599999999999995e-02 1.278999999999999972e-03 -9.049999999999999885e-04 2.759999999999999867e-04 2.480000000000000108e-04 2.229999999999999994e-04
9.914088134765620232e+08 2.962499999999999856e-02 7.169999999999999724e-04 -7.479999999999999670e-04 2.280000000000000126e-04 2.239999999999999966e-04 2.380000000000000117e-04
9.947525634765620232e+08 2.938999999999999946e-02 1.023000000000000038e-03 -6.949999999999999798e-04 2.280000000000000126e-04 2.500000000000000052e-04 2.239999999999999966e-04
9.980963134765620232e+08 2.945599999999999954e-02 1.005999999999999950e-03 -1.154000000000000078e-03 2.269999999999999882e-04 2.020000000000000040e-04 2.320000000000000014e-04
1.001440063476559997e+09 2.960099999999999884e-02 7.979999999999999897e-04 -1.018000000000000025e-03 2.500000000000000052e-04 2.599999999999999772e-04 2.390000000000000089e-04
1.004783813476559997e+09 2.877899999999999903e-02 1.265000000000000065e-03 -8.009999999999999542e-04 2.439999999999999949e-04 2.410000000000000033e-04 2.310000000000000042e-04
1.008127563476559997e+09 2.906600000000000156e-02 1.090000000000000040e-03 -6.009999999999999717e-04 2.489999999999999809e-04 2.349999999999999930e-04 2.469999999999999865e-04
1.011471313476559997e+09 2.920199999999999879e-02 1.088999999999999907e-03 -3.249999999999999851e-04 2.190000000000000106e-04 2.320000000000000014e-04 2.159999999999999919e-04
1.014815063476559997e+09 2.932299999999999837e-02 9.959999999999999236e-04 -6.449999999999999570e-04 2.390000000000000089e-04 2.259999999999999910e-04 2.680000000000000090e-04
1.018158813476559997e+09 2.917200000000000001e-02 1.188000000000000037e-03 -7.579999999999999932e-04 2.460000000000000164e-04 2.689999999999999791e-04 2.300000000000000070e-04
1.021502563476559997e+09 2.894299999999999998e-02 4.850000000000000253e-04 -6.210000000000000242e-04 2.530000000000000239e-04 2.110000000000000059e-04 2.290000000000000098e-04
1.024846313476559997e+09 2.882699999999999846e-02 1.095999999999999969e-03 -7.249999999999999500e-04 2.320000000000000014e-04 2.239999999999999966e-04 2.329999999999999986e-04
1.028190063476559997e+09 2.891399999999999873e-02 1.002999999999999985e-03 -3.310000000000000225e-04 2.559999999999999884e-04 2.280000000000000126e-04 2.519999999999999996e-04
1.031533813476559997e+09 2.836899999999999838e-02 1.088999999999999907e-03 -6.629999999999999609e-04 2.829999999999999942e-04 2.369999999999999874e-04 2.579999999999999828e-04
1.034877563476559997e+09 2.831600000000000089e-02 6.589999999999999721e-04 -3.240000000000000150e-04 2.380000000000000117e-04 2.439999999999999949e-04 2.290000000000000098e-04
1.038221313476559997e+09 2.864999999999999838e-02 8.720000000000000537e-04 -5.879999999999999810e-04 2.390000000000000089e-04 2.190000000000000106e-04 2.249999999999999938e-04
1.041565063476559997e+09 2.836299999999999932e-02 1.077999999999999965e-03 -7.399999999999999894e-04 2.530000000000000239e-04 2.290000000000000098e-04 2.439999999999999949e-04
1.044908813476559997e+09 2.870500000000000135e-02 1.221999999999999996e-03 -5.349999999999999938e-04 2.259999999999999910e-04 2.280000000000000126e-04 2.439999999999999949e-04
1.048252563476559997e+09 2.845900000000000166e-02 1.067000000000000023e-03 -6.790000000000000245e-04 2.369999999999999874e-04 2.439999999999999949e-04 2.100000000000000087e-04
1.051596313476559997e+09 2.835000000000000020e-02 1.234999999999999987e-03 -6.059999999999999849e-04 2.790000000000000054e-04 2.400000000000000061e-04 2.530000000000000239e-04
1.054940063476559997e+09 2.842700000000000088e-02 9.290000000000000297e-04 -1.269999999999999970e-04 2.339999999999999958e-04 2.180000000000000134e-04 2.320000000000000014e-04
1.058283813476559997e+09 2.817400000000000113e-02 5.599999999999999509e-04 -7.079999999999999705e-04 2.159999999999999919e-04 2.059999999999999928e-04 1.979999999999999881e-04
1.061627563476559997e+09 2.865200000000000038e-02 1.113000000000000057e-03 -5.259999999999999919e-04 2.519999999999999996e-04 2.020000000000000040e-04 2.069999999999999900e-04
1.064971313476559997e+09 2.811900000000000163e-02 8.769999999999999584e-04 -8.930000000000000221e-04 2.290000000000000098e-04 2.400000000000000061e-04 2.139999999999999975e-04
1.068315063476559997e+09 2.893300000000000038e-02 1.280000000000000105e-03 -4.600000000000000004e-05 2.280000000000000126e-04 2.139999999999999975e-04 2.530000000000000239e-04
1.071658813476559997e+09 2.789099999999999913e-02 6.960000000000000041e-04 -7.540000000000000044e-04 2.509999999999999753e-04 2.400000000000000061e-04 2.049999999999999956e-04
1.075002563476560116e+09 2.848799999999999943e-02 1.430999999999999980e-03 -3.240000000000000150e-04 2.380000000000000117e-04 2.130000000000000003e-04 2.190000000000000106e-04
1.078346313476560116e+09 2.834100000000000161e-02 8.589999999999999546e-04 -3.789999999999999966e-04 2.570000000000000127e-04 2.120000000000000031e-04 2.310000000000000042e-04
1.081690063476560116e+09 2.769100000000000034e-02 1.167000000000000069e-03 -5.950000000000000427e-04 2.420000000000000005e-04 2.410000000000000033e-04 2.120000000000000031e-04
1.085033813476560116e+09 2.771099999999999952e-02 1.193000000000000050e-03 -4.530000000000000064e-04 2.390000000000000089e-04 2.300000000000000070e-04 1.910000000000000077e-04
1.095065063476560116e+09 2.746300000000000130e-02 1.445000000000000104e-03 -2.200000000000000078e-04 2.460000000000000164e-04 2.100000000000000087e-04 2.439999999999999949e-04
1.098408813476560116e+09 2.771500000000000005e-02 1.288000000000000082e-03 -5.360000000000000181e-04 1.990000000000000124e-04 2.020000000000000040e-04 2.390000000000000089e-04
1.101752563476560116e+09 2.775800000000000142e-02 1.389999999999999960e-03 -5.640000000000000482e-04 2.489999999999999809e-04 2.380000000000000117e-04 2.590000000000000071e-04
1.105096313476560116e+09 2.748499999999999902e-02 8.720000000000000537e-04 -2.329999999999999986e-04 2.229999999999999994e-04 2.210000000000000050e-04 2.410000000000000033e-04
1.108440063476560116e+09 2.747799999999999895e-02 1.515000000000000071e-03 -1.041000000000000042e-03 2.300000000000000070e-04 2.449999999999999921e-04 2.460000000000000164e-04
1.111783813476560116e+09 2.761999999999999872e-02 1.534999999999999906e-03 -7.360000000000000006e-04 2.420000000000000005e-04 2.469999999999999865e-04 2.329999999999999986e-04
1.115127563476560116e+09 2.753099999999999992e-02 9.039999999999999642e-04 -2.349999999999999930e-04 2.190000000000000106e-04 1.990000000000000124e-04 2.039999999999999984e-04
1.118471313476560116e+09 2.743999999999999911e-02 7.919999999999999523e-04 -2.269999999999999882e-04 2.239999999999999966e-04 2.079999999999999872e-04 2.239999999999999966e-04
1.121815063476560116e+09 2.724100000000000132e-02 1.062999999999999926e-03 -1.062999999999999926e-03 2.290000000000000098e-04 1.949999999999999965e-04 2.180000000000000134e-04
1.125158813476560116e+09 2.714199999999999946e-02 1.410999999999999928e-03 -5.879999999999999810e-04 2.159999999999999919e-04 2.100000000000000087e-04 2.210000000000000050e-04
1.131846313476560116e+09 2.725800000000000098e-02 1.136000000000000074e-03 -4.470000000000000232e-04 2.329999999999999986e-04 2.180000000000000134e-04 2.210000000000000050e-04
1.135190063476560116e+09 2.688899999999999971e-02 1.797999999999999902e-03 -7.860000000000000233e-04 2.539999999999999940e-04 2.239999999999999966e-04 2.369999999999999874e-04
1.138533813476560116e+09 2.710399999999999962e-02 1.711999999999999980e-03 -3.930000000000000117e-04 2.359999999999999902e-04 2.130000000000000003e-04 2.390000000000000089e-04
1.141877563476560116e+09 2.717999999999999930e-02 1.330000000000000019e-03 -8.700000000000000051e-05 2.469999999999999865e-04 2.300000000000000070e-04 2.100000000000000087e-04
1.145221313476560116e+09 2.664499999999999855e-02 1.690000000000000096e-03 -4.099999999999999912e-04 2.660000000000000146e-04 2.349999999999999930e-04 2.290000000000000098e-04
1.151908813476560116e+09 2.660200000000000065e-02 1.518000000000000035e-03 -7.450000000000000025e-04 2.489999999999999809e-04 2.159999999999999919e-04 2.180000000000000134e-04
1.155252563476560116e+09 2.728999999999999829e-02 7.699999999999999597e-04 -3.879999999999999985e-04 2.139999999999999975e-04 2.110000000000000059e-04 2.169999999999999891e-04
1.158596313476560116e+09 2.690400000000000083e-02 1.054000000000000032e-03 -2.239999999999999966e-04 2.190000000000000106e-04 2.220000000000000022e-04 2.200000000000000078e-04
1.161940063476560116e+09 2.610499999999999973e-02 1.472000000000000001e-03 -1.119999999999999983e-04 2.640000000000000202e-04 2.210000000000000050e-04 2.449999999999999921e-04
1.165283813476560116e+09 2.656700000000000034e-02 1.191000000000000001e-03 -6.480000000000000300e-04 2.290000000000000098e-04 2.420000000000000005e-04 2.359999999999999902e-04
1.168627563476560116e+09 2.717100000000000071e-02 1.407999999999999963e-03 -4.960000000000000216e-04 4.110000000000000155e-04 3.660000000000000059e-04 3.159999999999999832e-04
1.185346313476560116e+09 2.698100000000000151e-02 1.103999999999999947e-03 -7.749999999999999728e-04 3.089999999999999756e-04 2.599999999999999772e-04 2.439999999999999949e-04
1.188690063476560116e+09 2.632400000000000018e-02 1.765999999999999992e-03 -3.449999999999999833e-04 2.640000000000000202e-04 2.290000000000000098e-04 2.480000000000000108e-04
1.195377563476560116e+09 2.670600000000000057e-02 1.149000000000000065e-03 -9.359999999999999831e-04 2.439999999999999949e-04 2.359999999999999902e-04 2.280000000000000126e-04
1.198721313476560116e+09 2.607299999999999895e-02 1.515999999999999986e-03 -5.479999999999999845e-04 2.610000000000000015e-04 2.320000000000000014e-04 2.689999999999999791e-04
1.215440063476560116e+09 2.613599999999999951e-02 1.732999999999999948e-03 -1.820000000000000057e-04 3.029999999999999924e-04 2.559999999999999884e-04 2.709999999999999735e-04
1.222127563476560116e+09 2.578700000000000089e-02 9.799999999999999684e-04 -6.400000000000000524e-04 3.269999999999999795e-04 2.570000000000000127e-04 2.930000000000000204e-04
1.242190063476560116e+09 2.605199999999999877e-02 1.224999999999999960e-03 -2.820000000000000241e-04 2.500000000000000052e-04 2.449999999999999921e-04 2.159999999999999919e-04
1.248877563476560116e+09 2.523399999999999949e-02 1.611000000000000019e-03 -7.759999999999999971e-04 2.629999999999999959e-04 2.579999999999999828e-04 2.550000000000000183e-04
1.252221313476560116e+09 2.594700000000000131e-02 1.106999999999999911e-03 -1.830000000000000029e-04 2.100000000000000087e-04 2.149999999999999947e-04 2.000000000000000096e-04
1.255565063476560116e+09 2.530699999999999963e-02 1.000000000000000021e-03 -7.680000000000000195e-04 2.300000000000000070e-04 2.210000000000000050e-04 2.210000000000000050e-04
1.258908813476560116e+09 2.585099999999999898e-02 1.260999999999999968e-03 -4.000000000000000192e-04 2.439999999999999949e-04 2.030000000000000012e-04 2.180000000000000134e-04
1.285658813476560116e+09 2.527499999999999886e-02 7.519999999999999558e-04 -1.018000000000000025e-03 3.559999999999999797e-04 3.550000000000000096e-04 3.499999999999999964e-04
1.295690063476560116e+09 2.500899999999999998e-02 1.453999999999999997e-03 -8.310000000000000329e-04 2.429999999999999977e-04 2.159999999999999919e-04 2.149999999999999947e-04
1.299033813476560116e+09 2.569799999999999862e-02 1.417999999999999990e-03 -3.719999999999999891e-04 2.220000000000000022e-04 2.100000000000000087e-04 2.100000000000000087e-04
1.302377563476560116e+09 2.555299999999999933e-02 1.451000000000000033e-03 -2.469999999999999865e-04 2.229999999999999994e-04 1.969999999999999909e-04 1.959999999999999937e-04
1.305721313476560116e+09 2.544799999999999840e-02 1.167000000000000069e-03 -7.900000000000000121e-04 2.069999999999999900e-04 1.830000000000000029e-04 1.759999999999999954e-04
1.309065063476560116e+09 2.509899999999999978e-02 1.188000000000000037e-03 -2.059999999999999928e-04 1.679999999999999907e-04 1.800000000000000113e-04 1.969999999999999909e-04
1.312408813476560116e+09 2.549399999999999930e-02 1.436999999999999909e-03 -5.640000000000000482e-04 1.710000000000000094e-04 1.700000000000000122e-04 1.789999999999999870e-04
1.315752563476560116e+09 2.517899999999999999e-02 1.016999999999999892e-03 -1.620000000000000075e-04 1.910000000000000077e-04 1.689999999999999879e-04 1.990000000000000124e-04
1.319096313476560116e+09 2.532500000000000029e-02 1.082000000000000062e-03 -2.020000000000000040e-04 1.820000000000000057e-04 1.700000000000000122e-04 1.810000000000000085e-04
1.322440063476560116e+09 2.514900000000000121e-02 1.229000000000000058e-03 -6.189999999999999756e-04 1.920000000000000049e-04 1.730000000000000038e-04 1.959999999999999937e-04
1.325783813476560116e+09 2.484199999999999950e-02 1.092000000000000089e-03 -3.669999999999999760e-04 1.759999999999999954e-04 1.959999999999999937e-04 1.759999999999999954e-04
1.329127563476560116e+09 2.520299999999999971e-02 1.572000000000000047e-03 -7.410000000000000137e-04 1.800000000000000113e-04 1.969999999999999909e-04 1.779999999999999898e-04
1.332471313476560116e+09 2.506099999999999994e-02 1.229999999999999974e-03 -4.249999999999999763e-04 1.869999999999999917e-04 1.869999999999999917e-04 1.869999999999999917e-04
1.335815063476560116e+09 2.480500000000000066e-02 1.221999999999999996e-03 -5.980000000000000072e-04 1.779999999999999898e-04 1.930000000000000021e-04 1.679999999999999907e-04
1.339158813476560116e+09 2.520899999999999877e-02 1.278999999999999972e-03 -2.149999999999999947e-04 1.900000000000000105e-04 1.879999999999999890e-04 1.769999999999999926e-04
1.342502563476560116e+09 2.489399999999999946e-02 1.211999999999999970e-03 -2.139999999999999975e-04 1.990000000000000124e-04 1.749999999999999982e-04 1.979999999999999881e-04
1.345846313476560116e+09 2.492899999999999977e-02 1.253999999999999906e-03 -4.199999999999999768e-05 1.969999999999999909e-04 1.710000000000000094e-04 1.710000000000000094e-04
1.349190063476560116e+09 2.536000000000000060e-02 1.544000000000000017e-03 -6.019999999999999961e-04 1.890000000000000133e-04 1.759999999999999954e-04 1.769999999999999926e-04
1.352533813476560116e+09 2.461100000000000093e-02 1.263999999999999933e-03 -4.169999999999999987e-04 1.910000000000000077e-04 1.759999999999999954e-04 1.769999999999999926e-04
1.355877563476560116e+09 2.529899999999999857e-02 1.459000000000000010e-03 5.000000000000000409e-06 1.800000000000000113e-04 1.930000000000000021e-04 1.810000000000000085e-04
1.359221313476560116e+09 2.472200000000000092e-02 1.265999999999999981e-03 -2.570000000000000127e-04 1.749999999999999982e-04 1.879999999999999890e-04 1.800000000000000113e-04
1.362565063476560116e+09 2.456099999999999950e-02 1.206000000000000041e-03 -5.150000000000000498e-04 1.869999999999999917e-04 1.930000000000000021e-04 1.859999999999999945e-04
1.365908813476560116e+09 2.492199999999999971e-02 1.451999999999999949e-03 -2.079999999999999872e-04 1.630000000000000047e-04 1.789999999999999870e-04 1.569999999999999944e-04
1.369252563476560116e+09 2.480299999999999866e-02 1.276000000000000007e-03 -1.949999999999999965e-04 1.830000000000000029e-04 1.769999999999999926e-04 1.789999999999999870e-04
1.372596313476560116e+09 2.460499999999999840e-02 1.281999999999999936e-03 -4.600000000000000139e-04 1.600000000000000131e-04 1.710000000000000094e-04 1.700000000000000122e-04
1.379283813476560116e+09 2.478100000000000094e-02 1.657000000000000053e-03 -4.780000000000000178e-04 2.400000000000000061e-04 1.910000000000000077e-04 2.239999999999999966e-04
1.382627563476560116e+09 2.480999999999999872e-02 9.190000000000000035e-04 -1.730000000000000038e-04 2.169999999999999891e-04 2.190000000000000106e-04 2.390000000000000089e-04
1.385971313476560116e+09 2.462500000000000105e-02 1.379000000000000017e-03 -3.609999999999999928e-04 1.810000000000000085e-04 1.789999999999999870e-04 1.990000000000000124e-04
1.389315063476560116e+09 2.443499999999999839e-02 1.170000000000000033e-03 -4.040000000000000080e-04 1.610000000000000103e-04 1.700000000000000122e-04 1.640000000000000019e-04
1.392658813476560116e+09 2.462999999999999912e-02 1.262000000000000101e-03 -1.050000000000000044e-04 1.869999999999999917e-04 1.769999999999999926e-04 2.030000000000000012e-04
1.396002563476560116e+09 2.488800000000000040e-02 8.909999999999999734e-04 -1.200000000000000030e-04 2.010000000000000068e-04 1.749999999999999982e-04 1.720000000000000066e-04
1.399346313476560116e+09 2.458899999999999975e-02 1.168999999999999900e-03 -1.190000000000000058e-04 1.769999999999999926e-04 1.540000000000000028e-04 1.740000000000000010e-04
1.402690063476560116e+09 2.455999999999999850e-02 1.098000000000000018e-03 -1.289999999999999914e-04 1.849999999999999973e-04 1.820000000000000057e-04 1.920000000000000049e-04
1.406033813476560116e+09 2.486599999999999921e-02 1.397999999999999937e-03 -2.300000000000000070e-04 1.679999999999999907e-04 1.879999999999999890e-04 1.769999999999999926e-04
1.409377563476560116e+09 2.470999999999999933e-02 1.587000000000000086e-03 -8.899999999999999491e-05 1.649999999999999991e-04 1.579999999999999916e-04 1.740000000000000010e-04
1.412721313476560116e+09 2.428599999999999856e-02 8.959999999999999866e-04 -3.570000000000000040e-04 1.930000000000000021e-04 1.859999999999999945e-04 1.759999999999999954e-04
1.416065063476560116e+09 2.426000000000000031e-02 1.162999999999999971e-03 -2.519999999999999996e-04 1.749999999999999982e-04 1.810000000000000085e-04 1.759999999999999954e-04
1.422752563476560116e+09 2.439399999999999902e-02 1.649000000000000075e-03 1.800000000000000046e-05 2.519999999999999996e-04 2.480000000000000108e-04 2.519999999999999996e-04
1.426096313476560116e+09 2.440600000000000061e-02 7.799999999999999859e-04 -3.550000000000000096e-04 1.859999999999999945e-04 1.779999999999999898e-04 1.769999999999999926e-04
1.429440063476560116e+09 2.449399999999999841e-02 1.333999999999999899e-03 1.999999999999999909e-06 1.720000000000000066e-04 1.659999999999999963e-04 1.830000000000000029e-04
1.432783813476560116e+09 2.426199999999999884e-02 1.255000000000000039e-03 -2.039999999999999984e-04 1.939999999999999993e-04 1.679999999999999907e-04 1.869999999999999917e-04
1.436127563476560116e+09 2.420299999999999882e-02 9.579999999999999757e-04 -8.799999999999999771e-05 1.779999999999999898e-04 1.810000000000000085e-04 2.069999999999999900e-04
1.439471313476560116e+09 2.430900000000000075e-02 1.276999999999999923e-03 -1.990000000000000124e-04 1.900000000000000105e-04 1.740000000000000010e-04 1.749999999999999982e-04
1.442815063476560116e+09 2.406900000000000012e-02 1.252999999999999991e-03 2.599999999999999772e-04 1.900000000000000105e-04 1.800000000000000113e-04 1.990000000000000124e-04
1.446158813476560116e+09 2.408000000000000071e-02 1.435000000000000078e-03 -3.319999999999999926e-04 1.779999999999999898e-04 1.730000000000000038e-04 1.900000000000000105e-04
1.449502563476560116e+09 2.401199999999999862e-02 1.307999999999999918e-03 -4.369999999999999970e-04 1.789999999999999870e-04 1.949999999999999965e-04 1.939999999999999993e-04
1.452846313476560116e+09 2.438900000000000096e-02 1.203000000000000076e-03 -3.550000000000000096e-04 1.740000000000000010e-04 1.779999999999999898e-04 1.840000000000000001e-04
1.456190063476560116e+09 2.395999999999999866e-02 1.309999999999999967e-03 -7.519999999999999558e-04 1.779999999999999898e-04 1.830000000000000029e-04 1.840000000000000001e-04
1.459533813476560116e+09 2.367100000000000107e-02 1.510000000000000057e-03 -1.949999999999999965e-04 1.759999999999999954e-04 1.969999999999999909e-04 1.979999999999999881e-04
1.462877563476560116e+09 2.389499999999999957e-02 1.337999999999999997e-03 -2.939999999999999905e-04 1.910000000000000077e-04 1.779999999999999898e-04 1.930000000000000021e-04
1.466221313476560116e+09 2.416599999999999998e-02 1.564000000000000069e-03 -5.749999999999999903e-04 1.900000000000000105e-04 1.810000000000000085e-04 1.669999999999999935e-04
1.469565063476560116e+09 2.445999999999999910e-02 9.470000000000000336e-04 -6.669999999999999497e-04 1.810000000000000085e-04 1.859999999999999945e-04 1.890000000000000133e-04
1.472908813476560116e+09 2.395200000000000107e-02 1.312000000000000015e-03 8.500000000000000611e-05 1.959999999999999937e-04 1.830000000000000029e-04 1.890000000000000133e-04
1.476252563476560116e+09 2.421600000000000141e-02 1.100999999999999982e-03 -4.600000000000000004e-05 1.810000000000000085e-04 1.820000000000000057e-04 1.869999999999999917e-04
1.479596313476560116e+09 2.385599999999999873e-02 1.057999999999999913e-03 -4.640000000000000027e-04 1.759999999999999954e-04 1.649999999999999991e-04 1.740000000000000010e-04
1.482940063476560116e+09 2.386299999999999880e-02 1.144000000000000052e-03 -2.750000000000000166e-04 1.910000000000000077e-04 1.659999999999999963e-04 1.930000000000000021e-04
1.486283813476560116e+09 2.417100000000000151e-02 1.111999999999999924e-03 -1.499999999999999869e-04 1.900000000000000105e-04 1.679999999999999907e-04 1.779999999999999898e-04
1.489627563476560116e+09 2.393699999999999994e-02 1.129999999999999928e-03 -1.649999999999999991e-04 1.740000000000000010e-04 1.800000000000000113e-04 1.969999999999999909e-04
1.492971313476560116e+09 2.382499999999999896e-02 1.108999999999999960e-03 -2.829999999999999942e-04 1.920000000000000049e-04 1.740000000000000010e-04 1.849999999999999973e-04
1.496315063476560116e+09 2.398099999999999885e-02 1.129999999999999928e-03 -2.660000000000000146e-04 1.820000000000000057e-04 1.820000000000000057e-04 1.830000000000000029e-04
1.499658813476560116e+09 2.373700000000000115e-02 1.302999999999999905e-03 -3.550000000000000096e-04 1.740000000000000010e-04 1.730000000000000038e-04 1.900000000000000105e-04
1.503002563476560116e+09 2.392800000000000135e-02 1.593000000000000015e-03 -2.480000000000000108e-04 1.749999999999999982e-04 1.969999999999999909e-04 1.700000000000000122e-04
1.506346313476560116e+09 2.357899999999999927e-02 1.286999999999999950e-03 -5.300000000000000078e-05 1.840000000000000001e-04 1.840000000000000001e-04 1.900000000000000105e-04
1.509690063476560116e+09 2.377299999999999899e-02 1.507000000000000093e-03 -3.820000000000000153e-04 1.840000000000000001e-04 1.869999999999999917e-04 1.800000000000000113e-04
1.513033813476560116e+09 2.403100000000000028e-02 1.245000000000000013e-03 -1.550000000000000000e-04 1.840000000000000001e-04 1.869999999999999917e-04 1.830000000000000029e-04
1.516377563476560116e+09 2.424700000000000119e-02 1.268000000000000030e-03 2.699999999999999899e-05 1.890000000000000133e-04 1.779999999999999898e-04 1.890000000000000133e-04
1.523065063476560116e+09 2.397900000000000031e-02 9.920000000000000432e-04 2.910000000000000260e-04 2.700000000000000035e-04 2.999999999999999737e-04 2.739999999999999923e-04
1.549815063476560116e+09 2.343800000000000050e-02 1.268999999999999946e-03 -4.079999999999999968e-04 3.750000000000000078e-04 3.719999999999999891e-04 3.950000000000000061e-04
1.569877563476560116e+09 2.358299999999999980e-02 8.009999999999999542e-04 -9.009999999999999997e-04 3.020000000000000223e-04 2.469999999999999865e-04 2.849999999999999886e-04
1.579908813476560116e+09 2.268699999999999883e-02 9.579999999999999757e-04 -3.310000000000000225e-04 3.220000000000000206e-04 2.990000000000000036e-04 2.739999999999999923e-04
1.583252563476560116e+09 2.340000000000000066e-02 1.113000000000000057e-03 4.699999999999999724e-05 2.770000000000000110e-04 2.460000000000000164e-04 2.530000000000000239e-04
1.586596313476560116e+09 2.379699999999999871e-02 1.368999999999999991e-03 -5.760000000000000146e-04 2.640000000000000202e-04 2.400000000000000061e-04 2.339999999999999958e-04
1.593283813476560116e+09 2.302500000000000033e-02 9.370000000000000074e-04 -1.689999999999999879e-04 2.649999999999999903e-04 2.599999999999999772e-04 2.869999999999999830e-04
1.596627563476560116e+09 2.358700000000000033e-02 1.288999999999999998e-03 -3.490000000000000263e-04 2.169999999999999891e-04 1.990000000000000124e-04 2.069999999999999900e-04
1.606658813476560116e+09 2.346799999999999928e-02 1.046000000000000055e-03 6.799999999999999946e-05 1.969999999999999909e-04 1.789999999999999870e-04 1.879999999999999890e-04
1.610002563476560116e+09 2.339099999999999860e-02 1.451999999999999949e-03 -8.799999999999999771e-05 1.879999999999999890e-04 1.689999999999999879e-04 1.640000000000000019e-04
1.613346313476560116e+09 2.352900000000000130e-02 1.211999999999999970e-03 -4.229999999999999819e-04 1.879999999999999890e-04 1.849999999999999973e-04 1.830000000000000029e-04
1.616690063476560116e+09 2.271600000000000008e-02 1.131000000000000061e-03 -2.290000000000000098e-04 1.890000000000000133e-04 1.800000000000000113e-04 1.930000000000000021e-04
1.630065063476560116e+09 2.349000000000000046e-02 1.095000000000000053e-03 -5.739999999999999660e-04 1.820000000000000057e-04 1.890000000000000133e-04 1.800000000000000113e-04
1.633408813476560116e+09 2.295200000000000018e-02 1.248999999999999893e-03 -1.299999999999999886e-04 1.800000000000000113e-04 1.849999999999999973e-04 1.840000000000000001e-04
1.636752563476560116e+09 2.315299999999999997e-02 1.108999999999999960e-03 -1.060000000000000016e-04 2.069999999999999900e-04 1.689999999999999879e-04 1.779999999999999898e-04
1.640096313476560116e+09 2.290100000000000122e-02 1.319999999999999993e-03 4.800000000000000122e-05 1.769999999999999926e-04 1.779999999999999898e-04 1.789999999999999870e-04
1.643440063476560116e+09 2.291800000000000087e-02 1.283000000000000069e-03 -3.400000000000000244e-04 1.720000000000000066e-04 1.789999999999999870e-04 1.840000000000000001e-04
1.646783813476560116e+09 2.343299999999999897e-02 1.466999999999999988e-03 -2.049999999999999956e-04 1.740000000000000010e-04 1.779999999999999898e-04 1.900000000000000105e-04
