9.044712960000000000e+08 1.680223437500000000e+04
9.078150400000000000e+08 1.426071972656250000e+04
9.111587840000000000e+08 1.420456640625000000e+04
9.145025920000000000e+08 1.606460253906250000e+04
9.178463360000000000e+08 1.420086230468750000e+04
9.211900800000000000e+08 1.548882421875000000e+04
9.245338240000000000e+08 1.470478222656250000e+04
9.278775680000000000e+08 1.587282324218750000e+04
9.312213120000000000e+08 1.370688281250000000e+04
9.512838400000000000e+08 1.504902343750000000e+04
9.546275840000000000e+08 1.253777539062500000e+04
9.613150720000000000e+08 1.276320703125000000e+04
9.646588160000000000e+08 1.535616210937500000e+04
9.680025600000000000e+08 1.621686718750000000e+04
9.713463040000000000e+08 1.738422265625000000e+04
9.746900480000000000e+08 1.921338281250000000e+04
9.780337920000000000e+08 1.548369433593750000e+04
9.813775360000000000e+08 1.709263867187500000e+04
9.847213440000000000e+08 1.541970605468750000e+04
9.880650880000000000e+08 1.574943457031250000e+04
9.914088320000000000e+08 1.630118261718750000e+04
9.947525760000000000e+08 1.542215625000000000e+04
9.980963200000000000e+08 1.831994531250000000e+04
1.001440064000000000e+09 1.380091113281250000e+04
1.004783808000000000e+09 1.536150781250000000e+04
1.008127552000000000e+09 1.467022167968750000e+04
1.011471296000000000e+09 1.691188671875000000e+04
1.014815040000000000e+09 1.385212207031250000e+04
1.018158784000000000e+09 1.352060839843750000e+04
1.021502592000000000e+09 1.731906250000000000e+04
1.024846336000000000e+09 1.598951562500000000e+04
1.028190080000000000e+09 1.443540722656250000e+04
1.031533824000000000e+09 1.351919921875000000e+04
1.034877568000000000e+09 1.474671484375000000e+04
1.038221312000000000e+09 1.666918554687500000e+04
1.041565056000000000e+09 1.462943554687500000e+04
1.044908800000000000e+09 1.463330664062500000e+04
1.048252544000000000e+09 1.575428222656250000e+04
1.051596288000000000e+09 1.330783886718750000e+04
1.054940032000000000e+09 1.591018652343750000e+04
1.058283840000000000e+09 1.966274804687500000e+04
1.061627584000000000e+09 1.911061914062500000e+04
1.064971328000000000e+09 1.545014062500000000e+04
1.068315072000000000e+09 1.454592382812500000e+04
1.071658816000000000e+09 1.595858789062500000e+04
1.075002624000000000e+09 1.686922070312500000e+04
1.078346368000000000e+09 1.598128710937500000e+04
1.081690112000000000e+09 1.522608789062500000e+04
1.085033856000000000e+09 1.756284960937500000e+04
1.095065088000000000e+09 1.493570117187500000e+04
1.098408832000000000e+09 1.577144335937500000e+04
1.101752576000000000e+09 1.237247460937500000e+04
1.105096320000000000e+09 1.426644335937500000e+04
1.108440064000000000e+09 1.258567968750000000e+04
1.111783808000000000e+09 1.312220312500000000e+04
1.115127552000000000e+09 1.854976953125000000e+04
1.118471296000000000e+09 1.608607812500000000e+04
1.121815040000000000e+09 1.753866406250000000e+04
1.125158784000000000e+09 1.604837109375000000e+04
1.131846272000000000e+09 1.536258300781250000e+04
1.135190016000000000e+09 1.388385839843750000e+04
1.138533760000000000e+09 1.439342187500000000e+04
1.141877504000000000e+09 1.513821289062500000e+04
1.145221376000000000e+09 1.356728613281250000e+04
1.151908864000000000e+09 1.540557812500000000e+04
1.155252608000000000e+09 1.578880664062500000e+04
1.158596352000000000e+09 1.475644921875000000e+04
1.161940096000000000e+09 1.323287695312500000e+04
1.165283840000000000e+09 1.253661230468750000e+04
1.168627584000000000e+09 6.138853515625000000e+03
1.185346304000000000e+09 1.106742480468750000e+04
1.188690048000000000e+09 1.231831933593750000e+04
1.195377536000000000e+09 1.294026464843750000e+04
1.198721280000000000e+09 1.106659570312500000e+04
1.215440000000000000e+09 9.857532226562500000e+03
1.222127616000000000e+09 8.999371093750000000e+03
1.242190080000000000e+09 1.260108691406250000e+04
1.248877568000000000e+09 1.012217480468750000e+04
1.252221312000000000e+09 1.542677929687500000e+04
1.255565056000000000e+09 1.356434960937500000e+04
1.258908800000000000e+09 1.491283300781250000e+04
1.285658752000000000e+09 5.213230468750000000e+03
1.295690112000000000e+09 1.384934472656250000e+04
1.299033856000000000e+09 1.455014648437500000e+04
1.302377600000000000e+09 1.657948632812500000e+04
1.305721344000000000e+09 1.982281640625000000e+04
1.309065088000000000e+09 1.793400390625000000e+04
1.312408832000000000e+09 2.087961718750000000e+04
1.315752576000000000e+09 1.873693945312500000e+04
1.319096320000000000e+09 2.054984375000000000e+04
1.322440064000000000e+09 1.855264257812500000e+04
1.325783808000000000e+09 1.821443359375000000e+04
1.329127552000000000e+09 1.788500976562500000e+04
1.332471296000000000e+09 1.794179492187500000e+04
1.335815040000000000e+09 1.921581835937500000e+04
1.339158784000000000e+09 1.875680078125000000e+04
1.342502528000000000e+09 1.792275781250000000e+04
1.345846272000000000e+09 2.127427929687500000e+04
1.349190016000000000e+09 1.992732812500000000e+04
1.352533760000000000e+09 1.988597070312500000e+04
1.355877504000000000e+09 1.767898046875000000e+04
1.359221376000000000e+09 1.822280664062500000e+04
1.362565120000000000e+09 1.714546093750000000e+04
1.365908864000000000e+09 2.177067187500000000e+04
1.369252608000000000e+09 1.935437890625000000e+04
1.372596352000000000e+09 2.105257421875000000e+04
1.379283840000000000e+09 1.415808300781250000e+04
1.382627584000000000e+09 1.160169726562500000e+04
1.385971328000000000e+09 1.699911523437500000e+04
1.389315072000000000e+09 2.173099804687500000e+04
1.392658816000000000e+09 1.675612109375000000e+04
1.396002560000000000e+09 2.005649218750000000e+04
1.399346304000000000e+09 2.240497460937500000e+04
1.402690048000000000e+09 1.720014843750000000e+04
1.406033792000000000e+09 1.802511132812500000e+04
1.409377536000000000e+09 2.174605859375000000e+04
1.412721280000000000e+09 1.825732617187500000e+04
1.416065024000000000e+09 1.873786718750000000e+04
1.422752512000000000e+09 9.517750976562500000e+03
1.426096256000000000e+09 1.884659765625000000e+04
1.429440000000000000e+09 1.946517578125000000e+04
1.432783872000000000e+09 1.877915039062500000e+04
1.436127616000000000e+09 1.569266503906250000e+04
1.439471360000000000e+09 1.936157617187500000e+04
1.442815104000000000e+09 1.638884179687500000e+04
1.446158848000000000e+09 1.783414062500000000e+04
1.449502592000000000e+09 1.550274316406250000e+04
1.452846336000000000e+09 1.787048046875000000e+04
1.456190080000000000e+09 1.735682812500000000e+04
1.459533824000000000e+09 1.495755273437500000e+04
1.462877568000000000e+09 1.692631054687500000e+04
1.466221312000000000e+09 1.920481250000000000e+04
1.469565056000000000e+09 1.651077343750000000e+04
1.472908800000000000e+09 1.674974609375000000e+04
1.476252544000000000e+09 1.699449023437500000e+04
1.479596288000000000e+09 2.010161328125000000e+04
1.482940032000000000e+09 1.789424804687500000e+04
1.486283776000000000e+09 1.923200390625000000e+04
1.489627520000000000e+09 1.617225878906250000e+04
1.492971264000000000e+09 1.780505859375000000e+04
1.496315008000000000e+09 1.719600195312500000e+04
1.499658752000000000e+09 1.735733007812500000e+04
1.503002624000000000e+09 1.695309179687500000e+04
1.506346368000000000e+09 1.629763183593750000e+04
1.509690112000000000e+09 1.689755078125000000e+04
1.513033856000000000e+09 1.659749218750000000e+04
1.516377600000000000e+09 1.684244531250000000e+04
1.523065088000000000e+09 6.862784667968750000e+03
1.549815040000000000e+09 3.794200683593750000e+03
1.569877504000000000e+09 7.810827148437500000e+03
1.579908864000000000e+09 6.700610839843750000e+03
1.583252608000000000e+09 8.821100585937500000e+03
1.586596352000000000e+09 9.760383789062500000e+03
1.593283840000000000e+09 7.305439453125000000e+03
1.596627584000000000e+09 1.323934570312500000e+04
1.606658816000000000e+09 1.612399511718750000e+04
1.610002560000000000e+09 1.955282031250000000e+04
1.613346304000000000e+09 1.598431640625000000e+04
1.616690048000000000e+09 1.553325097656250000e+04
1.630065024000000000e+09 1.576786328125000000e+04
1.633408768000000000e+09 1.574180957031250000e+04
1.636752512000000000e+09 1.777167968750000000e+04
1.640096256000000000e+09 1.676212109375000000e+04
1.643440000000000000e+09 1.618556738281250000e+04
1.646783872000000000e+09 1.572241113281250000e+04
