9.162000000000000000e+08 1.849849899999999892e+01 1.289496999999999893e+00 -6.116800000000000015e-01 1.918500000000000066e-02 1.139000000000000038e-03 1.224999999999999960e-03
9.295000000000000000e+08 1.835518499999999875e+01 1.341706000000000065e+00 -6.003169999999999895e-01 1.452099999999999919e-02 7.829999999999999504e-04 1.092000000000000089e-03
9.429000000000000000e+08 1.817986900000000006e+01 1.385280999999999985e+00 -5.210080000000000267e-01 1.071300000000000030e-02 1.056999999999999997e-03 1.358000000000000049e-03
9.563000000000000000e+08 1.802625300000000053e+01 1.404592000000000063e+00 -4.908750000000000058e-01 6.688999999999999634e-03 4.339999999999999782e-04 7.579999999999999932e-04
9.697000000000000000e+08 1.786246099999999970e+01 1.422776000000000041e+00 -4.359439999999999982e-01 5.298999999999999891e-03 3.490000000000000263e-04 6.539999999999999590e-04
9.830000000000000000e+08 1.771361500000000078e+01 1.436334000000000000e+00 -3.856399999999999828e-01 5.237000000000000335e-03 2.979999999999999793e-04 6.199999999999999999e-04
9.964000000000000000e+08 1.757719399999999865e+01 1.452949999999999964e+00 -3.378109999999999724e-01 4.627000000000000036e-03 3.159999999999999832e-04 6.430000000000000169e-04
1.009800000000000000e+09 1.745912500000000023e+01 1.460890000000000022e+00 -2.866859999999999964e-01 5.004999999999999900e-03 2.689999999999999791e-04 6.030000000000000204e-04
1.023200000000000000e+09 1.733813699999999969e+01 1.474841999999999986e+00 -2.507900000000000129e-01 4.166000000000000432e-03 3.229999999999999907e-04 6.279999999999999775e-04
1.036500000000000000e+09 1.719911199999999951e+01 1.487937000000000065e+00 -2.113480000000000081e-01 3.540999999999999877e-03 2.689999999999999791e-04 6.229999999999999644e-04
1.049900000000000000e+09 1.706093399999999960e+01 1.495401999999999898e+00 -1.799439999999999928e-01 4.070999999999999966e-03 2.159999999999999919e-04 5.980000000000000072e-04
1.063300000000000000e+09 1.694653900000000135e+01 1.497840000000000060e+00 -1.452640000000000042e-01 3.830000000000000071e-03 2.320000000000000014e-04 5.800000000000000034e-04
1.076700000000000000e+09 1.685031100000000137e+01 1.500210999999999961e+00 -1.035940000000000055e-01 3.857999999999999884e-03 2.190000000000000106e-04 5.749999999999999903e-04
1.090000000000000000e+09 1.672350700000000145e+01 1.500386999999999915e+00 -6.278400000000000647e-02 3.418000000000000031e-03 2.570000000000000127e-04 5.919999999999999698e-04
1.103400000000000000e+09 1.660377499999999884e+01 1.505123999999999906e+00 -3.316299999999999804e-02 3.193999999999999791e-03 2.239999999999999966e-04 5.640000000000000482e-04
1.116800000000000000e+09 1.649414799999999914e+01 1.499325000000000019e+00 4.616399999999999670e-02 2.867999999999999890e-03 2.449999999999999921e-04 6.030000000000000204e-04
1.130200000000000000e+09 1.639426200000000122e+01 1.496696999999999944e+00 7.428500000000000381e-02 2.877999999999999916e-03 2.840000000000000185e-04 5.649999999999999641e-04
1.143500000000000000e+09 1.629026400000000052e+01 1.484685000000000032e+00 1.208919999999999995e-01 3.098000000000000059e-03 3.049999999999999868e-04 6.059999999999999849e-04
1.156900000000000000e+09 1.617535600000000073e+01 1.476305999999999896e+00 1.607949999999999935e-01 2.765000000000000097e-03 3.260000000000000094e-04 6.019999999999999961e-04
1.170300000000000000e+09 1.608253500000000003e+01 1.477238999999999969e+00 1.684609999999999996e-01 3.105999999999999820e-03 4.249999999999999763e-04 6.759999999999999516e-04
1.183700000000000000e+09 1.597438000000000002e+01 1.459691000000000072e+00 2.140779999999999905e-01 3.043999999999999831e-03 3.209999999999999963e-04 6.790000000000000245e-04
1.197000000000000000e+09 1.587495900000000049e+01 1.447410000000000085e+00 2.450140000000000096e-01 2.652999999999999976e-03 3.789999999999999966e-04 6.809999999999999647e-04
1.210400000000000000e+09 1.579234600000000022e+01 1.450674000000000019e+00 2.687880000000000269e-01 3.119999999999999944e-03 5.680000000000000370e-04 8.459999999999999638e-04
1.223800000000000000e+09 1.568791799999999981e+01 1.449217999999999895e+00 2.972299999999999942e-01 3.148000000000000190e-03 3.530000000000000152e-04 5.860000000000000408e-04
1.237200000000000000e+09 1.560374400000000072e+01 1.441156000000000104e+00 3.197889999999999899e-01 3.207000000000000215e-03 3.390000000000000001e-04 5.900000000000000296e-04
1.250500000000000000e+09 1.551043499999999931e+01 1.444744000000000028e+00 3.274630000000000041e-01 4.413000000000000256e-03 5.649999999999999641e-04 6.109999999999999980e-04
1.263900000000000000e+09 1.543012799999999984e+01 1.450385999999999953e+00 3.261220000000000230e-01 3.011999999999999920e-03 6.019999999999999961e-04 7.529999999999999801e-04
1.277300000000000000e+09 1.533238599999999963e+01 1.463878000000000013e+00 3.129939999999999944e-01 3.552000000000000036e-03 3.919999999999999873e-04 6.480000000000000300e-04
1.290700000000000000e+09 1.524916499999999964e+01 1.434337999999999891e+00 3.572370000000000267e-01 2.358999999999999986e-03 3.939999999999999817e-04 5.649999999999999641e-04
1.304000000000000000e+09 1.516399200000000036e+01 1.409141999999999895e+00 4.061040000000000205e-01 2.456999999999999983e-03 3.040000000000000167e-04 5.249999999999999676e-04
1.317400000000000000e+09 1.508670700000000053e+01 1.395526000000000044e+00 4.332429999999999892e-01 2.513000000000000043e-03 2.640000000000000202e-04 4.859999999999999954e-04
1.330800000000000000e+09 1.500466800000000056e+01 1.384589000000000070e+00 4.553429999999999978e-01 2.533000000000000095e-03 2.570000000000000127e-04 4.800000000000000122e-04
1.344200000000000000e+09 1.492328200000000038e+01 1.372265999999999986e+00 4.731339999999999990e-01 3.010999999999999788e-03 3.049999999999999868e-04 5.029999999999999749e-04
1.357500000000000000e+09 1.484518300000000046e+01 1.362522999999999929e+00 4.924660000000000148e-01 2.318000000000000182e-03 3.029999999999999924e-04 4.889999999999999599e-04
1.370900000000000000e+09 1.477537200000000084e+01 1.351250999999999980e+00 5.086739999999999595e-01 2.556999999999999811e-03 2.869999999999999830e-04 4.929999999999999487e-04
1.384300000000000000e+09 1.469533799999999957e+01 1.341286999999999896e+00 5.256819999999999826e-01 2.334999999999999836e-03 2.939999999999999905e-04 5.069999999999999637e-04
1.397700000000000000e+09 1.461703600000000058e+01 1.331072999999999951e+00 5.429859999999999687e-01 2.096999999999999906e-03 3.040000000000000167e-04 5.119999999999999768e-04
1.411000000000000000e+09 1.454600100000000040e+01 1.317185000000000050e+00 5.593139999999999779e-01 2.217999999999999920e-03 3.170000000000000075e-04 4.609999999999999840e-04
1.424400000000000000e+09 1.447261100000000056e+01 1.305215999999999932e+00 5.725360000000000449e-01 2.370000000000000145e-03 3.359999999999999814e-04 5.069999999999999637e-04
1.437800000000000000e+09 1.440426199999999923e+01 1.296380000000000088e+00 5.823540000000000383e-01 2.426999999999999904e-03 3.020000000000000223e-04 4.960000000000000216e-04
1.451200000000000000e+09 1.432728999999999964e+01 1.285663000000000000e+00 5.912699999999999623e-01 2.373000000000000109e-03 3.370000000000000057e-04 4.420000000000000101e-04
1.464500000000000000e+09 1.425943799999999939e+01 1.277706000000000008e+00 6.009870000000000489e-01 2.801000000000000104e-03 3.299999999999999982e-04 4.530000000000000064e-04
1.477900000000000000e+09 1.419413899999999984e+01 1.266999999999999904e+00 6.118710000000000537e-01 2.409999999999999816e-03 2.990000000000000036e-04 4.459999999999999989e-04
1.491300000000000000e+09 1.412409399999999948e+01 1.255606999999999918e+00 6.227409999999999890e-01 2.268000000000000051e-03 3.420000000000000188e-04 4.629999999999999784e-04
1.504700000000000000e+09 1.405665699999999951e+01 1.242714000000000096e+00 6.364220000000000432e-01 2.533999999999999794e-03 3.649999999999999816e-04 4.800000000000000122e-04
1.518000000000000000e+09 1.399377400000000016e+01 1.233537000000000106e+00 6.470000000000000195e-01 2.526000000000000034e-03 3.240000000000000150e-04 4.719999999999999803e-04
1.531400000000000000e+09 1.393694799999999923e+01 1.221027000000000085e+00 6.545840000000000547e-01 3.939999999999999926e-03 5.519999999999999733e-04 6.819999999999999890e-04
1.544800000000000000e+09 1.387105799999999967e+01 1.205060999999999938e+00 6.761399999999999633e-01 3.445999999999999844e-03 4.789999999999999879e-04 6.290000000000000018e-04
1.558200000000000000e+09 1.379800799999999938e+01 1.185700999999999894e+00 6.910079999999999556e-01 2.566000000000000138e-03 4.000000000000000192e-04 4.719999999999999803e-04
1.571500000000000000e+09 1.372934300000000007e+01 1.182623999999999898e+00 7.043000000000000371e-01 3.435999999999999818e-03 5.000000000000000104e-04 5.810000000000000277e-04
1.584900000000000000e+09 1.366074099999999980e+01 1.173305999999999960e+00 7.149590000000000112e-01 2.994000000000000133e-03 4.699999999999999859e-04 5.400000000000000069e-04
1.598300000000000000e+09 1.359332599999999935e+01 1.163310999999999984e+00 7.142960000000000420e-01 4.970999999999999724e-03 4.850000000000000253e-04 7.110000000000000434e-04
1.611700000000000000e+09 1.353224200000000010e+01 1.167083000000000093e+00 7.063030000000000141e-01 3.889000000000000096e-03 4.449999999999999746e-04 4.949999999999999973e-04
1.625000000000000000e+09 1.347337600000000002e+01 1.152443000000000106e+00 7.148039999999999949e-01 3.067999999999999981e-03 4.690000000000000158e-04 5.330000000000000536e-04
1.638400000000000000e+09 1.341005200000000031e+01 1.148344999999999949e+00 7.180400000000000116e-01 3.044999999999999964e-03 3.899999999999999929e-04 4.690000000000000158e-04
1.651800000000000000e+09 1.334402900000000081e+01 1.143111999999999906e+00 7.189919999999999645e-01 3.638999999999999874e-03 4.879999999999999898e-04 4.600000000000000139e-04
