9.027994384765620232e+08 1.879912399999999906e+01 1.462468000000000101e+00 -4.069110000000000227e-01 2.445699999999999957e-02 1.962000000000000202e-03 2.298000000000000129e-03
9.295494384765620232e+08 1.849550599999999889e+01 1.488631999999999955e+00 -3.296000000000000041e-01 2.613000000000000045e-02 1.889999999999999970e-03 1.907000000000000058e-03
9.429244384765620232e+08 1.839451000000000036e+01 1.535652000000000017e+00 -2.673510000000000053e-01 1.489599999999999952e-02 1.309000000000000051e-03 2.298999999999999828e-03
9.562994384765620232e+08 1.823866500000000102e+01 1.496237000000000039e+00 -2.237709999999999977e-01 1.086100000000000086e-02 9.319999999999999942e-04 1.111999999999999924e-03
9.696744384765620232e+08 1.810823200000000099e+01 1.513916000000000039e+00 -1.799540000000000028e-01 9.412999999999999493e-03 6.489999999999999459e-04 9.529999999999999626e-04
9.830494384765620232e+08 1.800007400000000146e+01 1.530483000000000038e+00 -1.330010000000000081e-01 7.237999999999999642e-03 6.099999999999999737e-04 8.450000000000000479e-04
9.964244384765620232e+08 1.786868300000000076e+01 1.546017999999999892e+00 -9.289600000000000635e-02 5.224000000000000345e-03 4.470000000000000232e-04 6.509999999999999945e-04
1.009799438476559997e+09 1.777330600000000160e+01 1.545206999999999997e+00 -5.075400000000000050e-02 4.200999999999999873e-03 3.970000000000000005e-04 6.260000000000000373e-04
1.023174438476559997e+09 1.765348799999999940e+01 1.556610999999999967e+00 -1.712299999999999933e-02 4.219999999999999793e-03 3.759999999999999779e-04 5.869999999999999567e-04
1.036549438476559997e+09 1.753367400000000131e+01 1.554014000000000006e+00 3.311299999999999660e-02 3.624000000000000051e-03 3.240000000000000150e-04 5.800000000000000034e-04
1.049924438476559997e+09 1.742086199999999963e+01 1.551188000000000011e+00 7.070899999999999408e-02 3.168999999999999942e-03 2.359999999999999902e-04 5.609999999999999752e-04
1.063299438476559997e+09 1.732099300000000142e+01 1.546885000000000066e+00 1.052509999999999973e-01 2.946999999999999967e-03 2.420000000000000005e-04 5.199999999999999544e-04
1.076674438476560116e+09 1.721298399999999873e+01 1.540438999999999892e+00 1.377690000000000026e-01 3.078000000000000007e-03 2.910000000000000260e-04 5.360000000000000181e-04
1.090049438476560116e+09 1.711356400000000022e+01 1.521803999999999935e+00 1.783740000000000048e-01 3.321999999999999866e-03 4.650000000000000270e-04 6.220000000000000485e-04
1.103424438476560116e+09 1.700920500000000146e+01 1.526813999999999893e+00 2.184790000000000065e-01 2.814000000000000095e-03 2.840000000000000185e-04 5.320000000000000293e-04
1.116799438476560116e+09 1.691165200000000013e+01 1.519478000000000106e+00 2.460759999999999892e-01 2.847999999999999837e-03 2.269999999999999882e-04 5.109999999999999525e-04
1.130174438476560116e+09 1.681406000000000134e+01 1.507929999999999993e+00 2.758630000000000249e-01 2.873999999999999819e-03 2.579999999999999828e-04 5.130000000000000011e-04
1.143549438476560116e+09 1.672342300000000037e+01 1.499354999999999993e+00 3.075740000000000141e-01 2.654000000000000109e-03 2.629999999999999959e-04 5.230000000000000274e-04
1.156924438476560116e+09 1.662890099999999904e+01 1.490080000000000071e+00 3.391509999999999803e-01 2.890000000000000208e-03 2.480000000000000108e-04 4.899999999999999842e-04
1.170299438476560116e+09 1.653960599999999914e+01 1.479135000000000089e+00 3.626570000000000071e-01 3.242000000000000090e-03 3.869999999999999742e-04 5.349999999999999938e-04
1.183674438476560116e+09 1.644818100000000172e+01 1.469711999999999907e+00 3.953039999999999887e-01 2.768000000000000061e-03 3.660000000000000059e-04 5.289999999999999564e-04
1.197049438476560116e+09 1.635670899999999861e+01 1.471444999999999892e+00 4.145320000000000116e-01 2.367000000000000180e-03 3.209999999999999963e-04 5.150000000000000498e-04
1.210424438476560116e+09 1.626618600000000114e+01 1.485629000000000088e+00 4.169760000000000133e-01 5.052000000000000067e-03 1.062000000000000010e-03 1.141000000000000087e-03
1.223799438476560116e+09 1.619348700000000107e+01 1.463252999999999915e+00 4.485259999999999803e-01 6.590999999999999637e-03 1.155999999999999910e-03 1.297999999999999892e-03
1.237174438476560116e+09 1.610004800000000103e+01 1.449136999999999897e+00 4.895820000000000172e-01 5.607000000000000005e-03 9.229999999999999923e-04 1.201000000000000028e-03
1.250549438476560116e+09 1.601336900000000085e+01 1.413321999999999967e+00 5.168570000000000109e-01 2.206000000000000062e-03 4.070000000000000267e-04 4.920000000000000328e-04
1.263924438476560116e+09 1.593306100000000036e+01 1.400465999999999989e+00 5.263980000000000325e-01 2.830000000000000050e-03 6.089999999999999494e-04 5.900000000000000296e-04
1.277299438476560116e+09 1.585106399999999915e+01 1.382897999999999961e+00 5.493460000000000010e-01 2.213999999999999822e-03 4.609999999999999840e-04 4.989999999999999861e-04
1.290674438476560116e+09 1.577375400000000027e+01 1.373471000000000108e+00 5.674280000000000435e-01 1.889999999999999970e-03 2.770000000000000110e-04 4.530000000000000064e-04
1.304049438476560116e+09 1.568713799999999914e+01 1.366367000000000109e+00 5.870520000000000183e-01 1.807000000000000012e-03 2.610000000000000015e-04 4.189999999999999931e-04
1.317424438476560116e+09 1.560794100000000029e+01 1.357366999999999990e+00 6.062499999999999556e-01 1.850000000000000082e-03 2.590000000000000071e-04 4.260000000000000006e-04
1.330799438476560116e+09 1.552958399999999983e+01 1.350487999999999911e+00 6.212879999999999514e-01 1.719999999999999958e-03 2.559999999999999884e-04 4.249999999999999763e-04
1.344174438476560116e+09 1.545118800000000014e+01 1.339935000000000098e+00 6.382179999999999520e-01 1.614999999999999899e-03 2.799999999999999755e-04 4.319999999999999838e-04
1.357549438476560116e+09 1.537282199999999932e+01 1.333576000000000095e+00 6.556410000000000293e-01 1.683999999999999950e-03 2.730000000000000222e-04 4.389999999999999914e-04
1.370924438476560116e+09 1.529226000000000063e+01 1.322011000000000047e+00 6.669439999999999813e-01 1.673000000000000008e-03 2.799999999999999755e-04 4.009999999999999893e-04
1.384299438476560116e+09 1.521502000000000088e+01 1.309085999999999972e+00 6.782909999999999773e-01 1.649000000000000075e-03 2.709999999999999735e-04 4.119999999999999856e-04
1.397674438476560116e+09 1.513667799999999986e+01 1.295463000000000031e+00 6.868659999999999766e-01 1.673999999999999924e-03 2.790000000000000054e-04 4.279999999999999950e-04
1.411049438476560116e+09 1.505917400000000050e+01 1.283662999999999998e+00 6.956620000000000026e-01 1.592000000000000099e-03 3.009999999999999980e-04 3.959999999999999762e-04
1.424424438476560116e+09 1.498762800000000084e+01 1.270361000000000073e+00 7.060920000000000529e-01 1.567000000000000033e-03 3.009999999999999980e-04 4.249999999999999763e-04
1.437799438476560116e+09 1.490307999999999922e+01 1.261833999999999900e+00 7.139680000000000470e-01 1.626999999999999974e-03 2.880000000000000073e-04 3.899999999999999929e-04
1.451174438476560116e+09 1.482617399999999996e+01 1.253012999999999932e+00 7.239849999999999897e-01 1.605000000000000090e-03 2.930000000000000204e-04 3.849999999999999798e-04
1.464549438476560116e+09 1.474694900000000075e+01 1.241114000000000051e+00 7.358700000000000241e-01 1.596999999999999895e-03 3.020000000000000223e-04 4.040000000000000080e-04
1.477924438476560116e+09 1.466752600000000051e+01 1.232766999999999946e+00 7.483400000000000052e-01 1.619999999999999912e-03 3.080000000000000055e-04 3.959999999999999762e-04
1.491299438476560116e+09 1.458793200000000034e+01 1.224026999999999976e+00 7.560299999999999798e-01 1.600999999999999993e-03 3.049999999999999868e-04 3.980000000000000248e-04
1.504674438476560116e+09 1.450866000000000078e+01 1.213424000000000058e+00 7.632999999999999785e-01 1.559999999999999972e-03 3.170000000000000075e-04 3.939999999999999817e-04
1.518049438476560116e+09 1.442839999999999989e+01 1.207398999999999889e+00 7.716920000000000446e-01 1.567000000000000033e-03 3.119999999999999944e-04 4.180000000000000230e-04
1.531424438476560116e+09 1.434514099999999992e+01 1.198725000000000041e+00 7.742890000000000050e-01 2.772999999999999857e-03 5.599999999999999509e-04 5.379999999999999583e-04
1.544799438476560116e+09 1.426763500000000029e+01 1.188131000000000048e+00 7.770000000000000240e-01 3.246999999999999886e-03 5.379999999999999583e-04 5.209999999999999788e-04
1.558174438476560116e+09 1.418443899999999935e+01 1.186700000000000088e+00 7.914600000000000524e-01 3.944999999999999722e-03 4.699999999999999859e-04 5.109999999999999525e-04
1.571549438476560116e+09 1.410926199999999930e+01 1.179623000000000088e+00 7.975870000000000459e-01 2.335999999999999969e-03 5.959999999999999586e-04 6.300000000000000261e-04
1.584924438476560116e+09 1.401994700000000016e+01 1.173348000000000058e+00 7.971580000000000332e-01 3.624000000000000051e-03 5.770000000000000389e-04 6.260000000000000373e-04
1.598299438476560116e+09 1.392955199999999927e+01 1.161764999999999937e+00 7.999779999999999669e-01 2.589999999999999854e-03 4.200000000000000174e-04 4.710000000000000102e-04
1.611674438476560116e+09 1.383900399999999919e+01 1.152908999999999962e+00 8.054050000000000376e-01 1.923000000000000013e-03 3.519999999999999908e-04 4.020000000000000136e-04
1.625049438476560116e+09 1.375514599999999987e+01 1.136705999999999994e+00 8.078480000000000105e-01 2.399000000000000091e-03 4.539999999999999765e-04 4.920000000000000328e-04
1.638424438476560116e+09 1.365999599999999958e+01 1.129990000000000050e+00 8.127769999999999717e-01 1.760000000000000063e-03 3.860000000000000041e-04 4.130000000000000099e-04
1.651799438476560116e+09 1.357679800000000014e+01 1.118092000000000086e+00 8.142789999999999750e-01 1.704999999999999918e-03 3.589999999999999984e-04 4.049999999999999781e-04
