60157.019167 60157.989919 0.056008 0.009165
60158.051343 60158.957546 0.016262 0.008704
60159.019016 60159.989606 0.007574 0.008102
60160.115706 60160.957187 0.014968 0.009193
60161.083345 60161.924583 0.011461 0.009463
60162.115567 60162.956053 0.001822 0.009311
60163.147558 60163.601852 0.004403 0.014263
60165.405706 60165.859792 0.041321 0.017031
60166.115150 60166.827523 0.023519 0.013807
60167.084988 60167.601748 -0.001025 0.013288
60168.117766 60168.698634 0.038208 0.015268
60169.083530 60169.537755 0.011657 0.015161
60170.051632 60170.684769 0.031654 0.014101
60171.019757 60171.653009 0.026751 0.014523
60172.037650 60172.685810 0.003690 0.014140
60173.070012 60173.976921 0.048140 0.017494
60174.038275 60174.945301 0.029543 0.014920
60175.006539 60175.978125 0.050990 0.015000
60176.039410 60176.946620 0.040149 0.014873
60177.007882 60177.269167 0.038910 0.026305
60179.331655 60179.980764 0.108478 0.019646
60180.041794 60180.949074 1.051550 0.043577
60181.010197 60181.981829 7.567219 0.106530
60182.042928 60182.949931 13.539784 0.153908
60183.011123 60183.982454 16.569499 0.162996
60184.043646 60184.950440 18.073352 0.183912
60185.011632 60185.982870 18.647391 0.194392
60186.044201 60186.950671 17.814922 0.199080
60187.012049 60187.982894 17.361888 0.240009
60188.044387 60188.949907 17.201172 0.291587
60192.059873 60192.190995 16.291825 0.309184
60193.026794 60193.287569 17.261840 0.245226
60194.058762 60194.319491 16.226788 0.236221
60196.510231 60196.577361 13.126771 0.339349
60197.026319 60197.997245 15.784736 0.121980
60198.058958 60198.965394 16.417900 0.121539
60199.027072 60199.997940 17.491373 0.117980
60200.059572 60200.966100 17.118655 0.119768
60201.027604 60201.998715 14.172274 0.098897
60202.060104 60202.970208 14.728517 0.118014
60203.031516 60203.999225 15.636762 0.111277
60204.060521 60204.967373 16.217737 0.104121
60205.028380 60205.160949 20.425410 0.298837
60206.835174 60206.968148 20.128086 0.281444
60207.028831 60208.000903 18.509108 0.119319
60208.061285 60208.969190 16.928018 0.111501
60209.029294 60210.002222 12.806425 0.091781
60210.061771 60210.970718 12.554121 0.091782
60211.029850 60211.680903 13.151222 0.159999
60213.729549 60213.863750 20.451973 0.312345
60214.257650 60214.457199 10.999698 0.180096
60216.442049 60216.966319 20.627222 0.203598
60217.023414 60218.000255 21.818447 0.144589
60218.057512 60218.969282 18.609643 0.135760
60219.027002 60220.002523 18.849142 0.155508
60220.060799 60220.969468 18.226583 0.170990
60221.030174 60221.550486 18.452293 0.196492
60222.063137 60222.856852 16.337718 0.125588
60223.239410 60223.889630 15.633995 0.127054
60224.144387 60224.922014 15.445404 0.123066
60225.112188 60225.954329 14.504345 0.113200
60227.628299 60227.954329 12.518829 0.149340
60228.015405 60228.986505 12.240460 0.082119
60229.047743 60229.954097 10.305737 0.078739
60230.015405 60230.986157 11.217817 0.080524
60231.047535 60231.953657 11.824561 0.086627
60232.015162 60232.985613 11.957005 0.088209
60233.047222 60233.953067 11.029796 0.089155
60234.014734 60234.985023 10.738105 0.089780
60235.046678 60235.952454 10.172455 0.096085
60236.014144 60236.339514 10.188371 0.153426
60238.079132 60238.985463 9.555870 0.119275
60239.047164 60239.953472 9.386571 0.118473
60240.015150 60240.986042 9.092129 0.112589
60241.047650 60241.954028 8.582666 0.119586
60242.065544 60242.986620 8.462194 0.132591
60243.032928 60243.954792 7.385850 0.106122
60244.000961 60244.986736 6.965094 0.096234
60245.033484 60245.940116 6.900573 0.113704
60246.001493 60246.972708 6.698227 0.103202
60247.034016 60247.940833 6.568898 0.102767
60248.002303 60248.973495 6.355392 0.091810
60249.034641 60249.941620 6.461958 0.096380
60250.002697 60250.974236 6.050305 0.090520
60251.035405 60251.942361 5.900369 0.092667
60252.003391 60252.974977 5.909304 0.092515
60253.035984 60253.942940 5.374096 0.094989
60254.004086 60254.975486 5.537954 0.096192
60255.036539 60255.943356 5.110110 0.096042
60256.004525 60256.975741 5.188398 0.092441
60257.036933 60257.943426 5.080249 0.098677
60258.004734 60258.910903 4.403731 0.101035
60259.619039 60259.815301 3.830720 0.140604
60260.587396 60260.783588 3.781413 0.139597
60263.895174 60263.962199 4.414908 0.200945
60264.024248 60264.994653 4.365235 0.140563
60265.056887 60265.962755 4.118770 0.135933
60266.024410 60266.995208 4.075604 0.120608
60267.056933 60267.317894 3.982418 0.119224
60269.186366 60269.963519 3.267831 0.072307
60270.025197 60270.995914 3.275184 0.055800
60271.057558 60271.963738 3.218669 0.052824
60272.025509 60272.996053 3.211680 0.050909
60273.057905 60273.963773 3.067132 0.051223
60274.025613 60274.996019 2.993864 0.044244
60275.058032 60275.963843 2.770959 0.043706
60276.025856 60276.996100 2.649872 0.040946
60277.058021 60277.899109 2.624005 0.047235
60279.509178 60279.963565 2.499914 0.066276
60280.025382 60280.996019 2.542630 0.043280
60281.057558 60281.964282 2.324767 0.044961
60282.025498 60282.996736 2.320981 0.039517
60283.057789 60283.965023 2.202787 0.038994
60284.025729 60284.997870 2.246908 0.040101
60285.058252 60285.836019 2.130514 0.051441
60297.002581 60297.973519 2.460342 0.049029
60298.034965 60298.683125 2.586627 0.055403
60300.356875 60300.940417 2.298669 0.047683
60301.001852 60301.972824 2.330453 0.036660
60302.034421 60302.940880 2.139209 0.036842
60303.002454 60303.973287 2.099380 0.035907
60304.034815 60304.941053 2.053637 0.037250
60305.002674 60305.973461 2.275529 0.039346
60306.035104 60306.941134 2.152879 0.040498
60307.002836 60307.973426 2.062459 0.040586
60308.035093 60308.941134 1.946930 0.043002
60309.002812 60309.070162 1.827915 0.133956
60310.809225 60310.941088 1.919132 0.109321
60311.002743 60311.973310 1.857841 0.051756
60312.034988 60312.941019 1.814189 0.053106
60313.002720 60313.973287 1.647955 0.048826
60314.034896 60314.941042 1.486787 0.047858
60315.002627 60315.958009 1.321810 0.045854
60316.020058 60316.990278 1.226997 0.041790
60317.051701 60317.958102 1.137771 0.042153
60318.019502 60318.990417 1.055348 0.044622
60319.051725 60319.958241 1.083065 0.045585
60320.019502 60320.990625 1.110459 0.042186
60321.051817 60321.958681 1.020062 0.039942
60322.019850 60322.991690 0.974169 0.038328
60323.052928 60323.960231 1.010947 0.040138
60324.021354 60324.993264 1.006950 0.038742
60325.054387 60325.961736 0.885349 0.039372
60326.022882 60326.994676 0.940230 0.040110
60328.024155 60328.995903 0.891116 0.040227
60329.057072 60329.964028 0.796773 0.041028
60330.025544 60330.545185 0.714120 0.058677
60331.381007 60331.642384 0.677370 0.057254
60333.381632 60333.577685 0.614886 0.060535
60336.688252 60336.819676 0.741033 0.070432
60337.655845 60337.852315 0.567990 0.055715
60338.623993 60338.884931 0.563215 0.048421
60339.656493 60339.981968 0.525044 0.042650
60340.044363 60340.046551 0.459832 0.096122
60341.785995 60341.917894 0.474385 0.059254
60342.044109 60342.950370 0.501277 0.025264
60343.012037 60343.982766 0.565728 0.023613
60344.044410 60344.950660 0.528912 0.022320
60345.012292 60345.983090 0.518527 0.021033
60346.044595 60346.950914 0.463976 0.020556
60347.012396 60347.983160 0.446445 0.018787
60348.044444 60348.950984 0.428065 0.018720
60349.012257 60349.983437 0.400982 0.017702
60350.044479 60350.499549 0.361883 0.027669
60352.173438 60352.951667 0.278441 0.020609
60353.012118 60353.983958 0.314582 0.017062
60354.044178 60354.177708 0.336671 0.039728
60357.141215 60357.276505 0.223577 0.030723
60359.723252 60359.858264 0.146953 0.029367
60361.324595 60361.978380 0.365990 0.025787
60362.035266 60362.947500 0.235636 0.021657
60363.004525 60363.980926 0.254297 0.020144
60364.038067 60364.949884 0.230608 0.022692
60365.007951 60365.982778 0.247944 0.024280
60366.041817 60366.965810 0.254923 0.024327
60367.010891 60367.998912 0.232686 0.023207
60368.059086 60368.967199 0.238652 0.019628
60369.027141 60369.999931 0.219063 0.017099
60370.060266 60370.968079 0.196067 0.016724
60371.028692 60371.419861 0.195090 0.022724
60373.094236 60374.001111 0.204850 0.013924
60374.062245 60374.969086 0.149330 0.012437
60375.030417 60376.001470 0.119658 0.011317
60376.062940 60376.969340 0.150211 0.012935
60377.030810 60377.937130 0.111673 0.011801
60377.998727 60378.969444 0.127428 0.012753
60379.031157 60379.937211 0.109422 0.012666
60379.998924 60380.969630 0.123707 0.013690
60381.095926 60381.743843 0.177596 0.021491
60383.482951 60383.937662 0.160919 0.024150
60383.999410 60384.970579 0.146026 0.019333
60385.032234 60385.938912 0.210180 0.021803
60386.000567 60386.971528 0.219393 0.020909
60387.485359 60387.989699 0.206503 0.022123
60388.051887 60388.957894 0.136208 0.019886
60389.019479 60389.990972 0.254013 0.026507
60390.052442 60390.926667 0.244502 0.033638
60391.408229 60391.992315 0.277728 0.028329
60392.053715 60392.960579 0.252691 0.022757
60393.021910 60393.993588 0.287360 0.022982
60394.054850 60394.413067 0.183836 0.039444
60395.216447 60395.994398 0.284702 0.025518
60396.055475 60396.187940 0.250023 0.053572
60397.153044 60397.995694 0.242399 0.023712
60398.056771 60398.963981 0.289353 0.024617
60399.025012 60399.996759 0.270427 0.024326
60400.186956 60400.964931 0.238856 0.024130
60401.219780 60401.933125 0.260110 0.025798
60402.187905 60402.900486 0.235063 0.024603
60403.220567 60403.803843 0.247236 0.027513
60404.188715 60404.707199 0.312808 0.033064
60405.156678 60405.417731 0.182248 0.035791
60406.189410 60406.321088 0.191870 0.045205
60409.431400 60409.627014 0.161887 0.034687
60410.462882 60410.659120 0.152044 0.032550
60411.430498 60411.691273 0.085152 0.025654
60412.462373 60412.722986 0.069315 0.022742
60414.461910 60414.980718 0.141767 0.017999
60415.429317 60415.948148 0.146391 0.016541
60416.009826 60416.979988 0.158461 0.014757
60417.041829 60417.947338 0.137275 0.013577
60418.008912 60418.979190 0.121143 0.012148
60419.041516 60419.946528 0.105242 0.012298
60420.007928 60420.978299 0.115770 0.011359
60421.039618 60421.945451 0.086487 0.010773
60422.006725 60422.977141 0.107565 0.011069
60423.038345 60423.106285 0.132444 0.037999
60424.908044 60424.976389 0.099000 0.033127
60425.037326 60425.943634 0.036386 0.010590
60426.004132 60426.975787 0.037521 0.009891
60427.035775 60427.943495 -0.000868 0.008844
60428.003137 60428.975787 -0.007303 0.008438
60429.035150 60429.492245 -0.007710 0.011314
60432.119132 60432.589398 0.002372 0.010959
60433.150706 60433.351991 0.006830 0.016812
60436.250660 60436.967523 -0.006009 0.014501
60437.090313 60438.000370 -0.011797 0.014085
60438.316771 60438.967500 -0.024603 0.016396
60439.349711 60439.934051 -0.061007 0.016668
60440.446400 60440.579074 -0.020511 0.033360
60442.652650 60442.979329 0.030575 0.016993
60443.039711 60443.947176 0.057233 0.011654
60444.007812 60444.075926 0.065351 0.031619
60445.684225 60445.945451 0.027286 0.016767
60446.006551 60446.976632 0.011507 0.007810
60447.037998 60447.943426 0.013834 0.008034
60448.004757 60448.974537 0.007078 0.007988
60449.035972 60449.941169 0.001986 0.008093
60450.002824 60450.972269 0.006292 0.008444
60451.033924 60451.938843 0.022820 0.009569
60452.000486 60452.969873 0.000758 0.009339
60453.031493 60454.000833 0.011165 0.009457
60454.323414 60454.390556 0.044730 0.035312
60456.319271 60456.966898 0.082731 0.016361
60457.028623 60457.998819 0.072118 0.014843
60458.253970 60458.965764 0.073692 0.015396
60459.027488 60459.868657 0.101150 0.017282
60460.252836 60460.835301 0.092802 0.018093
60461.220382 60461.852917 0.105664 0.018479
60462.593275 60462.724826 -0.056613 0.023644
60463.333414 60463.916991 0.027585 0.016060
60464.301424 60464.948912 0.052215 0.017115
60465.268322 60465.980856 0.042467 0.016259
60466.107211 60466.948333 0.094014 0.018104
60467.009988 60467.980648 0.051860 0.015309
60468.041748 60468.948194 0.088350 0.015923
60469.654792 60469.657697 0.022825 0.030424
60470.041377 60470.947130 0.076721 0.016276
60471.009248 60471.979514 0.109598 0.016865
60472.041632 60472.819190 0.119095 0.018809
60473.009340 60473.786991 0.103301 0.018254
60474.041655 60474.753981 0.120707 0.019907
60475.009363 60475.980370 0.167953 0.021403
60476.041655 60476.496227 0.065144 0.021840
60477.009780 60477.271227 0.102042 0.027197
60478.042627 60478.238912 0.079392 0.030285
60479.075498 60479.142616 0.102902 0.043451
60482.253738 60482.384977 0.051322 0.027666
60483.221238 60483.481921 0.054326 0.022066
60484.253438 60484.514097 0.011568 0.020811
60485.221285 60485.353102 0.020364 0.026940
60487.221285 60487.804734 0.050845 0.013230
60488.188970 60488.836956 0.032447 0.011669
60489.221204 60489.739988 0.064580 0.013211
60490.188958 60490.772176 0.049688 0.011433
60491.156620 60491.869132 0.050058 0.009789
60492.124502 60492.901701 0.040126 0.009520
60493.156713 60493.869583 0.049901 0.009586
60494.124468 60494.902049 0.026034 0.008577
