# # SwiftJ1727 QU data converted from WAPITI text output
# # Date (ISO): 2023-10-06T14:21:53.352
# # Columns: freq(Hz) I(Jy) Q(Jy) U(Jy) V(Jy) dI(Jy) dQ(Jy) dU(Jy) dV(Jy)
# 
902000000.000000 0.225876 -0.000192 -0.002210 -0.000547 0.000602 0.000460 0.000531 0.000482
903600000.000000 0.223213 0.000355 -0.003022 -0.000077 0.000478 0.000340 0.000347 0.000357
905300000.000000 0.224113 -0.000170 -0.001919 0.000199 0.000461 0.000337 0.000337 0.000301
907000000.000000 0.223752 0.000107 -0.002117 -0.000477 0.000432 0.000359 0.000375 0.000333
908700000.000000 0.223263 -0.000311 -0.001660 0.000133 0.000393 0.000382 0.000334 0.000360
910300000.000000 0.223744 0.000126 -0.001965 -0.000135 0.000444 0.000373 0.000351 0.000369
912000000.000000 0.224903 -0.000258 -0.002467 0.000376 0.000386 0.000351 0.000332 0.000327
913700000.000000 0.223679 -0.000088 -0.002770 -0.000208 0.000438 0.000407 0.000376 0.000336
915300000.000000 0.224036 -0.000083 -0.002154 0.000169 0.000384 0.000297 0.000325 0.000350
917000000.000000 0.223055 0.000404 -0.002703 0.000247 0.000385 0.000348 0.000316 0.000354
918700000.000000 0.222651 0.000040 -0.003006 -0.000068 0.000419 0.000351 0.000333 0.000324
920400000.000000 0.222026 0.000054 -0.002285 0.000087 0.000414 0.000382 0.000356 0.000343
922000000.000000 0.222084 0.000244 -0.002078 -0.000007 0.000416 0.000371 0.000321 0.000360
923700000.000000 0.222060 0.000167 -0.001871 -0.000617 0.000408 0.000365 0.000355 0.000310
925400000.000000 0.221795 0.000648 -0.002380 0.000244 0.000391 0.000357 0.000347 0.000361
927000000.000000 0.221938 0.000950 -0.002406 -0.000473 0.000432 0.000356 0.000369 0.000319
928700000.000000 0.221885 0.000342 -0.001550 0.000067 0.000396 0.000329 0.000342 0.000363
930400000.000000 0.222005 0.001135 -0.001694 -0.000644 0.000387 0.000326 0.000348 0.000339
932100000.000000 0.222974 0.000556 -0.002535 0.000066 0.000381 0.000385 0.000373 0.000377
933700000.000000 0.225448 -0.000714 -0.001040 -0.003051 0.001092 0.001027 0.001111 0.001216
935400000.000000 0.225594 0.007521 0.001927 -0.003693 0.010732 0.005369 0.003463 0.003000
937100000.000000 0.221381 0.019213 0.007613 0.004545 0.004052 0.003065 0.000653 0.002757
945400000.000000 0.207393 0.026622 -0.000998 0.019678 0.009780 0.014927 0.005653 0.012203
947100000.000000 0.229432 -0.005415 -0.001109 0.002567 0.004723 0.003372 0.002614 0.005310
948800000.000000 0.222363 -0.000311 -0.001726 0.000154 0.000433 0.000482 0.000380 0.000370
950400000.000000 0.218938 0.000321 -0.001549 -0.000487 0.000378 0.000344 0.000316 0.000389
952100000.000000 0.219569 0.000860 -0.001439 0.000588 0.000454 0.000331 0.000341 0.000334
953800000.000000 0.219187 0.000884 -0.002231 0.000164 0.000348 0.000325 0.000352 0.000315
955500000.000000 0.219333 0.000300 -0.002296 0.000145 0.000381 0.000303 0.000312 0.000345
957100000.000000 0.217597 -0.000116 -0.001976 0.000550 0.000370 0.000353 0.000310 0.000367
958800000.000000 0.218387 -0.000162 -0.001964 0.000747 0.000361 0.000339 0.000309 0.000306
960500000.000000 0.218111 0.000956 -0.001448 0.000665 0.000412 0.000326 0.000292 0.000333
962200000.000000 0.218093 0.000580 -0.001408 0.000069 0.000331 0.000347 0.000313 0.000298
963800000.000000 0.217755 0.000302 -0.001296 -0.000612 0.000385 0.000385 0.000294 0.000329
965500000.000000 0.216883 0.000386 -0.001195 -0.000090 0.000383 0.000326 0.000328 0.000310
967200000.000000 0.216744 0.000686 -0.001242 -0.000215 0.000370 0.000332 0.000334 0.000348
968800000.000000 0.217160 0.000725 -0.001433 -0.000341 0.000377 0.000334 0.000319 0.000300
970500000.000000 0.217316 0.000589 -0.001324 -0.000358 0.000342 0.000324 0.000304 0.000300
972200000.000000 0.217450 0.000617 -0.000732 -0.000671 0.000360 0.000317 0.000334 0.000286
973900000.000000 0.217420 0.000046 -0.001387 -0.000381 0.000335 0.000275 0.000339 0.000330
975500000.000000 0.217280 0.000584 -0.001022 -0.000344 0.000379 0.000302 0.000308 0.000342
977200000.000000 0.216275 0.001313 -0.001504 -0.000370 0.000367 0.000300 0.000327 0.000375
978900000.000000 0.216488 0.000585 -0.001612 0.000141 0.000360 0.000340 0.000299 0.000307
980500000.000000 0.216504 0.000405 -0.001396 0.000425 0.000358 0.000326 0.000277 0.000281
982200000.000000 0.216372 0.000934 -0.000977 -0.000019 0.000353 0.000321 0.000334 0.000298
983900000.000000 0.214805 0.000697 -0.001219 -0.000308 0.000374 0.000342 0.000332 0.000317
985600000.000000 0.213961 0.000858 -0.002077 0.000527 0.000361 0.000323 0.000303 0.000316
987200000.000000 0.214662 0.000589 -0.001038 -0.000227 0.000384 0.000309 0.000303 0.000274
988900000.000000 0.213809 0.000960 -0.001894 -0.000277 0.000361 0.000305 0.000364 0.000327
990600000.000000 0.214389 0.000003 -0.001378 -0.000161 0.000317 0.000333 0.000316 0.000276
992200000.000000 0.214186 0.001372 -0.000703 -0.000554 0.000331 0.000308 0.000310 0.000325
993900000.000000 0.213950 0.000778 -0.001458 0.000240 0.000343 0.000321 0.000323 0.000285
995600000.000000 0.213491 0.000492 -0.001219 0.000127 0.000340 0.000315 0.000321 0.000303
997300000.000000 0.213718 0.000991 -0.001280 0.000097 0.000378 0.000316 0.000334 0.000303
998900000.000000 0.213707 0.000575 -0.001486 -0.000122 0.000329 0.000300 0.000314 0.000295
1000600000.000000 0.213371 0.001207 -0.001498 0.000595 0.000327 0.000267 0.000273 0.000307
1002300000.000000 0.212967 0.000661 -0.001590 0.000250 0.000364 0.000320 0.000321 0.000329
1003900000.000000 0.211536 0.000572 -0.001095 -0.000224 0.000325 0.000315 0.000280 0.000346
1005600000.000000 0.211082 0.000957 -0.001595 -0.000010 0.000317 0.000296 0.000284 0.000299
1007300000.000000 0.211180 0.000850 -0.002202 -0.000360 0.000343 0.000266 0.000290 0.000263
1009000000.000000 0.211626 0.000886 -0.001497 -0.000474 0.000399 0.000302 0.000279 0.000286
1010600000.000000 0.212673 0.001515 -0.001688 -0.000201 0.000338 0.000291 0.000324 0.000271
1012300000.000000 0.212373 0.000514 -0.002055 -0.000221 0.000327 0.000305 0.000288 0.000311
1014000000.000000 0.213007 0.000539 -0.000857 -0.000155 0.000359 0.000288 0.000305 0.000269
1015700000.000000 0.212552 0.000803 -0.001284 -0.000397 0.000310 0.000312 0.000304 0.000291
1017300000.000000 0.212515 0.000735 -0.001121 -0.000177 0.000343 0.000299 0.000347 0.000297
1019000000.000000 0.212124 0.000504 -0.001475 -0.000121 0.000324 0.000284 0.000306 0.000280
1020700000.000000 0.211757 0.001153 -0.001189 -0.000546 0.000317 0.000311 0.000286 0.000293
1022300000.000000 0.211891 0.000751 -0.001451 -0.000031 0.000360 0.000307 0.000301 0.000297
1024000000.000000 0.213387 0.001119 -0.001502 -0.000169 0.000351 0.000313 0.000320 0.000305
1025700000.000000 0.212450 0.000670 -0.001746 0.000069 0.000383 0.000353 0.000305 0.000318
1027400000.000000 0.211069 0.001037 -0.001915 -0.000369 0.000393 0.000344 0.000330 0.000331
1029000000.000000 0.208860 0.001611 -0.002623 0.000338 0.000540 0.000427 0.000411 0.000431
1030700000.000000 0.208817 -0.000046 -0.002373 -0.001451 0.000608 0.000541 0.000473 0.000516
1032400000.000000 0.212011 -0.000161 -0.001452 0.000687 0.000402 0.000323 0.000357 0.000349
1034000000.000000 0.212415 0.000850 -0.002021 -0.000753 0.000336 0.000321 0.000317 0.000286
1035700000.000000 0.211332 0.000955 -0.001431 -0.000312 0.000321 0.000287 0.000322 0.000323
1037400000.000000 0.212278 0.000849 -0.001423 0.000318 0.000349 0.000298 0.000295 0.000279
1039100000.000000 0.212347 0.001156 -0.002017 0.000069 0.000322 0.000328 0.000298 0.000302
1040700000.000000 0.207211 -0.000018 -0.002501 -0.000036 0.000436 0.000382 0.000405 0.000343
1042400000.000000 0.210844 0.000880 -0.002174 -0.000182 0.000335 0.000303 0.000334 0.000339
1044100000.000000 0.208727 0.000484 -0.001646 -0.000369 0.000343 0.000320 0.000312 0.000298
1045700000.000000 0.208526 0.001542 -0.002365 -0.000096 0.000318 0.000319 0.000331 0.000257
1047400000.000000 0.208077 0.001229 -0.002158 -0.000562 0.000293 0.000295 0.000327 0.000302
1049100000.000000 0.208163 0.001186 -0.001698 0.000611 0.000330 0.000309 0.000285 0.000311
1050800000.000000 0.209636 0.000665 -0.002502 -0.000419 0.000348 0.000320 0.000301 0.000341
1052400000.000000 0.205596 0.000837 -0.003239 0.000458 0.000424 0.000358 0.000416 0.000401
1054100000.000000 0.209872 0.000584 -0.002139 -0.000064 0.000318 0.000311 0.000321 0.000302
1055800000.000000 0.209492 0.001374 -0.001783 -0.000166 0.000326 0.000305 0.000299 0.000295
1057400000.000000 0.208209 0.000291 -0.002096 -0.000306 0.000313 0.000313 0.000289 0.000300
1059100000.000000 0.207920 0.000852 -0.002420 -0.000506 0.000335 0.000289 0.000325 0.000275
1060800000.000000 0.208092 0.000435 -0.001659 -0.000302 0.000355 0.000301 0.000292 0.000268
1062500000.000000 0.208228 0.000573 -0.001638 -0.000063 0.000323 0.000293 0.000305 0.000313
1064100000.000000 0.203403 0.000957 -0.003577 0.000475 0.000431 0.000377 0.000406 0.000369
1065800000.000000 0.208222 0.000762 -0.002580 -0.000440 0.000324 0.000290 0.000306 0.000302
1067500000.000000 0.208462 0.000731 -0.002793 0.000320 0.000304 0.000305 0.000307 0.000290
1069200000.000000 0.207832 0.000390 -0.002696 -0.000596 0.000333 0.000326 0.000323 0.000259
1070800000.000000 0.207062 0.000368 -0.002050 -0.000061 0.000327 0.000313 0.000326 0.000291
1072500000.000000 0.207371 0.000250 -0.002159 0.000550 0.000328 0.000301 0.000315 0.000278
1074200000.000000 0.207745 0.001026 -0.002273 -0.000028 0.000330 0.000297 0.000302 0.000281
1075800000.000000 0.207020 0.000749 -0.002206 0.000133 0.000301 0.000284 0.000314 0.000305
1077500000.000000 0.208310 0.000975 -0.001647 0.000083 0.000304 0.000287 0.000303 0.000282
1079200000.000000 0.208121 0.000567 -0.002296 -0.000221 0.000313 0.000280 0.000300 0.000307
1080900000.000000 0.207426 0.000789 -0.001314 0.000413 0.000328 0.000271 0.000277 0.000339
1082500000.000000 0.206099 0.000815 -0.002583 -0.000309 0.000339 0.000308 0.000306 0.000303
1084200000.000000 0.206238 0.000873 -0.002249 0.000513 0.000332 0.000304 0.000332 0.000318
1085900000.000000 0.205057 0.000610 -0.003116 0.000743 0.000450 0.000402 0.000396 0.000407
1087500000.000000 0.199604 0.002678 0.000901 -0.008533 0.006656 0.003186 0.007118 0.007418
1092600000.000000 0.206762 -0.000479 -0.001963 -0.001430 0.001572 0.001234 0.001251 0.001471
1094200000.000000 0.206678 0.000453 -0.002166 0.000017 0.000380 0.000360 0.000305 0.000309
1095900000.000000 0.207657 0.000688 -0.001668 -0.000138 0.000332 0.000317 0.000320 0.000305
1097600000.000000 0.206188 0.001354 -0.001508 -0.000445 0.000308 0.000284 0.000300 0.000275
1099200000.000000 0.205323 0.000614 -0.001426 0.000302 0.000326 0.000302 0.000256 0.000310
1100900000.000000 0.205036 0.001311 -0.001377 -0.000411 0.000422 0.000370 0.000444 0.000381
1102600000.000000 0.197865 0.000460 -0.004433 0.001264 0.001327 0.001388 0.001273 0.001121
1104300000.000000 0.206561 0.002457 -0.001561 0.000896 0.000869 0.000700 0.000733 0.000610
1105900000.000000 0.206202 0.001791 -0.001515 -0.000037 0.000324 0.000326 0.000314 0.000304
1107600000.000000 0.203880 0.000446 -0.002845 0.000048 0.000387 0.000305 0.000312 0.000310
1109300000.000000 0.206525 0.001052 -0.001510 -0.000224 0.000312 0.000303 0.000277 0.000312
1110900000.000000 0.205244 0.001016 -0.001438 0.000123 0.000380 0.000344 0.000328 0.000320
1112600000.000000 0.202020 0.000105 -0.001989 0.000046 0.000449 0.000410 0.000419 0.000391
1114300000.000000 0.207016 0.000184 -0.001203 -0.000122 0.000310 0.000334 0.000282 0.000263
1116000000.000000 0.206553 0.001215 -0.001585 -0.000087 0.000324 0.000305 0.000288 0.000273
1117600000.000000 0.205393 0.000870 -0.001482 -0.000264 0.000304 0.000281 0.000299 0.000271
1119300000.000000 0.205979 0.000641 -0.001300 -0.000683 0.000316 0.000260 0.000276 0.000287
1121000000.000000 0.205577 0.000644 -0.001158 0.000124 0.000282 0.000268 0.000283 0.000289
1122700000.000000 0.202252 0.000051 -0.001469 0.000194 0.000381 0.000362 0.000329 0.000302
1124300000.000000 0.203392 0.001341 -0.001078 0.000095 0.000350 0.000330 0.000309 0.000334
1126000000.000000 0.204684 0.001160 -0.001587 -0.000325 0.000332 0.000361 0.000325 0.000301
1127700000.000000 0.199402 0.000408 -0.002491 0.000521 0.000480 0.000388 0.000416 0.000442
1129300000.000000 0.204759 -0.000172 -0.000826 -0.000736 0.000360 0.000307 0.000286 0.000289
1131000000.000000 0.204149 0.000019 -0.001209 -0.000427 0.000303 0.000283 0.000268 0.000302
1132700000.000000 0.204240 0.000601 -0.001186 -0.000494 0.000283 0.000265 0.000277 0.000321
1134400000.000000 0.204136 0.000221 -0.001214 0.000206 0.000342 0.000280 0.000270 0.000273
1136000000.000000 0.192920 0.000620 -0.004693 0.002149 0.000623 0.000470 0.000495 0.000443
1137700000.000000 0.199247 -0.000847 -0.002829 0.000430 0.000490 0.000415 0.000422 0.000376
1139400000.000000 0.205278 0.000592 -0.001492 -0.000062 0.000322 0.000345 0.000288 0.000276
1141000000.000000 0.201158 0.000637 -0.002056 -0.000039 0.000335 0.000335 0.000362 0.000332
1142700000.000000 0.204893 0.000101 -0.001843 -0.000035 0.000322 0.000267 0.000279 0.000322
1144400000.000000 0.206202 0.000637 -0.000698 0.000927 0.000355 0.000297 0.000306 0.000297
1146100000.000000 0.203554 0.000363 -0.000534 -0.000214 0.000404 0.000333 0.000340 0.000368
1147700000.000000 0.199296 0.001413 -0.000525 -0.001536 0.000490 0.000364 0.000355 0.000378
1149400000.000000 0.195493 0.000458 -0.001723 -0.000840 0.000531 0.000387 0.000464 0.000419
1151100000.000000 0.197719 0.001194 -0.001235 -0.000911 0.000434 0.000351 0.000339 0.000356
1152700000.000000 0.202514 0.000423 -0.001028 0.000062 0.000317 0.000306 0.000285 0.000310
1154400000.000000 0.203577 0.000291 -0.001446 0.000409 0.000277 0.000305 0.000293 0.000289
1156100000.000000 0.202941 0.000609 -0.001461 0.000865 0.000299 0.000279 0.000295 0.000281
1157800000.000000 0.204670 0.000448 -0.001269 0.000493 0.000312 0.000276 0.000273 0.000260
1159400000.000000 0.203391 0.000695 -0.001288 -0.000005 0.000343 0.000293 0.000271 0.000289
1161100000.000000 0.199202 0.000956 -0.001597 -0.001088 0.000376 0.000301 0.000320 0.000327
1162800000.000000 0.200777 0.000967 -0.001611 -0.000474 0.000346 0.000305 0.000301 0.000308
1164400000.000000 0.201735 0.000272 -0.000988 0.000071 0.000336 0.000315 0.000288 0.000291
1166100000.000000 0.201971 0.000570 -0.000994 -0.000359 0.000327 0.000300 0.000281 0.000261
1167800000.000000 0.201949 0.000741 -0.000910 0.000634 0.000377 0.000302 0.000332 0.000357
1169500000.000000 0.200145 0.000902 -0.001510 0.000903 0.000730 0.000644 0.000686 0.000713
1171100000.000000 0.216249 0.002590 -0.008356 -0.001548 0.002347 0.001276 0.001300 0.001797
1181200000.000000 0.186295 -0.009521 0.005304 0.013604 0.005412 0.003888 0.004855 0.005395
1182800000.000000 0.208005 0.000732 -0.001760 -0.000987 0.001204 0.001092 0.000934 0.000974
1184500000.000000 0.202144 0.000106 -0.000596 0.000726 0.000465 0.000427 0.000383 0.000428
1186200000.000000 0.201994 0.000221 -0.000841 -0.000111 0.000336 0.000312 0.000274 0.000296
1187900000.000000 0.200979 0.001222 -0.000634 0.000253 0.000313 0.000297 0.000263 0.000280
1189500000.000000 0.198823 0.000958 -0.000813 0.000103 0.000346 0.000314 0.000302 0.000325
1191200000.000000 0.195670 0.000826 -0.001395 0.000548 0.000404 0.000323 0.000302 0.000342
1192900000.000000 0.197894 0.000670 -0.000727 -0.000181 0.000382 0.000298 0.000304 0.000306
1194500000.000000 0.202520 0.000669 -0.000451 0.000003 0.000327 0.000281 0.000301 0.000288
1196200000.000000 0.203259 0.000802 -0.001017 0.000163 0.000325 0.000285 0.000296 0.000309
1197900000.000000 0.204300 0.001491 -0.001047 0.000476 0.000332 0.000337 0.000278 0.000287
1199600000.000000 0.201640 0.001737 -0.000483 -0.000622 0.000457 0.000361 0.000364 0.000351
1201200000.000000 0.195706 0.002467 -0.000204 0.000063 0.000619 0.000502 0.000491 0.000540
1202900000.000000 0.187594 0.001621 -0.000811 -0.000724 0.001021 0.000716 0.000602 0.000741
1204600000.000000 0.200978 0.003224 0.001342 -0.000762 0.001130 0.000816 0.000926 0.000977
1206200000.000000 0.193001 0.002306 0.004215 -0.002549 0.001439 0.001054 0.001166 0.001142
1207900000.000000 0.194195 0.001853 -0.001072 -0.002061 0.001381 0.001009 0.000952 0.001272
1209600000.000000 0.203255 0.002158 0.002207 0.000963 0.001203 0.000841 0.000879 0.000907
1211300000.000000 0.187533 0.002430 -0.001542 -0.000449 0.000989 0.000617 0.000690 0.000690
1212900000.000000 0.195704 0.001647 0.000562 -0.000392 0.000573 0.000466 0.000471 0.000535
1214600000.000000 0.200890 0.000547 -0.000486 -0.000110 0.000421 0.000323 0.000353 0.000350
1216300000.000000 0.201652 -0.000068 -0.001228 0.000478 0.000353 0.000312 0.000316 0.000303
1217900000.000000 0.198541 -0.000063 -0.000964 0.000087 0.000355 0.000274 0.000304 0.000296
1219600000.000000 0.199588 0.000641 -0.000823 0.000080 0.000353 0.000324 0.000282 0.000308
1221300000.000000 0.198892 0.000260 -0.000480 0.000726 0.000362 0.000332 0.000325 0.000326
1223000000.000000 0.196378 0.001011 0.000484 -0.001047 0.000483 0.000331 0.000368 0.000402
1224600000.000000 0.200727 0.002074 -0.000387 -0.000195 0.000563 0.000383 0.000402 0.000419
1226300000.000000 0.195018 0.003005 0.000866 -0.001385 0.000646 0.000471 0.000536 0.000459
1228000000.000000 0.181635 0.000572 0.001417 -0.003306 0.000960 0.000700 0.000637 0.000722
1229700000.000000 0.198471 0.002086 0.000277 -0.000016 0.000532 0.000440 0.000425 0.000470
1231300000.000000 0.195419 0.001593 0.000548 -0.001173 0.000506 0.000393 0.000353 0.000374
1233000000.000000 0.198057 0.000878 -0.000644 0.000082 0.000391 0.000339 0.000321 0.000374
1234700000.000000 0.199012 0.000698 -0.001502 -0.000443 0.000403 0.000303 0.000293 0.000319
1236300000.000000 0.198680 0.000725 -0.000895 0.000132 0.000351 0.000287 0.000326 0.000310
1238000000.000000 0.198889 0.000492 -0.001571 0.000215 0.000346 0.000316 0.000291 0.000312
1239700000.000000 0.200504 0.000703 -0.001307 0.000837 0.000316 0.000291 0.000267 0.000304
1241400000.000000 0.198428 0.000450 -0.001356 0.000350 0.000380 0.000353 0.000315 0.000334
1243000000.000000 0.185213 -0.000032 -0.003669 -0.006891 0.000730 0.000463 0.000475 0.000525
1244700000.000000 0.198839 0.000890 -0.001160 -0.000176 0.000528 0.000388 0.000371 0.000406
1246400000.000000 0.192414 0.001238 -0.001155 0.001659 0.000613 0.000464 0.000500 0.000506
1248000000.000000 0.190252 0.003848 0.001523 0.003807 0.000601 0.000498 0.000470 0.000551
1249700000.000000 0.200027 0.001622 0.000295 -0.001214 0.000376 0.000339 0.000381 0.000409
1251400000.000000 0.198528 0.001442 -0.000415 0.000167 0.000305 0.000288 0.000267 0.000312
1253100000.000000 0.196576 0.001247 -0.000607 0.000328 0.000384 0.000313 0.000291 0.000304
1254700000.000000 0.195372 0.001138 -0.000247 0.000082 0.000347 0.000273 0.000321 0.000294
1256400000.000000 0.196927 0.001013 -0.000563 -0.000203 0.000312 0.000295 0.000273 0.000315
1258100000.000000 0.199381 0.001542 -0.000227 0.000635 0.000318 0.000280 0.000257 0.000279
1259700000.000000 0.198200 0.001634 0.000184 0.000284 0.000369 0.000318 0.000315 0.000347
1261400000.000000 0.193315 0.002228 -0.000633 -0.001411 0.000529 0.000374 0.000413 0.000425
1263100000.000000 0.189936 0.004284 0.001285 -0.000044 0.000808 0.000608 0.000512 0.000654
1264800000.000000 0.208745 0.005699 0.002586 0.003062 0.001451 0.000889 0.001015 0.000910
1266400000.000000 0.195273 0.005528 0.003073 -0.002203 0.002288 0.001637 0.001458 0.001509
1268100000.000000 0.183950 0.000163 0.011158 -0.007471 0.003276 0.002282 0.002482 0.002208
1269800000.000000 0.191547 0.005819 0.005922 0.001982 0.002419 0.001880 0.001481 0.001830
1271400000.000000 0.183182 0.004858 0.003652 0.000450 0.001671 0.000969 0.001105 0.001146
1273100000.000000 0.193886 0.004526 0.002709 0.001044 0.000950 0.000711 0.000693 0.000748
1274800000.000000 0.201572 0.002384 0.000900 0.000230 0.000746 0.000598 0.000624 0.000628
1276500000.000000 0.201330 0.001441 -0.001191 -0.000932 0.000699 0.000543 0.000589 0.000607
1278100000.000000 0.186033 0.000557 -0.003444 -0.005238 0.000924 0.000608 0.000602 0.000703
1279800000.000000 0.185331 -0.000280 -0.001659 -0.006014 0.000924 0.000634 0.000597 0.000662
1281500000.000000 0.198727 0.001748 -0.000309 0.000632 0.000567 0.000496 0.000492 0.000547
1283200000.000000 0.201317 0.001698 -0.000877 0.003260 0.000431 0.000401 0.000316 0.000359
1284800000.000000 0.197911 0.002046 -0.000298 -0.000067 0.000384 0.000405 0.000388 0.000386
1286500000.000000 0.198824 0.002213 -0.000175 -0.000267 0.000502 0.000473 0.000477 0.000440
1288200000.000000 0.196181 0.001046 -0.000289 0.000129 0.000571 0.000569 0.000587 0.000555
1289800000.000000 0.193503 0.002052 -0.001548 -0.001265 0.000704 0.000545 0.000527 0.000535
1291500000.000000 0.194679 0.001742 -0.001257 -0.000275 0.000540 0.000569 0.000498 0.000548
1293200000.000000 0.196664 0.001416 -0.000767 0.000304 0.000424 0.000380 0.000412 0.000431
1294900000.000000 0.196481 0.002033 -0.000914 0.000100 0.000305 0.000253 0.000266 0.000267
1296500000.000000 0.194957 0.001958 -0.000887 0.000340 0.000299 0.000279 0.000268 0.000294
1298200000.000000 0.195102 0.002652 -0.000015 0.000561 0.000282 0.000274 0.000257 0.000282
1299900000.000000 0.195352 0.001742 -0.000759 -0.000202 0.000300 0.000274 0.000266 0.000270
1301500000.000000 0.194706 0.001796 -0.000407 0.000069 0.000279 0.000279 0.000282 0.000267
1303200000.000000 0.194837 0.002395 -0.000963 -0.000506 0.000292 0.000269 0.000282 0.000269
1304900000.000000 0.194729 0.002118 -0.000730 0.000493 0.000265 0.000271 0.000239 0.000252
1306600000.000000 0.194621 0.002192 -0.000474 -0.000329 0.000243 0.000251 0.000248 0.000261
1308200000.000000 0.194822 0.002053 -0.000740 -0.000407 0.000236 0.000238 0.000249 0.000261
1309900000.000000 0.194570 0.002456 -0.000725 -0.000036 0.000256 0.000270 0.000247 0.000240
1311600000.000000 0.194004 0.002432 -0.001045 -0.000039 0.000251 0.000253 0.000239 0.000256
1313200000.000000 0.194673 0.001684 -0.000723 -0.000305 0.000276 0.000272 0.000263 0.000250
1314900000.000000 0.193872 0.002185 -0.000570 0.000096 0.000269 0.000239 0.000269 0.000302
1316600000.000000 0.194227 0.002038 -0.000691 0.000248 0.000240 0.000241 0.000255 0.000241
1318300000.000000 0.194238 0.002146 -0.000636 -0.000421 0.000266 0.000248 0.000244 0.000233
1319900000.000000 0.193570 0.002295 -0.000588 -0.000242 0.000277 0.000262 0.000282 0.000251
1321600000.000000 0.193567 0.002402 -0.000801 0.000154 0.000271 0.000251 0.000241 0.000247
1323300000.000000 0.194488 0.002326 -0.000796 0.000188 0.000243 0.000262 0.000244 0.000256
1324900000.000000 0.194162 0.002235 -0.000356 -0.000076 0.000241 0.000233 0.000256 0.000223
1326600000.000000 0.193654 0.001880 -0.000557 -0.000331 0.000287 0.000257 0.000278 0.000261
1328300000.000000 0.193657 0.001758 -0.001160 -0.000158 0.000247 0.000263 0.000266 0.000250
1330000000.000000 0.193703 0.002191 -0.001148 -0.000046 0.000260 0.000250 0.000243 0.000245
1331600000.000000 0.193270 0.002047 -0.000814 0.000028 0.000244 0.000253 0.000250 0.000239
1333300000.000000 0.193507 0.002024 -0.001059 -0.000269 0.000237 0.000219 0.000236 0.000266
1335000000.000000 0.192977 0.001892 -0.001052 -0.000111 0.000256 0.000242 0.000256 0.000231
1336700000.000000 0.192663 0.002193 -0.000550 -0.000073 0.000264 0.000235 0.000263 0.000241
1338300000.000000 0.193654 0.002172 -0.000294 0.000499 0.000238 0.000275 0.000233 0.000248
1340000000.000000 0.193134 0.002147 -0.000469 -0.000364 0.000270 0.000261 0.000247 0.000242
1341700000.000000 0.193160 0.002501 -0.000648 0.000109 0.000257 0.000244 0.000234 0.000246
1343300000.000000 0.192615 0.002146 -0.000358 0.000398 0.000269 0.000248 0.000243 0.000241
1345000000.000000 0.192750 0.002346 -0.000608 0.000216 0.000251 0.000235 0.000244 0.000245
1346700000.000000 0.192896 0.001945 -0.000437 -0.000329 0.000243 0.000257 0.000247 0.000244
1348400000.000000 0.192400 0.001699 -0.000422 -0.000384 0.000247 0.000229 0.000259 0.000234
1350000000.000000 0.192747 0.001834 -0.000541 0.000454 0.000248 0.000272 0.000239 0.000271
1351700000.000000 0.192910 0.002253 -0.000876 0.000076 0.000264 0.000254 0.000249 0.000253
1353400000.000000 0.192297 0.002148 -0.000964 -0.000490 0.000236 0.000229 0.000248 0.000249
1355000000.000000 0.192423 0.002178 -0.000461 -0.000457 0.000255 0.000270 0.000222 0.000240
1356700000.000000 0.191812 0.002223 -0.000887 0.000206 0.000265 0.000239 0.000250 0.000241
1358400000.000000 0.191822 0.001961 -0.001005 -0.000293 0.000265 0.000218 0.000257 0.000244
1360100000.000000 0.192117 0.001705 -0.000827 0.000122 0.000240 0.000246 0.000235 0.000232
1361700000.000000 0.192749 0.001877 -0.000788 0.000176 0.000260 0.000253 0.000240 0.000264
1363400000.000000 0.191921 0.002409 -0.000780 -0.000273 0.000273 0.000233 0.000229 0.000256
1365100000.000000 0.191643 0.001886 -0.000992 0.000171 0.000271 0.000232 0.000236 0.000259
1366700000.000000 0.191823 0.001631 -0.000528 0.000249 0.000275 0.000238 0.000239 0.000241
1368400000.000000 0.191979 0.001520 -0.000530 -0.000445 0.000232 0.000260 0.000244 0.000257
1370100000.000000 0.191371 0.001988 -0.000593 0.000124 0.000253 0.000240 0.000246 0.000251
1371800000.000000 0.191618 0.001824 -0.001064 0.000097 0.000254 0.000242 0.000271 0.000263
1373400000.000000 0.191168 0.002364 -0.000437 0.000221 0.000249 0.000243 0.000238 0.000247
1375100000.000000 0.191547 0.002263 -0.000705 -0.000100 0.000268 0.000255 0.000243 0.000235
1376800000.000000 0.191204 0.001657 -0.000762 -0.000470 0.000249 0.000251 0.000248 0.000254
1378400000.000000 0.191641 0.002177 -0.001023 0.000185 0.000276 0.000262 0.000249 0.000243
1380100000.000000 0.190622 0.002378 -0.000212 -0.000538 0.000277 0.000270 0.000279 0.000241
1381800000.000000 0.190251 0.001962 -0.000854 -0.000475 0.000281 0.000295 0.000262 0.000262
1383500000.000000 0.191410 0.001832 -0.000737 0.000280 0.000261 0.000241 0.000241 0.000235
1385100000.000000 0.191339 0.002164 -0.000742 0.000182 0.000243 0.000240 0.000243 0.000228
1386800000.000000 0.190556 0.001803 -0.000743 0.000203 0.000235 0.000260 0.000230 0.000257
1388500000.000000 0.190899 0.001693 -0.000844 -0.000514 0.000236 0.000233 0.000254 0.000246
1390200000.000000 0.190593 0.001837 -0.000406 -0.000124 0.000252 0.000251 0.000241 0.000259
1391800000.000000 0.190621 0.002142 -0.000295 -0.000255 0.000249 0.000243 0.000228 0.000244
1393500000.000000 0.190697 0.002203 -0.000470 -0.000290 0.000232 0.000225 0.000250 0.000248
1395200000.000000 0.190566 0.002578 -0.000296 -0.000104 0.000249 0.000270 0.000243 0.000236
1396800000.000000 0.190564 0.002371 -0.000524 0.000058 0.000234 0.000225 0.000243 0.000266
1398500000.000000 0.189894 0.001685 -0.000519 0.000036 0.000256 0.000250 0.000263 0.000232
1400200000.000000 0.190507 0.001732 -0.000699 -0.000192 0.000229 0.000265 0.000247 0.000252
1401900000.000000 0.190512 0.002067 -0.000474 -0.000357 0.000271 0.000237 0.000238 0.000246
1403500000.000000 0.190416 0.002106 -0.000378 0.000167 0.000249 0.000245 0.000235 0.000247
1405200000.000000 0.190105 0.002077 -0.000151 -0.000391 0.000231 0.000242 0.000233 0.000253
1406900000.000000 0.190143 0.002149 -0.000940 -0.000069 0.000262 0.000251 0.000237 0.000231
1408500000.000000 0.190335 0.002049 -0.000728 -0.000050 0.000238 0.000241 0.000231 0.000229
1410200000.000000 0.189562 0.001914 -0.000464 -0.000265 0.000255 0.000260 0.000244 0.000243
1411900000.000000 0.189758 0.001975 -0.000646 -0.000270 0.000266 0.000259 0.000249 0.000236
1413600000.000000 0.190096 0.001758 -0.000577 -0.000252 0.000244 0.000261 0.000262 0.000259
1415200000.000000 0.189931 0.002346 -0.000604 -0.000208 0.000264 0.000240 0.000234 0.000227
1416900000.000000 0.189698 0.002256 -0.000721 -0.000175 0.000254 0.000255 0.000255 0.000238
1423600000.000000 0.189805 0.002221 -0.000348 -0.000067 0.000240 0.000251 0.000246 0.000221
1425300000.000000 0.189159 0.002561 -0.000350 0.000046 0.000256 0.000257 0.000247 0.000238
1426900000.000000 0.189253 0.001657 -0.000417 0.000353 0.000224 0.000245 0.000241 0.000235
1428600000.000000 0.189351 0.002181 -0.000480 0.000052 0.000235 0.000241 0.000234 0.000235
1430300000.000000 0.189185 0.001931 -0.000097 -0.000321 0.000269 0.000258 0.000240 0.000248
1431900000.000000 0.188780 0.001447 -0.000498 -0.000129 0.000284 0.000244 0.000235 0.000234
1433600000.000000 0.188832 0.002046 -0.000444 0.000010 0.000228 0.000239 0.000241 0.000239
1435300000.000000 0.188703 0.001626 -0.000289 0.000493 0.000245 0.000259 0.000243 0.000242
1437000000.000000 0.188744 0.001753 -0.000239 -0.000418 0.000250 0.000232 0.000262 0.000273
1438600000.000000 0.188781 0.001281 -0.000503 0.000068 0.000253 0.000252 0.000236 0.000240
1440300000.000000 0.188763 0.001436 -0.000620 0.000379 0.000240 0.000240 0.000266 0.000253
1442000000.000000 0.188683 0.001694 -0.000477 -0.000305 0.000266 0.000254 0.000226 0.000240
1443700000.000000 0.188533 0.001579 -0.000647 -0.000010 0.000264 0.000244 0.000235 0.000251
1445300000.000000 0.188839 0.002426 -0.000759 0.000295 0.000260 0.000275 0.000260 0.000230
1447000000.000000 0.188424 0.002015 -0.000475 0.000270 0.000253 0.000249 0.000266 0.000257
1448700000.000000 0.188312 0.001935 -0.000353 -0.000216 0.000224 0.000245 0.000258 0.000252
1450300000.000000 0.187991 0.001955 -0.000441 -0.000213 0.000255 0.000251 0.000246 0.000249
1452000000.000000 0.188137 0.001615 -0.000587 -0.000499 0.000253 0.000257 0.000244 0.000235
1453700000.000000 0.187890 0.001970 -0.000712 0.000531 0.000263 0.000252 0.000274 0.000234
1455400000.000000 0.187913 0.002012 -0.000492 0.000147 0.000266 0.000259 0.000236 0.000228
1457000000.000000 0.187824 0.001829 -0.000546 0.000431 0.000257 0.000240 0.000237 0.000262
1458700000.000000 0.188012 0.001656 -0.000550 -0.000097 0.000263 0.000233 0.000220 0.000244
1460400000.000000 0.187810 0.001862 -0.000461 0.000264 0.000262 0.000246 0.000242 0.000226
1462000000.000000 0.187687 0.001704 -0.000166 -0.000072 0.000236 0.000251 0.000241 0.000240
1463700000.000000 0.187616 0.001587 -0.000590 -0.000390 0.000253 0.000235 0.000246 0.000247
1465400000.000000 0.187259 0.002058 -0.000303 -0.000130 0.000247 0.000250 0.000257 0.000240
1467100000.000000 0.187789 0.001864 -0.000350 0.000528 0.000247 0.000257 0.000263 0.000261
1468700000.000000 0.187428 0.001499 -0.001097 0.000296 0.000260 0.000251 0.000249 0.000243
1470400000.000000 0.187138 0.001765 -0.000325 -0.000199 0.000243 0.000234 0.000231 0.000240
1472100000.000000 0.187273 0.001318 -0.000273 -0.000089 0.000228 0.000261 0.000266 0.000226
1473700000.000000 0.186833 0.001165 -0.000747 -0.000561 0.000254 0.000251 0.000259 0.000257
1475400000.000000 0.186961 0.001404 -0.000443 0.000423 0.000289 0.000246 0.000246 0.000261
1477100000.000000 0.187049 0.001701 -0.000404 0.000323 0.000279 0.000268 0.000250 0.000242
1478800000.000000 0.187138 0.001166 -0.000680 0.000165 0.000241 0.000271 0.000244 0.000263
1480400000.000000 0.186874 0.001736 -0.000384 -0.000000 0.000237 0.000224 0.000231 0.000235
1482100000.000000 0.186856 0.001271 0.000020 -0.000400 0.000251 0.000233 0.000256 0.000236
1483800000.000000 0.186788 0.001317 -0.000153 0.000181 0.000258 0.000243 0.000257 0.000249
1485400000.000000 0.186712 0.000770 -0.000496 -0.000373 0.000249 0.000274 0.000271 0.000249
1487100000.000000 0.186712 0.001164 -0.000536 0.000059 0.000252 0.000245 0.000245 0.000243
1488800000.000000 0.186727 0.000910 -0.000701 0.000006 0.000250 0.000266 0.000251 0.000246
1490500000.000000 0.186601 0.001112 0.000040 0.000222 0.000259 0.000267 0.000252 0.000259
1492100000.000000 0.186776 0.000816 -0.000277 -0.000143 0.000262 0.000251 0.000242 0.000279
1493800000.000000 0.186382 0.001077 -0.000222 0.000186 0.000259 0.000266 0.000238 0.000232
1495500000.000000 0.186877 0.001182 -0.000277 0.000304 0.000233 0.000254 0.000252 0.000253
1497200000.000000 0.185808 0.001156 -0.000472 -0.000230 0.000274 0.000242 0.000251 0.000244
1498800000.000000 0.185923 0.000621 -0.000284 0.000216 0.000264 0.000258 0.000249 0.000240
1500500000.000000 0.186458 0.000678 -0.000158 0.000127 0.000232 0.000254 0.000242 0.000253
1502200000.000000 0.185945 0.000764 -0.000114 0.000163 0.000236 0.000260 0.000235 0.000246
1503800000.000000 0.186136 0.000749 -0.000008 0.000595 0.000244 0.000233 0.000244 0.000246
1505500000.000000 0.185582 0.001327 -0.000782 0.000169 0.000245 0.000239 0.000250 0.000249
1507200000.000000 0.185921 0.000955 0.000028 0.000201 0.000259 0.000262 0.000253 0.000257
1508900000.000000 0.185793 0.001184 -0.000027 0.000064 0.000258 0.000251 0.000236 0.000232
1510500000.000000 0.185842 0.000935 -0.000284 0.000121 0.000256 0.000233 0.000248 0.000250
1512200000.000000 0.185164 0.000804 -0.000296 -0.000155 0.000263 0.000238 0.000244 0.000252
1513900000.000000 0.185243 0.000750 0.000105 0.000452 0.000266 0.000256 0.000229 0.000246
1515500000.000000 0.185560 0.000608 0.000196 -0.000292 0.000260 0.000246 0.000269 0.000250
1517200000.000000 0.185782 0.000484 0.000094 0.000111 0.000243 0.000266 0.000238 0.000236
1518900000.000000 0.185158 0.000449 -0.000012 -0.000277 0.000270 0.000256 0.000242 0.000249
1520600000.000000 0.185135 0.000972 -0.000250 0.000236 0.000254 0.000225 0.000232 0.000247
1522200000.000000 0.185768 0.000514 -0.000728 0.000624 0.000259 0.000234 0.000241 0.000247
1523900000.000000 0.182968 0.000206 -0.002143 -0.000863 0.000598 0.000530 0.000498 0.000524
1525600000.000000 0.184527 0.001543 -0.001726 -0.001200 0.000657 0.000567 0.000564 0.000557
1527200000.000000 0.185005 0.002030 -0.002653 -0.001335 0.000857 0.000639 0.000650 0.000652
1528900000.000000 0.183100 0.001788 -0.002638 -0.000002 0.001131 0.000810 0.000855 0.000848
1530600000.000000 0.190543 0.000431 0.000928 0.000280 0.000790 0.000714 0.000718 0.000691
1532300000.000000 0.185566 0.000125 -0.001131 -0.000929 0.000571 0.000532 0.000557 0.000538
1533900000.000000 0.188986 0.000325 -0.000332 0.000688 0.000449 0.000404 0.000418 0.000408
1535600000.000000 0.186471 -0.000751 -0.001692 0.001230 0.000650 0.000633 0.000569 0.000594
1537300000.000000 0.177713 -0.000656 -0.003623 -0.003670 0.001165 0.000815 0.000860 0.000924
1538900000.000000 0.186304 0.001490 -0.001446 0.003203 0.001413 0.001369 0.001172 0.001707
1540600000.000000 0.183103 0.000302 -0.005409 -0.004899 0.001855 0.001394 0.001437 0.001629
1542300000.000000 0.188590 0.000055 -0.001468 -0.000020 0.000586 0.000462 0.000583 0.000473
1544000000.000000 0.184403 0.000578 0.000654 0.001552 0.000773 0.000574 0.000525 0.000664
1545600000.000000 0.177174 -0.000254 0.000775 0.001316 0.001311 0.000853 0.000829 0.000882
1547300000.000000 0.176663 0.002793 0.000018 -0.002636 0.001081 0.000676 0.000548 0.000658
1549000000.000000 0.191678 0.000915 -0.000429 0.001565 0.000508 0.000467 0.000423 0.000415
1550700000.000000 0.185867 0.001633 -0.002035 -0.000550 0.000976 0.000761 0.000706 0.000862
1552300000.000000 0.168963 0.002191 0.000010 -0.007207 0.001637 0.001093 0.000912 0.001308
1554000000.000000 0.186919 0.000562 0.000649 -0.000721 0.000568 0.000553 0.000467 0.000574
1555700000.000000 0.185444 0.000314 0.000489 0.000552 0.000311 0.000287 0.000280 0.000283
1557300000.000000 0.183464 -0.000180 -0.000109 0.000067 0.000378 0.000315 0.000369 0.000338
1559000000.000000 0.185986 0.000525 -0.000466 -0.001187 0.000818 0.000685 0.000707 0.000715
1560700000.000000 0.157374 0.000892 0.000258 -0.002725 0.002823 0.001551 0.001332 0.001513
1562400000.000000 0.183824 -0.000727 -0.000715 0.001513 0.000857 0.000715 0.000712 0.000897
1564000000.000000 0.187307 0.000281 0.000064 0.000445 0.000396 0.000324 0.000319 0.000320
1565700000.000000 0.183998 -0.000682 0.000218 0.000506 0.000342 0.000267 0.000292 0.000286
1567400000.000000 0.184734 0.000185 0.000827 0.000365 0.000308 0.000275 0.000269 0.000314
1569000000.000000 0.180018 -0.000040 0.001935 0.000185 0.000427 0.000309 0.000326 0.000344
1570700000.000000 0.180569 0.000993 0.003034 -0.001574 0.000436 0.000323 0.000341 0.000381
1572400000.000000 0.182362 0.001820 0.003746 -0.000474 0.000571 0.000463 0.000462 0.000446
1574100000.000000 0.175616 -0.003058 0.002773 0.003665 0.003977 0.003344 0.002852 0.003232
1575700000.000000 0.140148 -0.020732 0.013773 -0.002362 0.014182 0.007027 0.009371 0.007251
1577400000.000000 0.185699 0.001345 0.004693 -0.000276 0.001831 0.001443 0.001605 0.001736
1579100000.000000 0.179946 -0.000049 0.001865 -0.001517 0.000440 0.000427 0.000370 0.000408
1580700000.000000 0.179874 -0.000131 0.001635 -0.000218 0.000380 0.000315 0.000330 0.000348
1582400000.000000 0.183697 -0.000041 0.000883 0.000475 0.000357 0.000288 0.000284 0.000315
1584100000.000000 0.185320 -0.000285 0.000721 0.000609 0.000288 0.000272 0.000276 0.000278
1585800000.000000 0.184922 -0.000233 0.000260 0.000588 0.000280 0.000265 0.000256 0.000273
1587400000.000000 0.186049 -0.000549 0.000735 0.001462 0.000357 0.000278 0.000321 0.000292
1589100000.000000 0.178732 -0.001656 -0.001227 -0.000840 0.000662 0.000567 0.000584 0.000624
1590800000.000000 0.168393 -0.002163 -0.001148 -0.005523 0.001087 0.000758 0.000752 0.000675
1592400000.000000 0.183065 -0.000123 0.000800 0.000165 0.000425 0.000409 0.000393 0.000376
1594100000.000000 0.184144 0.000131 0.000638 0.000750 0.000326 0.000272 0.000268 0.000293
1595800000.000000 0.181958 -0.000533 0.000333 -0.000613 0.000355 0.000295 0.000293 0.000328
1597500000.000000 0.178910 -0.001084 0.001435 -0.001841 0.000466 0.000387 0.000386 0.000381
1599100000.000000 0.182333 -0.001066 0.001560 -0.003208 0.000442 0.000456 0.000414 0.000406
1600800000.000000 0.182458 -0.001990 -0.000582 -0.000297 0.000434 0.000397 0.000443 0.000389
1602500000.000000 0.178852 -0.001197 0.001107 0.001773 0.000553 0.000478 0.000534 0.000488
1604200000.000000 0.177592 -0.002943 -0.002711 0.003567 0.000617 0.000501 0.000480 0.000509
1605800000.000000 0.178654 -0.002840 -0.002028 -0.000498 0.000442 0.000337 0.000318 0.000398
1607500000.000000 0.182276 -0.000298 0.000614 0.000434 0.000282 0.000267 0.000267 0.000252
1609200000.000000 0.182055 -0.000226 0.000298 0.000249 0.000239 0.000239 0.000239 0.000234
1610800000.000000 0.182207 0.000240 0.000244 -0.000069 0.000249 0.000251 0.000260 0.000247
1612500000.000000 0.181638 -0.000188 0.001225 0.000047 0.000249 0.000243 0.000244 0.000244
1614200000.000000 0.182164 -0.000377 0.000570 0.000427 0.000246 0.000233 0.000246 0.000236
1615900000.000000 0.181491 -0.000053 0.000744 0.000325 0.000260 0.000239 0.000236 0.000237
1617500000.000000 0.180688 -0.000619 0.000369 0.000186 0.000259 0.000242 0.000243 0.000233
1619200000.000000 0.182533 -0.000320 -0.001217 -0.000422 0.000331 0.000313 0.000312 0.000314
1620900000.000000 0.181854 -0.000383 -0.001455 0.000391 0.000407 0.000374 0.000389 0.000374
1622500000.000000 0.173989 -0.000767 -0.003166 0.000482 0.000723 0.000586 0.000586 0.000600
1624200000.000000 0.176527 0.000120 -0.004076 -0.001280 0.001283 0.000832 0.000862 0.001051
1627600000.000000 0.180002 -0.000656 0.005484 -0.002741 0.006190 0.003139 0.002613 0.003915
1629200000.000000 0.180755 -0.000378 0.000765 0.000074 0.000248 0.000237 0.000258 0.000248
1630900000.000000 0.180892 -0.000137 0.000766 -0.000094 0.000249 0.000249 0.000251 0.000229
1632600000.000000 0.180730 -0.000284 0.000744 -0.000052 0.000238 0.000242 0.000249 0.000270
1634200000.000000 0.180496 -0.000169 0.001123 0.000075 0.000248 0.000234 0.000240 0.000246
1635900000.000000 0.180616 -0.000062 0.001201 0.000240 0.000249 0.000248 0.000244 0.000233
1637600000.000000 0.179998 0.000003 0.000844 0.000068 0.000271 0.000260 0.000235 0.000255
1639300000.000000 0.180639 -0.000116 0.000945 -0.000315 0.000256 0.000257 0.000247 0.000240
1640900000.000000 0.180351 -0.000373 0.000884 0.000361 0.000249 0.000243 0.000248 0.000221
1642600000.000000 0.180291 -0.000465 0.000648 0.000002 0.000256 0.000239 0.000257 0.000254
1644300000.000000 0.180300 0.000276 0.000496 -0.000106 0.000242 0.000264 0.000244 0.000283
1645900000.000000 0.180429 -0.000136 0.001367 -0.000428 0.000255 0.000272 0.000248 0.000245
1647600000.000000 0.179600 -0.000221 0.001328 0.000582 0.000265 0.000266 0.000273 0.000263
