# # SwiftJ1727 QU data converted from polkat JSON output
# # Date (ISO): 2024-02-25T03:22:42.200000
# # Columns: freq(Hz) I(Jy) Q(Jy) U(Jy) V(Jy) dI(Jy) dQ(Jy) dU(Jy) dV(Jy)
# 
902799438.476562 0.003001 -0.000291 0.000216 0.000164 0.000181 0.000164 0.000148 0.000162
916174438.476562 0.003003 -0.000130 -0.000104 0.000077 0.000148 0.000118 0.000124 0.000126
929549438.476562 0.002631 -0.000233 0.000273 0.000012 0.000159 0.000153 0.000141 0.000139
942924438.476562 0.003003 -0.001690 0.001119 -0.001467 0.000822 0.000832 0.000826 0.000747
956299438.476562 0.002746 -0.000163 0.000081 0.000207 0.000158 0.000140 0.000146 0.000154
969674438.476562 0.002809 -0.000113 0.000018 -0.000059 0.000124 0.000101 0.000113 0.000098
983049438.476562 0.002808 -0.000211 0.000025 -0.000012 0.000123 0.000113 0.000104 0.000099
996424438.476562 0.002507 -0.000132 -0.000010 0.000180 0.000119 0.000114 0.000107 0.000099
1009799438.476560 0.002644 -0.000445 -0.000177 0.000193 0.000114 0.000107 0.000106 0.000096
1023174438.476560 0.002852 -0.000333 0.000008 -0.000351 0.000116 0.000107 0.000092 0.000108
1036549438.476560 0.002723 -0.000287 0.000033 -0.000173 0.000109 0.000095 0.000115 0.000103
1049924438.476560 0.002688 -0.000154 0.000245 0.000061 0.000105 0.000100 0.000109 0.000104
1063299438.476560 0.002487 -0.000099 -0.000110 -0.000022 0.000114 0.000103 0.000106 0.000089
1076674438.476560 0.002556 -0.000375 0.000031 0.000092 0.000103 0.000100 0.000098 0.000089
1090049438.476560 0.002575 -0.000109 0.000143 -0.000099 0.000101 0.000104 0.000103 0.000103
1103424438.476560 0.002415 -0.000163 0.000031 0.000176 0.000103 0.000090 0.000099 0.000099
1116799438.476560 0.002534 -0.000232 -0.000064 -0.000111 0.000119 0.000108 0.000096 0.000106
1130174438.476560 0.002414 -0.000139 -0.000271 0.000037 0.000101 0.000095 0.000103 0.000090
1143549438.476560 0.002371 -0.000273 0.000151 0.000033 0.000113 0.000105 0.000112 0.000094
1156924438.476560 0.002508 -0.000051 -0.000006 0.000111 0.000114 0.000102 0.000103 0.000106
1170299438.476560 0.002348 -0.000666 0.000032 -0.000263 0.000164 0.000177 0.000180 0.000162
1183674438.476560 0.002545 -0.000205 0.000098 -0.000268 0.000171 0.000169 0.000160 0.000163
1197049438.476560 0.002398 -0.000105 0.000277 0.000104 0.000170 0.000152 0.000153 0.000156
1210424438.476560 0.002185 -0.000301 -0.000152 -0.000029 0.000211 0.000190 0.000212 0.000210
1223799438.476560 0.002340 -0.000579 -0.000182 -0.000101 0.000162 0.000147 0.000141 0.000160
1237174438.476560 0.002080 -0.000048 -0.000119 -0.000155 0.000142 0.000130 0.000120 0.000127
1250549438.476560 0.002135 -0.000312 -0.000129 0.000015 0.000128 0.000121 0.000127 0.000136
1263924438.476560 0.001817 -0.000104 0.000262 -0.000338 0.000176 0.000157 0.000182 0.000174
1277299438.476560 0.001745 -0.000415 -0.000160 0.000075 0.000217 0.000184 0.000201 0.000199
1290674438.476560 0.002014 -0.000303 0.000253 -0.000154 0.000125 0.000118 0.000107 0.000121
1304049438.476560 0.002174 -0.000152 -0.000069 -0.000013 0.000098 0.000090 0.000086 0.000092
1317424438.476560 0.002124 -0.000051 -0.000196 0.000210 0.000089 0.000083 0.000085 0.000082
1330799438.476560 0.002214 -0.000280 0.000058 -0.000100 0.000088 0.000083 0.000087 0.000079
1344174438.476560 0.002258 -0.000352 -0.000049 -0.000056 0.000092 0.000087 0.000088 0.000080
1357549438.476560 0.002134 -0.000321 0.000108 0.000097 0.000082 0.000081 0.000094 0.000080
1370924438.476560 0.002217 -0.000226 -0.000105 -0.000032 0.000089 0.000084 0.000080 0.000086
1384299438.476560 0.002212 -0.000103 0.000114 0.000082 0.000087 0.000081 0.000080 0.000079
1397674438.476560 0.002311 -0.000286 -0.000040 0.000005 0.000084 0.000086 0.000082 0.000084
1411049438.476560 0.002178 -0.000109 0.000044 -0.000063 0.000088 0.000079 0.000089 0.000072
1424424438.476560 0.002135 -0.000184 -0.000071 -0.000020 0.000109 0.000106 0.000111 0.000102
1437799438.476560 0.002150 0.000013 0.000013 0.000114 0.000085 0.000084 0.000080 0.000081
1451174438.476560 0.002066 -0.000058 -0.000040 0.000006 0.000095 0.000091 0.000088 0.000080
1464549438.476560 0.002028 -0.000107 0.000048 0.000005 0.000086 0.000085 0.000084 0.000085
1477924438.476560 0.001931 -0.000252 -0.000030 -0.000005 0.000081 0.000087 0.000084 0.000090
1491299438.476560 0.001977 -0.000187 0.000054 0.000034 0.000083 0.000085 0.000086 0.000086
1504674438.476560 0.002149 -0.000088 0.000055 0.000018 0.000090 0.000095 0.000092 0.000092
1518049438.476560 0.001993 -0.000018 -0.000046 0.000059 0.000136 0.000133 0.000122 0.000136
1531424438.476560 0.002017 -0.000153 -0.000054 -0.000239 0.000228 0.000259 0.000260 0.000255
1544799438.476560 0.003092 0.000007 0.000067 -0.000105 0.000331 0.000339 0.000339 0.000351
1558174438.476560 0.001793 -0.000143 -0.000049 0.000116 0.000199 0.000175 0.000173 0.000193
1571549438.476560 0.001944 -0.000471 -0.000054 0.000088 0.000163 0.000155 0.000160 0.000160
1584924438.476560 0.002217 -0.000360 -0.000211 0.000031 0.000138 0.000139 0.000126 0.000132
1598299438.476560 0.001832 -0.000226 -0.000011 0.000008 0.000174 0.000164 0.000157 0.000168
1611674438.476560 0.002129 0.000003 -0.000090 -0.000079 0.000101 0.000093 0.000104 0.000093
1625049438.476560 0.001963 -0.000059 0.000127 -0.000129 0.000153 0.000158 0.000175 0.000178
1638424438.476560 0.001921 -0.000097 -0.000070 0.000089 0.000086 0.000096 0.000091 0.000093
1651799438.476560 0.001994 0.000124 -0.000207 0.000272 0.000179 0.000197 0.000184 0.000177
