# # SwiftJ1727 QU data converted from polkat JSON output
# # Date (ISO): 2023-09-08T14:58:01.200000
# # Columns: freq(Hz) I(Jy) Q(Jy) U(Jy) V(Jy) dI(Jy) dQ(Jy) dU(Jy) dV(Jy)
# 
899455688.476562 0.094461 -0.000270 0.000341 0.000274 0.000454 0.000431 0.000442 0.000456
906143188.476562 0.093884 0.000112 -0.000173 -0.000069 0.000181 0.000178 0.000168 0.000149
912830688.476562 0.093898 0.000243 -0.000296 -0.000112 0.000188 0.000161 0.000165 0.000154
919518188.476562 0.093725 0.000344 -0.000224 0.000061 0.000191 0.000161 0.000161 0.000161
926205688.476562 0.093870 0.000334 0.000050 0.000008 0.000197 0.000169 0.000168 0.000165
932893188.476562 0.093806 0.000252 -0.000149 -0.000428 0.000241 0.000214 0.000208 0.000240
939580688.476562 0.111312 0.018603 -0.009796 0.007020 0.011750 0.010162 0.010026 0.013154
946268188.476562 0.093610 0.000220 -0.000359 -0.000819 0.000372 0.000314 0.000333 0.000309
952955688.476562 0.093492 0.000141 0.000064 0.000297 0.000184 0.000171 0.000152 0.000146
959643188.476562 0.093447 0.000327 0.000009 -0.000159 0.000178 0.000157 0.000167 0.000140
966330688.476562 0.093260 0.000102 0.000158 0.000081 0.000186 0.000160 0.000161 0.000169
973018188.476562 0.093562 0.000161 -0.000081 0.000185 0.000179 0.000148 0.000154 0.000148
979705688.476562 0.093239 0.000128 0.000108 0.000028 0.000188 0.000150 0.000148 0.000153
986393188.476562 0.093563 0.000121 -0.000080 -0.000070 0.000189 0.000143 0.000164 0.000150
993080688.476562 0.092875 0.000173 0.000063 -0.000136 0.000160 0.000158 0.000150 0.000149
999768188.476562 0.092937 0.000228 -0.000335 -0.000094 0.000166 0.000158 0.000144 0.000156
1006455688.476560 0.093053 0.000054 -0.000113 -0.000020 0.000171 0.000147 0.000152 0.000152
1013143188.476560 0.093051 0.000149 0.000167 0.000057 0.000165 0.000135 0.000149 0.000128
1019830688.476560 0.092708 -0.000042 -0.000016 0.000153 0.000165 0.000150 0.000139 0.000143
1026518188.476560 0.092297 0.000180 0.000221 0.000054 0.000184 0.000143 0.000164 0.000160
1033205688.476560 0.092073 0.000419 -0.000599 -0.000106 0.000177 0.000168 0.000160 0.000143
1039893188.476560 0.092323 0.000363 0.000327 0.000102 0.000180 0.000148 0.000168 0.000144
1046580688.476560 0.092148 0.000013 -0.000075 -0.000008 0.000191 0.000134 0.000148 0.000146
1053268188.476560 0.092048 0.000188 -0.000040 -0.000115 0.000164 0.000135 0.000147 0.000138
1059955688.476560 0.092085 0.000205 -0.000005 -0.000111 0.000160 0.000148 0.000155 0.000147
1066643188.476560 0.092249 0.000050 0.000113 -0.000140 0.000159 0.000160 0.000140 0.000143
1073330688.476560 0.092049 0.000319 -0.000145 0.000189 0.000172 0.000150 0.000148 0.000144
1080018188.476560 0.091831 0.000016 -0.000048 -0.000426 0.000169 0.000140 0.000144 0.000145
1086705688.476560 0.089819 0.000689 -0.000674 0.000069 0.000252 0.000240 0.000229 0.000215
1093393188.476560 0.091007 0.000533 -0.000716 0.000118 0.000217 0.000224 0.000178 0.000196
1100080688.476560 0.091534 0.000604 -0.000040 0.000108 0.000192 0.000159 0.000153 0.000167
1106768188.476560 0.091634 0.000533 -0.000106 -0.000108 0.000159 0.000139 0.000167 0.000145
1113455688.476560 0.091833 -0.000048 0.000196 -0.000259 0.000159 0.000136 0.000147 0.000128
1120143188.476560 0.091822 0.000102 0.000106 -0.000106 0.000150 0.000146 0.000148 0.000132
1126830688.476560 0.091312 0.000020 -0.000032 -0.000241 0.000165 0.000142 0.000135 0.000129
1133518188.476560 0.090341 0.000753 -0.000629 0.000045 0.000164 0.000142 0.000167 0.000153
1140205688.476560 0.091183 0.000269 0.000010 0.000073 0.000183 0.000160 0.000146 0.000146
1146893188.476560 0.089540 0.000083 0.000172 0.000104 0.000201 0.000173 0.000175 0.000188
1153580688.476560 0.091030 0.000337 0.000072 -0.000074 0.000168 0.000138 0.000153 0.000148
1160268188.476560 0.090650 0.000391 -0.000269 -0.000129 0.000165 0.000153 0.000149 0.000139
1166955688.476560 0.091364 -0.000322 -0.000309 -0.000092 0.000196 0.000170 0.000176 0.000173
1173643188.476560 0.090509 0.000854 -0.004186 -0.017271 0.004989 0.004088 0.005975 0.004906
1180330688.476560 0.085268 0.000985 -0.000616 -0.001203 0.001925 0.001516 0.001606 0.002089
1187018188.476560 0.091434 0.000125 -0.000142 0.000010 0.000190 0.000163 0.000170 0.000181
1193705688.476560 0.090804 0.000163 0.000275 -0.000175 0.000183 0.000153 0.000133 0.000160
1200393188.476560 0.087743 -0.000158 0.000106 -0.000851 0.000260 0.000192 0.000210 0.000205
1207080688.476560 0.074758 0.000103 0.000127 -0.002972 0.000724 0.000355 0.000423 0.000496
1213768188.476560 0.088798 0.000391 -0.000462 -0.000408 0.000236 0.000183 0.000192 0.000199
1220455688.476560 0.089321 0.000138 0.000056 -0.000558 0.000204 0.000158 0.000164 0.000172
1227143188.476560 0.084134 -0.000042 0.001137 -0.003037 0.000320 0.000239 0.000264 0.000268
1233830688.476560 0.088383 0.000566 0.000317 -0.001198 0.000223 0.000175 0.000176 0.000169
1240518188.476560 0.089822 0.000299 -0.000408 -0.000570 0.000171 0.000153 0.000167 0.000160
1247205688.476560 0.087041 0.000053 -0.000958 -0.001800 0.000236 0.000189 0.000181 0.000196
1253893188.476560 0.090362 0.000370 0.000127 0.000057 0.000174 0.000133 0.000140 0.000147
1260580688.476560 0.089528 0.000128 0.000506 0.000080 0.000198 0.000173 0.000179 0.000180
1267268188.476560 0.071566 -0.000582 0.002304 -0.002146 0.001213 0.000715 0.000738 0.000845
1273955688.476560 0.080312 -0.000236 0.002057 -0.000861 0.000409 0.000358 0.000337 0.000343
1280643188.476560 0.083558 -0.000553 0.001088 -0.000668 0.000299 0.000228 0.000233 0.000241
1287330688.476560 0.088665 -0.000048 0.000131 -0.000220 0.000218 0.000220 0.000208 0.000198
1294018188.476560 0.090314 0.000156 0.000033 -0.000112 0.000166 0.000149 0.000165 0.000152
1300705688.476560 0.090669 0.000118 -0.000066 -0.000074 0.000131 0.000129 0.000130 0.000125
1307393188.476560 0.090750 0.000250 -0.000182 -0.000014 0.000152 0.000124 0.000122 0.000132
1314080688.476560 0.090743 0.000186 -0.000410 0.000090 0.000137 0.000125 0.000127 0.000119
1320768188.476560 0.090785 0.000425 -0.000112 -0.000092 0.000135 0.000114 0.000120 0.000120
1327455688.476560 0.090437 0.000425 -0.000210 -0.000049 0.000147 0.000118 0.000109 0.000125
1334143188.476560 0.090351 0.000352 -0.000127 -0.000176 0.000135 0.000115 0.000122 0.000116
1340830688.476560 0.090190 0.000070 -0.000093 0.000085 0.000131 0.000129 0.000127 0.000109
1347518188.476560 0.090296 0.000140 -0.000286 -0.000103 0.000129 0.000133 0.000119 0.000117
1354205688.476560 0.090302 0.000272 -0.000294 -0.000123 0.000141 0.000124 0.000120 0.000121
1360893188.476560 0.090381 0.000265 -0.000220 -0.000065 0.000127 0.000113 0.000128 0.000124
1367580688.476560 0.090367 0.000144 -0.000175 0.000201 0.000132 0.000115 0.000122 0.000113
1374268188.476560 0.090128 0.000462 -0.000043 -0.000070 0.000133 0.000132 0.000116 0.000109
1380955688.476560 0.090301 0.000108 -0.000052 0.000050 0.000127 0.000122 0.000127 0.000120
1387643188.476560 0.090339 0.000277 -0.000247 -0.000072 0.000135 0.000116 0.000110 0.000118
1394330688.476560 0.090424 0.000323 -0.000464 0.000075 0.000128 0.000117 0.000124 0.000114
1401018188.476560 0.090221 0.000524 -0.000036 -0.000095 0.000136 0.000109 0.000124 0.000134
1407705688.476560 0.090298 0.000165 -0.000075 -0.000343 0.000124 0.000117 0.000128 0.000118
1414393188.476560 0.090190 0.000302 -0.000106 -0.000142 0.000132 0.000121 0.000121 0.000117
1421080688.476560 0.090019 0.000367 -0.000292 -0.000065 0.000240 0.000224 0.000223 0.000224
1427768188.476560 0.090372 0.000236 0.000036 0.000143 0.000142 0.000123 0.000111 0.000103
1434455688.476560 0.090232 0.000230 -0.000257 0.000013 0.000129 0.000122 0.000123 0.000117
1441143188.476560 0.090292 0.000334 -0.000153 0.000211 0.000137 0.000113 0.000120 0.000118
1447830688.476560 0.090253 0.000484 -0.000153 0.000029 0.000135 0.000116 0.000115 0.000125
1454518188.476560 0.090089 0.000431 -0.000044 0.000033 0.000123 0.000122 0.000118 0.000123
1461205688.476560 0.090165 0.000048 0.000057 -0.000076 0.000131 0.000133 0.000115 0.000121
1467893188.476560 0.090141 0.000326 -0.000063 -0.000085 0.000124 0.000118 0.000118 0.000128
1474580688.476560 0.090114 0.000152 -0.000040 -0.000125 0.000117 0.000123 0.000116 0.000117
1481268188.476560 0.090193 0.000287 -0.000282 -0.000218 0.000134 0.000124 0.000121 0.000125
1487955688.476560 0.089665 0.000088 -0.000109 -0.000122 0.000123 0.000116 0.000117 0.000113
1494643188.476560 0.089890 0.000237 -0.000444 -0.000067 0.000127 0.000122 0.000114 0.000123
1501330688.476560 0.089920 0.000332 -0.000217 -0.000165 0.000130 0.000112 0.000131 0.000114
1508018188.476560 0.090471 0.000191 -0.000104 -0.000109 0.000129 0.000112 0.000115 0.000121
1514705688.476560 0.090651 0.000547 -0.000302 0.000100 0.000147 0.000136 0.000135 0.000131
1521393188.476560 0.090358 0.000687 -0.000147 -0.000042 0.000171 0.000157 0.000160 0.000168
1528080688.476560 0.090765 -0.000229 0.000133 -0.001357 0.000391 0.000346 0.000381 0.000347
1534768188.476560 0.090674 0.000188 0.000155 -0.000879 0.000385 0.000288 0.000273 0.000346
1541455688.476560 0.083730 0.000224 -0.000698 -0.001311 0.001118 0.000878 0.000958 0.000977
1548143188.476560 0.090028 -0.000273 -0.000715 -0.000478 0.000355 0.000304 0.000327 0.000357
1554830688.476560 0.090022 0.000215 -0.000224 -0.000340 0.000215 0.000199 0.000194 0.000204
1561518188.476560 0.088724 0.000017 0.000037 -0.000789 0.000373 0.000338 0.000322 0.000333
1568205688.476560 0.088346 0.000369 0.000179 -0.001063 0.000173 0.000140 0.000132 0.000146
1574893188.476560 0.085827 -0.000303 0.001246 -0.002099 0.000513 0.000456 0.000445 0.000469
1581580688.476560 0.088044 0.000130 -0.000246 -0.000936 0.000174 0.000166 0.000146 0.000159
1588268188.476560 0.087127 -0.000051 0.000277 -0.000684 0.000211 0.000171 0.000188 0.000181
1594955688.476560 0.089654 0.000300 -0.000243 0.000197 0.000148 0.000134 0.000135 0.000139
1601643188.476560 0.086628 -0.000706 0.000320 -0.000806 0.000202 0.000181 0.000177 0.000181
1608330688.476560 0.089794 0.000493 -0.000503 -0.000165 0.000132 0.000128 0.000110 0.000121
1615018188.476560 0.090210 0.000322 0.000071 -0.000408 0.000131 0.000120 0.000117 0.000113
1621705688.476560 0.084979 0.000532 -0.001228 -0.001186 0.000298 0.000240 0.000274 0.000266
1628393188.476560 0.089702 0.000586 0.000069 0.000165 0.000183 0.000150 0.000162 0.000166
1635080688.476560 0.089198 0.000280 -0.000044 -0.000028 0.000125 0.000127 0.000125 0.000117
1641768188.476560 0.088564 0.000270 -0.000500 -0.000094 0.000130 0.000117 0.000115 0.000119
1648455688.476560 0.088364 0.000576 -0.000076 -0.000366 0.000179 0.000166 0.000162 0.000169
