# # SwiftJ1727 QU data converted from polkat JSON output
# # Date (ISO): 2023-11-18T11:11:45.700000
# # Columns: freq(Hz) I(Jy) Q(Jy) U(Jy) V(Jy) dI(Jy) dQ(Jy) dU(Jy) dV(Jy)
# 
901127563.476562 0.022553 0.000186 -0.000659 0.000531 0.000507 0.000431 0.000490 0.000458
904471313.476562 0.021471 0.000026 -0.000283 0.000311 0.000275 0.000228 0.000259 0.000224
907815063.476562 0.021829 0.000087 -0.000019 -0.000102 0.000283 0.000239 0.000236 0.000246
911158813.476562 0.021550 0.000303 -0.000026 0.000403 0.000263 0.000222 0.000273 0.000214
914502563.476562 0.021672 0.000317 -0.000565 -0.000353 0.000258 0.000223 0.000248 0.000232
917846313.476562 0.021286 -0.000090 -0.000269 0.000123 0.000286 0.000227 0.000232 0.000221
921190063.476562 0.021769 -0.000264 -0.000175 0.000268 0.000272 0.000238 0.000228 0.000240
924533813.476562 0.022058 -0.000168 -0.000291 0.000202 0.000283 0.000230 0.000239 0.000228
927877563.476562 0.021208 0.000116 -0.000752 -0.000340 0.000276 0.000253 0.000260 0.000234
931221313.476562 0.021798 -0.000287 -0.000241 -0.000247 0.000260 0.000231 0.000221 0.000235
934565063.476562 0.021983 0.000578 -0.000469 0.002341 0.001047 0.000920 0.000970 0.001005
937908813.476562 0.021771 -0.001925 0.004745 -0.007064 0.006002 0.007683 0.004616 0.004856
944596313.476562 0.022430 0.000981 0.000284 0.001810 0.002162 0.001968 0.002006 0.001832
947940063.476562 0.021747 0.000546 -0.000791 -0.000588 0.000567 0.000585 0.000489 0.000517
951283813.476562 0.021671 0.000510 -0.000429 -0.000032 0.000279 0.000228 0.000222 0.000234
954627563.476562 0.021197 0.000606 -0.000645 -0.000565 0.000293 0.000253 0.000256 0.000264
957971313.476562 0.021111 0.000107 -0.000475 -0.000394 0.000300 0.000261 0.000277 0.000255
961315063.476562 0.021253 0.000890 -0.000773 -0.000272 0.000258 0.000225 0.000215 0.000233
964658813.476562 0.021058 0.000075 -0.000029 0.000031 0.000239 0.000229 0.000217 0.000218
968002563.476562 0.020894 0.000552 -0.000323 -0.000106 0.000234 0.000204 0.000220 0.000206
971346313.476562 0.020881 0.000234 -0.000444 0.000137 0.000221 0.000215 0.000223 0.000194
974690063.476562 0.021112 0.000393 -0.000126 -0.000215 0.000258 0.000186 0.000216 0.000204
978033813.476562 0.021162 0.000592 -0.000345 -0.000154 0.000217 0.000200 0.000220 0.000208
981377563.476562 0.021104 -0.000182 -0.000135 -0.000279 0.000220 0.000200 0.000228 0.000218
984721313.476562 0.021377 0.000284 0.000056 0.000187 0.000235 0.000205 0.000218 0.000210
988065063.476562 0.021097 0.000016 -0.000276 -0.000140 0.000228 0.000225 0.000205 0.000221
991408813.476562 0.020519 -0.000018 -0.000596 0.000155 0.000219 0.000214 0.000220 0.000197
994752563.476562 0.020979 0.000261 -0.000321 -0.000049 0.000226 0.000222 0.000203 0.000198
998096313.476562 0.020586 0.000046 -0.000515 -0.000065 0.000229 0.000201 0.000211 0.000187
1001440063.476560 0.020562 -0.000168 -0.000250 -0.000004 0.000195 0.000199 0.000227 0.000206
1004783813.476560 0.020735 -0.000138 -0.000269 0.000546 0.000223 0.000196 0.000201 0.000213
1008127563.476560 0.020470 0.000144 -0.000155 0.000253 0.000233 0.000229 0.000216 0.000215
1011471313.476560 0.020463 0.000131 -0.000509 -0.000235 0.000229 0.000214 0.000211 0.000208
1014815063.476560 0.020322 -0.000374 0.000188 0.000099 0.000234 0.000193 0.000218 0.000216
1018158813.476560 0.020367 0.000046 -0.000099 0.000194 0.000218 0.000207 0.000201 0.000212
1021502563.476560 0.020609 0.000027 -0.000283 0.000580 0.000217 0.000210 0.000205 0.000202
1024846313.476560 0.020654 0.000200 -0.000360 0.000250 0.000223 0.000197 0.000225 0.000201
1028190063.476560 0.020514 -0.000045 -0.000314 0.000003 0.000272 0.000227 0.000217 0.000210
1031533813.476560 0.020265 0.000268 -0.000463 -0.000053 0.000276 0.000240 0.000248 0.000245
1034877563.476560 0.020202 0.000298 -0.000147 0.000274 0.000212 0.000208 0.000183 0.000215
1038221313.476560 0.020305 0.000407 -0.000506 0.000327 0.000218 0.000205 0.000206 0.000196
1041565063.476560 0.019971 0.000057 -0.000370 0.000018 0.000250 0.000233 0.000205 0.000204
1044908813.476560 0.020096 -0.000049 -0.000214 -0.000385 0.000223 0.000204 0.000207 0.000217
1048252563.476560 0.020129 -0.000039 -0.000691 0.000005 0.000236 0.000234 0.000205 0.000209
1051596313.476560 0.020333 0.000186 -0.000246 -0.000116 0.000222 0.000197 0.000208 0.000195
1054940063.476560 0.020049 -0.000074 -0.000359 -0.000377 0.000225 0.000200 0.000198 0.000179
1058283813.476560 0.019727 0.000578 0.000315 -0.000323 0.000196 0.000211 0.000190 0.000237
1061627563.476560 0.020109 0.000114 -0.000131 -0.000026 0.000201 0.000208 0.000223 0.000209
1064971313.476560 0.019767 -0.000024 -0.000565 -0.000374 0.000231 0.000216 0.000218 0.000229
1068315063.476560 0.019915 0.000301 -0.000056 -0.000482 0.000214 0.000196 0.000218 0.000203
1071658813.476560 0.019701 0.000006 -0.000225 0.000345 0.000219 0.000200 0.000206 0.000198
1075002563.476560 0.019483 -0.000088 0.000055 0.000087 0.000203 0.000213 0.000221 0.000178
1078346313.476560 0.019631 0.000226 -0.000202 -0.000290 0.000207 0.000192 0.000199 0.000203
1081690063.476560 0.019823 -0.000248 -0.000044 0.000383 0.000204 0.000205 0.000206 0.000185
1085033813.476560 0.019459 0.000401 -0.000561 0.000162 0.000225 0.000218 0.000204 0.000210
1088377563.476560 0.019838 0.000290 -0.000004 0.000372 0.001230 0.001197 0.001029 0.001012
1091721313.476560 0.020208 0.001546 0.001780 -0.000299 0.001272 0.001071 0.001006 0.000977
1095065063.476560 0.019498 0.000064 -0.000195 -0.000465 0.000215 0.000204 0.000189 0.000207
1098408813.476560 0.019406 0.000034 -0.000429 0.000276 0.000217 0.000199 0.000210 0.000195
1101752563.476560 0.019290 0.000347 -0.000224 -0.000072 0.000237 0.000221 0.000215 0.000244
1105096313.476560 0.019518 -0.000009 0.000059 0.000206 0.000219 0.000193 0.000172 0.000206
1108440063.476560 0.019495 -0.000099 0.000171 -0.000351 0.000232 0.000214 0.000230 0.000204
1111783813.476560 0.018909 0.000058 -0.000283 0.000174 0.000223 0.000210 0.000193 0.000201
1115127563.476560 0.019392 0.000429 -0.000592 -0.000205 0.000213 0.000183 0.000188 0.000193
1118471313.476560 0.019322 0.000303 -0.000114 0.000023 0.000185 0.000203 0.000199 0.000188
1121815063.476560 0.019721 -0.000125 -0.000230 -0.000009 0.000202 0.000193 0.000185 0.000187
1125158813.476560 0.019312 0.000167 -0.000200 -0.000267 0.000186 0.000181 0.000193 0.000205
1128502563.476560 0.018723 0.000312 -0.000250 0.000145 0.000201 0.000201 0.000188 0.000210
1131846313.476560 0.018870 0.000111 -0.000263 -0.000168 0.000209 0.000191 0.000182 0.000195
1135190063.476560 0.018449 0.000342 -0.000432 -0.000381 0.000297 0.000267 0.000260 0.000246
1138533813.476560 0.018964 0.000038 -0.000422 -0.000034 0.000217 0.000230 0.000203 0.000201
1141877563.476560 0.018866 -0.000012 -0.000369 0.000020 0.000224 0.000210 0.000208 0.000191
1145221313.476560 0.018860 0.000311 -0.000264 -0.000149 0.000243 0.000197 0.000204 0.000206
1148565063.476560 0.017676 0.000373 -0.000379 -0.000312 0.000244 0.000247 0.000229 0.000239
1151908813.476560 0.018849 -0.000225 -0.001088 0.000109 0.000232 0.000210 0.000212 0.000192
1155252563.476560 0.018993 0.000017 -0.000321 0.000066 0.000203 0.000189 0.000188 0.000185
1158596313.476560 0.019115 -0.000309 -0.000286 0.000092 0.000201 0.000194 0.000185 0.000196
1161940063.476560 0.018419 0.000381 -0.000176 -0.000388 0.000221 0.000202 0.000193 0.000200
1165283813.476560 0.018478 -0.000085 -0.000413 -0.000320 0.000193 0.000194 0.000200 0.000209
1168627563.476560 0.018782 0.000536 -0.000614 0.000030 0.000290 0.000262 0.000269 0.000267
1171971313.476560 0.019617 -0.002427 0.000862 -0.002404 0.001672 0.001394 0.001716 0.001480
1178658813.476560 0.025404 -0.001763 0.004498 0.010108 0.009715 0.002846 0.005761 0.011954
1182002563.476560 0.018565 -0.000385 0.001407 -0.001047 0.000911 0.000946 0.000843 0.000889
1185346313.476560 0.018807 -0.000241 -0.000576 0.000265 0.000233 0.000209 0.000199 0.000205
1188690063.476560 0.018628 0.000430 -0.000201 -0.000117 0.000193 0.000216 0.000197 0.000178
1192033813.476560 0.017969 0.000498 -0.000380 -0.000636 0.000207 0.000199 0.000187 0.000210
1195377563.476560 0.018619 -0.000005 -0.000425 -0.000056 0.000207 0.000187 0.000197 0.000190
1198721313.476560 0.018655 0.000123 -0.000424 -0.000159 0.000206 0.000193 0.000212 0.000219
1202065063.476560 0.017365 0.000343 -0.000316 -0.000482 0.000324 0.000283 0.000277 0.000303
1205408813.476560 0.015901 0.000707 -0.000553 -0.000280 0.000428 0.000375 0.000363 0.000397
1208752563.476560 0.014903 0.000887 0.000014 -0.000862 0.000444 0.000380 0.000378 0.000388
1212096313.476560 0.017720 -0.000039 -0.000173 -0.000270 0.000311 0.000297 0.000258 0.000286
1215440063.476560 0.018640 0.000246 -0.000176 0.000243 0.000192 0.000197 0.000189 0.000219
1218783813.476560 0.018676 0.000711 0.000023 -0.000094 0.000195 0.000212 0.000195 0.000205
1222127563.476560 0.017421 0.000259 -0.000117 -0.000541 0.000268 0.000207 0.000209 0.000213
1225471313.476560 0.016900 0.000210 -0.000033 -0.000492 0.000302 0.000273 0.000295 0.000282
1228815063.476560 0.015867 0.000429 -0.000179 -0.001425 0.000385 0.000295 0.000319 0.000319
1232158813.476560 0.016997 0.000055 0.000213 -0.000553 0.000250 0.000226 0.000222 0.000218
1235502563.476560 0.017628 0.000090 -0.000429 -0.000315 0.000219 0.000186 0.000204 0.000202
1238846313.476560 0.018445 0.000059 -0.000508 0.000205 0.000193 0.000188 0.000190 0.000183
1242190063.476560 0.018302 0.000163 -0.000366 -0.000032 0.000213 0.000205 0.000201 0.000175
1245533813.476560 0.016882 0.000491 -0.000230 -0.000066 0.000301 0.000250 0.000252 0.000280
1248877563.476560 0.017305 0.000343 0.000222 -0.000817 0.000285 0.000240 0.000218 0.000250
1252221313.476560 0.017506 0.000169 -0.000166 -0.000565 0.000212 0.000192 0.000195 0.000191
1255565063.476560 0.017583 0.000320 -0.000401 -0.000139 0.000203 0.000199 0.000182 0.000185
1258908813.476560 0.017991 0.000417 0.000059 -0.000071 0.000191 0.000191 0.000199 0.000186
1262252563.476560 0.016723 -0.000226 -0.000691 -0.000375 0.000272 0.000255 0.000254 0.000265
1265596313.476560 0.013656 0.000315 0.000071 -0.000723 0.000539 0.000494 0.000490 0.000556
1268940063.476560 0.010767 0.000033 0.000026 0.000111 0.000697 0.000582 0.000596 0.000625
1272283813.476560 0.014052 0.000796 -0.000167 -0.000197 0.000487 0.000370 0.000380 0.000435
1275627563.476560 0.016223 0.000321 -0.000069 -0.000692 0.000306 0.000293 0.000310 0.000298
1278971313.476560 0.015007 0.000588 0.000069 -0.001147 0.000373 0.000342 0.000331 0.000398
1282315063.476560 0.017114 0.000052 -0.000181 -0.000394 0.000244 0.000216 0.000236 0.000234
1285658813.476560 0.017967 0.000064 0.000175 -0.000382 0.000246 0.000213 0.000235 0.000232
1289002563.476560 0.016549 0.000797 -0.000131 -0.000407 0.000321 0.000270 0.000275 0.000301
1292346313.476560 0.017439 -0.000006 -0.000315 -0.000429 0.000240 0.000217 0.000230 0.000226
1295690063.476560 0.017321 0.000169 -0.000364 -0.000122 0.000184 0.000166 0.000180 0.000176
1299033813.476560 0.017653 0.000351 -0.000218 0.000069 0.000185 0.000172 0.000196 0.000166
1302377563.476560 0.017374 -0.000081 -0.000083 0.000315 0.000170 0.000170 0.000160 0.000167
1305721313.476560 0.017689 0.000050 -0.000611 0.000168 0.000165 0.000159 0.000164 0.000175
1309065063.476560 0.017665 0.000358 -0.000373 -0.000048 0.000153 0.000176 0.000167 0.000174
1312408813.476560 0.017365 0.000172 -0.000450 -0.000153 0.000180 0.000172 0.000175 0.000167
1315752563.476560 0.017275 0.000359 -0.000226 0.000478 0.000172 0.000165 0.000157 0.000173
1319096313.476560 0.017236 0.000059 -0.000073 -0.000188 0.000169 0.000160 0.000164 0.000162
1322440063.476560 0.017287 0.000252 -0.000301 0.000202 0.000171 0.000164 0.000163 0.000164
1325783813.476560 0.017308 0.000416 -0.000030 -0.000020 0.000176 0.000172 0.000173 0.000165
1329127563.476560 0.017464 0.000015 -0.000774 0.000024 0.000177 0.000169 0.000176 0.000167
1332471313.476560 0.017183 0.000386 -0.000157 -0.000092 0.000179 0.000168 0.000159 0.000174
1335815063.476560 0.016844 0.000353 -0.000272 0.000175 0.000166 0.000182 0.000163 0.000160
1339158813.476560 0.017069 0.000012 -0.000016 -0.000072 0.000179 0.000176 0.000166 0.000162
1342502563.476560 0.017227 0.000035 -0.000155 -0.000152 0.000161 0.000169 0.000155 0.000170
1345846313.476560 0.017173 0.000088 -0.000055 -0.000047 0.000166 0.000160 0.000157 0.000162
1349190063.476560 0.017246 0.000195 -0.000275 0.000051 0.000173 0.000172 0.000173 0.000161
1352533813.476560 0.017167 0.000232 -0.000248 -0.000064 0.000159 0.000170 0.000170 0.000158
1355877563.476560 0.016892 0.000423 0.000130 0.000024 0.000185 0.000183 0.000162 0.000161
1359221313.476560 0.017291 0.000307 -0.000126 -0.000018 0.000175 0.000172 0.000168 0.000158
1362565063.476560 0.017098 0.000221 -0.000027 -0.000224 0.000164 0.000164 0.000181 0.000154
1365908813.476560 0.017197 0.000039 -0.000370 -0.000165 0.000167 0.000159 0.000154 0.000162
1369252563.476560 0.016899 0.000063 -0.000155 -0.000283 0.000169 0.000163 0.000153 0.000158
1372596313.476560 0.016900 0.000292 -0.000275 -0.000384 0.000172 0.000169 0.000156 0.000158
1375940063.476560 0.016793 0.000010 -0.000290 -0.000211 0.000172 0.000177 0.000176 0.000152
1379283813.476560 0.016889 0.000252 0.000126 -0.000294 0.000175 0.000168 0.000157 0.000175
1382627563.476560 0.016835 0.000053 -0.000154 0.000138 0.000169 0.000158 0.000169 0.000156
1385971313.476560 0.016802 0.000150 -0.000332 -0.000057 0.000167 0.000165 0.000166 0.000177
1389315063.476560 0.016770 0.000078 -0.000259 -0.000003 0.000170 0.000151 0.000160 0.000159
1392658813.476560 0.016917 0.000238 0.000040 0.000056 0.000172 0.000177 0.000159 0.000168
1396002563.476560 0.016839 0.000071 -0.000138 -0.000018 0.000163 0.000158 0.000160 0.000158
1399346313.476560 0.016965 0.000326 -0.000184 -0.000125 0.000173 0.000160 0.000165 0.000157
1402690063.476560 0.016550 0.000227 -0.000102 0.000132 0.000180 0.000182 0.000156 0.000168
1406033813.476560 0.016603 0.000245 -0.000262 0.000057 0.000176 0.000159 0.000167 0.000157
1409377563.476560 0.016653 0.000270 -0.000206 0.000123 0.000172 0.000168 0.000167 0.000172
1412721313.476560 0.016623 -0.000012 -0.000271 -0.000011 0.000165 0.000169 0.000169 0.000165
1416065063.476560 0.016369 0.000265 -0.000213 0.000221 0.000156 0.000160 0.000162 0.000165
1422752563.476560 0.016755 0.000282 -0.000087 0.000214 0.000240 0.000255 0.000243 0.000234
1426096313.476560 0.016523 0.000055 -0.000309 0.000366 0.000160 0.000166 0.000160 0.000164
1429440063.476560 0.016777 0.000198 -0.000232 -0.000110 0.000166 0.000163 0.000175 0.000156
1432783813.476560 0.016772 0.000450 -0.000101 -0.000074 0.000168 0.000165 0.000167 0.000156
1436127563.476560 0.016499 0.000501 -0.000033 -0.000021 0.000163 0.000155 0.000167 0.000154
1439471313.476560 0.016307 0.000349 -0.000549 0.000049 0.000189 0.000175 0.000165 0.000170
1442815063.476560 0.016552 0.000092 -0.000375 -0.000007 0.000168 0.000158 0.000172 0.000173
1446158813.476560 0.016281 0.000300 -0.000463 -0.000280 0.000175 0.000170 0.000159 0.000166
1449502563.476560 0.016584 0.000095 -0.000328 0.000134 0.000173 0.000175 0.000178 0.000166
1452846313.476560 0.016574 0.000396 -0.000318 0.000064 0.000179 0.000169 0.000169 0.000156
1456190063.476560 0.016403 0.000172 -0.000072 -0.000137 0.000169 0.000172 0.000164 0.000158
1459533813.476560 0.016203 0.000406 -0.000258 0.000074 0.000165 0.000164 0.000174 0.000165
1462877563.476560 0.016554 0.000402 -0.000202 0.000052 0.000163 0.000162 0.000164 0.000167
1466221313.476560 0.016422 0.000314 -0.000337 0.000257 0.000183 0.000161 0.000151 0.000165
1469565063.476560 0.016408 -0.000050 -0.000438 0.000105 0.000171 0.000165 0.000174 0.000163
1472908813.476560 0.016091 0.000097 -0.000359 0.000170 0.000167 0.000169 0.000170 0.000169
1476252563.476560 0.016283 -0.000059 -0.000156 -0.000054 0.000180 0.000152 0.000156 0.000183
1479596313.476560 0.016380 0.000177 -0.000267 -0.000214 0.000172 0.000162 0.000171 0.000162
1482940063.476560 0.016244 0.000081 -0.000391 -0.000186 0.000180 0.000175 0.000175 0.000153
1486283813.476560 0.016144 0.000126 -0.000356 0.000056 0.000181 0.000163 0.000163 0.000161
1489627563.476560 0.015897 0.000418 -0.000257 0.000303 0.000170 0.000170 0.000174 0.000164
1492971313.476560 0.015845 0.000025 0.000052 0.000286 0.000159 0.000170 0.000167 0.000159
1496315063.476560 0.016017 0.000273 -0.000074 -0.000265 0.000165 0.000159 0.000177 0.000174
1499658813.476560 0.016107 0.000201 0.000066 0.000357 0.000186 0.000192 0.000192 0.000186
1503002563.476560 0.016122 0.000234 -0.000264 -0.000122 0.000183 0.000200 0.000177 0.000191
1506346313.476560 0.016173 0.000163 -0.000168 0.000201 0.000182 0.000173 0.000182 0.000176
1509690063.476560 0.016107 0.000406 -0.000349 0.000047 0.000181 0.000173 0.000188 0.000176
1513033813.476560 0.016068 0.000061 0.000099 0.000123 0.000192 0.000184 0.000182 0.000178
1516377563.476560 0.016090 -0.000027 -0.000288 -0.000033 0.000240 0.000227 0.000232 0.000243
1519721313.476560 0.014522 0.000636 -0.000238 -0.000597 0.000366 0.000373 0.000355 0.000377
1523065063.476560 0.015933 0.000522 0.000259 0.000451 0.000351 0.000381 0.000335 0.000371
1526408813.476560 0.015426 0.000201 -0.000041 -0.000463 0.000528 0.000512 0.000450 0.000483
1529752563.476560 0.015412 -0.000381 -0.000867 -0.000302 0.000459 0.000428 0.000395 0.000474
1533096313.476560 0.015376 0.000200 -0.000334 -0.000021 0.000351 0.000314 0.000310 0.000343
1536440063.476560 0.015991 0.000664 -0.000438 0.000660 0.000353 0.000356 0.000322 0.000332
1539783813.476560 0.013479 0.001288 0.000286 -0.001280 0.000684 0.000623 0.000668 0.000714
1543127563.476560 0.015481 0.000395 0.000922 -0.000285 0.000494 0.000411 0.000484 0.000460
1546471313.476560 0.014943 -0.000240 0.000524 -0.000980 0.000669 0.000622 0.000592 0.000636
1549815063.476560 0.016149 0.000072 -0.000193 -0.000113 0.000357 0.000315 0.000313 0.000315
1553158813.476560 0.016118 -0.000097 -0.000164 -0.000200 0.000200 0.000197 0.000189 0.000192
1556502563.476560 0.016074 0.000020 -0.000205 -0.000162 0.000213 0.000224 0.000218 0.000205
1559846313.476560 0.014547 -0.000723 -0.000180 -0.000986 0.000534 0.000438 0.000502 0.000482
1563190063.476560 0.016302 0.000386 0.000032 0.000485 0.000313 0.000276 0.000298 0.000272
1566533813.476560 0.015669 0.000318 -0.000168 -0.000311 0.000186 0.000189 0.000191 0.000197
1569877563.476560 0.015312 0.000083 -0.000500 -0.000170 0.000227 0.000221 0.000214 0.000199
1573221313.476560 0.014424 -0.000069 0.000142 -0.000761 0.000454 0.000442 0.000403 0.000390
1576565063.476560 0.015973 0.001353 -0.000415 0.000769 0.001123 0.000856 0.000993 0.000867
1579908813.476560 0.015329 0.000091 -0.000262 -0.000026 0.000260 0.000236 0.000222 0.000232
1583252563.476560 0.015774 0.000569 -0.000231 -0.000018 0.000198 0.000205 0.000203 0.000190
1586596313.476560 0.015799 0.000156 0.000065 0.000171 0.000212 0.000199 0.000194 0.000201
1589940063.476560 0.014042 0.000236 0.000197 -0.000777 0.000352 0.000318 0.000314 0.000352
1593283813.476560 0.015730 0.000396 -0.000165 -0.000124 0.000229 0.000215 0.000229 0.000233
1596627563.476560 0.015677 -0.000041 0.000187 -0.000014 0.000217 0.000210 0.000211 0.000220
1599971313.476560 0.015266 -0.000177 -0.000314 -0.000560 0.000294 0.000269 0.000262 0.000285
1603315063.476560 0.014857 0.000469 -0.000389 -0.000495 0.000282 0.000257 0.000255 0.000265
1606658813.476560 0.015476 -0.000284 -0.000561 0.000098 0.000237 0.000232 0.000210 0.000225
1610002563.476560 0.015834 0.000349 -0.000014 0.000200 0.000192 0.000185 0.000179 0.000185
1613346313.476560 0.015623 0.000153 -0.000089 -0.000073 0.000187 0.000176 0.000169 0.000180
1616690063.476560 0.015415 0.000370 -0.000401 -0.000246 0.000227 0.000246 0.000238 0.000230
1620033813.476560 0.014114 -0.001800 -0.000366 -0.000322 0.000989 0.000821 0.000831 0.000827
1630065063.476560 0.015564 0.000083 -0.000574 -0.000282 0.000175 0.000174 0.000174 0.000172
1633408813.476560 0.015293 0.000142 -0.000060 -0.000304 0.000170 0.000173 0.000172 0.000192
1636752563.476560 0.014875 -0.000046 -0.000535 0.000232 0.000182 0.000183 0.000182 0.000169
1640096313.476560 0.014890 -0.000015 0.000121 -0.000466 0.000183 0.000191 0.000173 0.000184
1643440063.476560 0.014751 0.000307 0.000238 -0.000063 0.000176 0.000171 0.000175 0.000172
1646783813.476560 0.015057 0.000468 -0.000150 0.000456 0.000163 0.000173 0.000176 0.000179
