# # SwiftJ1727 QU data converted from WAPITI text output
# # Date (ISO): 2023-10-16T15:57:47.586
# # Columns: freq(Hz) I(Jy) Q(Jy) U(Jy) V(Jy) dI(Jy) dQ(Jy) dU(Jy) dV(Jy)
# 
901900000.000000 0.125795 0.003519 -0.001479 0.000451 0.000594 0.000524 0.000541 0.000515
903500000.000000 0.124296 0.003313 -0.001141 -0.000987 0.000514 0.000316 0.000340 0.000382
905200000.000000 0.124883 0.003330 -0.000704 -0.000340 0.000458 0.000343 0.000431 0.000340
906900000.000000 0.124799 0.003581 -0.001205 -0.000233 0.000440 0.000316 0.000379 0.000395
908600000.000000 0.124558 0.003150 -0.001208 -0.001474 0.000429 0.000335 0.000376 0.000395
910200000.000000 0.122890 0.003017 -0.001217 -0.000027 0.000430 0.000390 0.000347 0.000334
911900000.000000 0.124280 0.002966 -0.001257 -0.000137 0.000413 0.000335 0.000297 0.000374
913600000.000000 0.123198 0.003242 -0.000895 -0.000095 0.000461 0.000308 0.000389 0.000366
915200000.000000 0.123446 0.003388 -0.001092 -0.000425 0.000434 0.000355 0.000358 0.000320
916900000.000000 0.123957 0.003180 -0.001117 -0.000394 0.000398 0.000327 0.000338 0.000310
918600000.000000 0.124492 0.002624 -0.000941 -0.000147 0.000392 0.000319 0.000319 0.000294
920300000.000000 0.123748 0.003368 -0.000842 -0.000484 0.000451 0.000322 0.000327 0.000375
921900000.000000 0.122767 0.003198 -0.001085 -0.000338 0.000456 0.000325 0.000342 0.000339
923600000.000000 0.121939 0.002791 -0.000532 -0.000614 0.000432 0.000310 0.000321 0.000356
925300000.000000 0.122541 0.002926 -0.000367 -0.000270 0.000426 0.000356 0.000314 0.000349
927000000.000000 0.122586 0.003427 -0.000440 -0.000751 0.000437 0.000344 0.000314 0.000332
928600000.000000 0.123443 0.003205 -0.000472 -0.000006 0.000422 0.000322 0.000311 0.000291
930300000.000000 0.122263 0.002893 0.000019 -0.000523 0.000394 0.000336 0.000309 0.000299
932000000.000000 0.122068 0.002980 -0.000870 0.000271 0.000397 0.000349 0.000321 0.000341
933600000.000000 0.122938 0.002312 -0.000395 0.000986 0.000901 0.001020 0.000942 0.000876
948700000.000000 0.121514 0.002987 -0.001166 0.000983 0.001346 0.001573 0.001463 0.001552
950400000.000000 0.121395 0.002871 -0.001179 -0.000162 0.000431 0.000369 0.000373 0.000411
952000000.000000 0.121571 0.002843 -0.001427 0.000108 0.000370 0.000344 0.000314 0.000314
953700000.000000 0.121418 0.002545 -0.000783 -0.000402 0.000414 0.000357 0.000346 0.000367
955400000.000000 0.121956 0.002267 -0.000115 0.000599 0.000640 0.000621 0.000610 0.000713
957000000.000000 0.122917 0.001717 -0.000930 -0.000131 0.000740 0.000593 0.000829 0.000613
958700000.000000 0.122768 0.003242 -0.000138 -0.000885 0.000726 0.000673 0.000584 0.000601
960400000.000000 0.123645 0.003241 -0.001015 -0.000279 0.000669 0.000595 0.000532 0.000521
962100000.000000 0.122472 0.002597 -0.000234 -0.000429 0.000425 0.000324 0.000330 0.000313
963700000.000000 0.120822 0.003071 -0.000160 -0.000121 0.000382 0.000336 0.000340 0.000316
965400000.000000 0.120624 0.003079 -0.000510 -0.000233 0.000385 0.000328 0.000291 0.000287
967100000.000000 0.119993 0.002835 -0.000422 -0.000461 0.000386 0.000343 0.000323 0.000317
968700000.000000 0.120037 0.002869 0.000018 -0.000641 0.000336 0.000309 0.000315 0.000332
970400000.000000 0.119042 0.002559 0.000030 -0.000572 0.000382 0.000314 0.000289 0.000327
972100000.000000 0.119512 0.002076 -0.000307 -0.000771 0.000370 0.000311 0.000327 0.000305
973800000.000000 0.118868 0.002316 0.000211 -0.000103 0.000373 0.000296 0.000309 0.000293
975400000.000000 0.119930 0.002321 0.000035 -0.000433 0.000361 0.000304 0.000307 0.000318
977100000.000000 0.119260 0.002243 0.000401 -0.000061 0.000376 0.000286 0.000273 0.000254
978800000.000000 0.119726 0.002588 0.000051 -0.000208 0.000361 0.000322 0.000306 0.000300
980500000.000000 0.119013 0.003135 0.000093 -0.000521 0.000390 0.000333 0.000296 0.000286
982100000.000000 0.118956 0.003165 0.000724 0.001095 0.000373 0.000265 0.000280 0.000270
983800000.000000 0.118966 0.003068 -0.000047 -0.000427 0.000385 0.000301 0.000321 0.000302
985500000.000000 0.118015 0.002482 0.000348 0.000188 0.000359 0.000313 0.000287 0.000296
987100000.000000 0.118795 0.002530 0.000273 0.000274 0.000338 0.000258 0.000307 0.000289
988800000.000000 0.118915 0.002574 -0.000047 0.000015 0.000430 0.000308 0.000290 0.000305
990500000.000000 0.118924 0.002120 0.000331 -0.000424 0.000359 0.000318 0.000350 0.000296
992200000.000000 0.118984 0.002405 -0.000048 -0.000142 0.000361 0.000266 0.000290 0.000292
993800000.000000 0.118159 0.002487 0.000085 -0.000625 0.000356 0.000318 0.000325 0.000326
995500000.000000 0.118139 0.002089 0.000195 -0.001050 0.000381 0.000310 0.000282 0.000302
997200000.000000 0.118779 0.002797 0.000255 -0.000395 0.000369 0.000296 0.000290 0.000300
998800000.000000 0.119121 0.002045 0.000863 -0.000301 0.000384 0.000307 0.000323 0.000335
1000500000.000000 0.117966 0.002744 0.000794 -0.000376 0.000353 0.000276 0.000285 0.000286
1002200000.000000 0.118251 0.002123 0.000678 -0.000217 0.000357 0.000306 0.000296 0.000300
1003900000.000000 0.118608 0.002483 0.000048 -0.000595 0.000370 0.000293 0.000293 0.000284
1005500000.000000 0.118064 0.001831 0.000345 -0.000553 0.000371 0.000328 0.000300 0.000269
1007200000.000000 0.117917 0.002465 0.000703 -0.000498 0.000376 0.000272 0.000318 0.000274
1008900000.000000 0.117597 0.002503 0.000557 -0.000585 0.000374 0.000257 0.000335 0.000279
1010500000.000000 0.117595 0.002587 0.000010 -0.000219 0.000325 0.000291 0.000290 0.000281
1012200000.000000 0.118178 0.002253 0.000017 -0.000763 0.000350 0.000321 0.000294 0.000295
1013900000.000000 0.117984 0.002339 0.000576 -0.000472 0.000345 0.000306 0.000264 0.000287
1015600000.000000 0.118409 0.002129 0.000357 -0.000928 0.000316 0.000316 0.000329 0.000323
1017200000.000000 0.117969 0.002064 0.000458 0.000096 0.000359 0.000293 0.000301 0.000284
1018900000.000000 0.118308 0.002348 0.000403 -0.000219 0.000325 0.000290 0.000314 0.000320
1020600000.000000 0.117469 0.001833 0.000197 -0.000336 0.000332 0.000297 0.000342 0.000285
1022200000.000000 0.117335 0.002561 0.000361 -0.000564 0.000306 0.000269 0.000304 0.000302
1023900000.000000 0.116878 0.002404 0.000794 -0.000035 0.000369 0.000301 0.000303 0.000288
1025600000.000000 0.116940 0.002146 0.000926 -0.000516 0.000353 0.000311 0.000307 0.000291
1027300000.000000 0.116053 0.001869 0.000281 -0.000272 0.000390 0.000325 0.000327 0.000286
1028900000.000000 0.117158 0.002846 0.000302 0.000346 0.000588 0.000535 0.000476 0.000466
1030600000.000000 0.114869 0.002432 0.001083 -0.000122 0.000689 0.000568 0.000492 0.000578
1032300000.000000 0.117571 0.001693 0.000904 -0.000450 0.000429 0.000380 0.000372 0.000326
1034000000.000000 0.117503 0.001897 0.000800 -0.000627 0.000333 0.000308 0.000292 0.000309
1035600000.000000 0.118045 0.002424 0.000443 0.000020 0.000295 0.000289 0.000330 0.000323
1037300000.000000 0.117316 0.001665 0.000905 0.000240 0.000322 0.000302 0.000316 0.000271
1039000000.000000 0.116480 0.002001 0.000588 0.000118 0.000328 0.000289 0.000297 0.000303
1040600000.000000 0.114929 0.002380 0.001353 -0.000035 0.000360 0.000324 0.000323 0.000317
1042300000.000000 0.117130 0.001593 0.000436 -0.000313 0.000320 0.000305 0.000307 0.000353
1044000000.000000 0.116379 0.001923 0.000462 -0.000237 0.000340 0.000271 0.000293 0.000287
1045700000.000000 0.116362 0.001597 0.000988 -0.000063 0.000313 0.000302 0.000322 0.000287
1047300000.000000 0.116575 0.001740 0.001070 -0.000916 0.000333 0.000292 0.000312 0.000300
1049000000.000000 0.115869 0.001676 0.000956 -0.000520 0.000297 0.000294 0.000318 0.000288
1050700000.000000 0.116193 0.001847 0.001095 -0.000716 0.000345 0.000313 0.000368 0.000305
1052300000.000000 0.115391 0.002242 0.001246 -0.000464 0.000426 0.000353 0.000326 0.000325
1054000000.000000 0.116423 0.001720 0.000537 -0.000034 0.000313 0.000269 0.000295 0.000317
1055700000.000000 0.115920 0.001273 0.001862 -0.000564 0.000348 0.000291 0.000311 0.000300
1057400000.000000 0.115811 0.002001 0.001423 -0.000466 0.000286 0.000288 0.000308 0.000268
1059000000.000000 0.116295 0.001889 0.001147 -0.000334 0.000298 0.000298 0.000277 0.000289
1060700000.000000 0.115840 0.001701 0.001238 -0.000249 0.000301 0.000296 0.000306 0.000293
1062400000.000000 0.115360 0.001710 0.001474 -0.000949 0.000302 0.000293 0.000252 0.000263
1064000000.000000 0.114944 0.002128 0.001561 0.000089 0.000323 0.000324 0.000295 0.000267
1065700000.000000 0.115478 0.001759 0.001414 -0.000343 0.000304 0.000293 0.000297 0.000316
1067400000.000000 0.115359 0.002210 0.001426 0.000308 0.000309 0.000271 0.000321 0.000284
1069100000.000000 0.115349 0.001591 0.001432 -0.000136 0.000319 0.000308 0.000295 0.000266
1070700000.000000 0.115238 0.001182 0.000755 -0.000144 0.000314 0.000328 0.000284 0.000335
1072400000.000000 0.115335 0.001473 0.001084 0.000662 0.000300 0.000307 0.000311 0.000245
1074100000.000000 0.115161 0.001571 0.001464 0.000336 0.000305 0.000308 0.000290 0.000276
1075700000.000000 0.115353 0.001868 0.001057 0.000180 0.000336 0.000288 0.000287 0.000289
1077400000.000000 0.115293 0.001510 0.001138 0.000032 0.000320 0.000295 0.000295 0.000302
1079100000.000000 0.114974 0.001427 0.001199 -0.000002 0.000303 0.000304 0.000306 0.000257
1080800000.000000 0.115111 0.001133 0.001871 0.000292 0.000313 0.000337 0.000279 0.000300
1082400000.000000 0.114027 0.001545 0.002217 0.000168 0.000320 0.000273 0.000281 0.000274
1084100000.000000 0.114602 0.002005 0.002571 0.000004 0.000329 0.000273 0.000307 0.000306
1085800000.000000 0.114607 0.001831 0.003187 0.000203 0.000471 0.000372 0.000433 0.000408
1087500000.000000 0.112636 0.000744 0.007889 -0.002451 0.002355 0.001622 0.001945 0.001715
1092500000.000000 0.121964 0.018788 0.006014 -0.006015 0.004151 0.004171 0.005099 0.004473
1094100000.000000 0.113795 0.001528 0.003219 -0.000068 0.000381 0.000337 0.000366 0.000359
1095800000.000000 0.116084 0.001122 0.000909 -0.000169 0.000316 0.000305 0.000272 0.000271
1097500000.000000 0.114942 0.001425 0.001423 0.000108 0.000304 0.000268 0.000288 0.000276
1099200000.000000 0.114293 0.001326 0.001600 -0.000369 0.000315 0.000295 0.000297 0.000256
1100800000.000000 0.114661 0.000945 0.001569 -0.000307 0.000325 0.000323 0.000300 0.000294
1102500000.000000 0.110621 0.001822 0.002009 -0.000939 0.000495 0.000419 0.000434 0.000439
1104200000.000000 0.115721 0.001379 0.001984 0.000478 0.000379 0.000406 0.000321 0.000349
1105800000.000000 0.114766 0.001200 0.001427 -0.000131 0.000331 0.000318 0.000352 0.000315
1107500000.000000 0.112051 0.000696 0.001448 -0.000231 0.000379 0.000364 0.000379 0.000327
1109200000.000000 0.115196 0.001541 0.001069 -0.000158 0.000318 0.000273 0.000275 0.000306
1110900000.000000 0.114395 0.001095 0.001440 0.000027 0.000339 0.000319 0.000293 0.000292
1112500000.000000 0.111950 0.002664 0.001127 -0.000501 0.000380 0.000405 0.000311 0.000284
1114200000.000000 0.114269 0.001351 0.001225 -0.000088 0.000284 0.000303 0.000255 0.000315
1115900000.000000 0.113262 0.001378 0.000998 0.000024 0.000283 0.000294 0.000287 0.000289
1117500000.000000 0.113768 0.000929 0.001283 0.000084 0.000307 0.000302 0.000275 0.000264
1119200000.000000 0.114191 0.001004 0.001130 -0.000079 0.000303 0.000275 0.000297 0.000262
1120900000.000000 0.113664 0.001145 0.001386 0.000041 0.000287 0.000286 0.000299 0.000279
1122600000.000000 0.112986 0.000839 0.001636 0.000065 0.000283 0.000326 0.000325 0.000289
1124200000.000000 0.112556 0.000430 0.001820 -0.000039 0.000366 0.000344 0.000355 0.000323
1125900000.000000 0.113561 0.000338 0.002203 -0.000409 0.000387 0.000283 0.000311 0.000338
1127600000.000000 0.112783 0.001308 0.001781 0.000029 0.000346 0.000334 0.000374 0.000347
1129200000.000000 0.114821 0.001270 0.001305 -0.000285 0.000318 0.000275 0.000294 0.000287
1130900000.000000 0.114222 0.001094 0.001214 -0.000075 0.000306 0.000295 0.000260 0.000295
1132600000.000000 0.114781 0.000453 0.001737 -0.000059 0.000274 0.000304 0.000296 0.000262
1134300000.000000 0.115079 0.001928 0.001727 -0.000039 0.000374 0.000396 0.000295 0.000354
1135900000.000000 0.104359 0.002203 0.005061 -0.000462 0.000618 0.000489 0.000452 0.000463
1137600000.000000 0.111435 0.000871 0.001964 0.000754 0.000423 0.000321 0.000336 0.000369
1139300000.000000 0.114817 0.000900 0.001783 0.000092 0.000344 0.000308 0.000275 0.000297
1141000000.000000 0.112971 0.000888 0.001809 0.000212 0.000444 0.000359 0.000324 0.000353
1142600000.000000 0.113705 0.000496 0.001321 -0.000810 0.000359 0.000322 0.000332 0.000317
1144300000.000000 0.116383 0.000710 0.001054 -0.000249 0.000402 0.000416 0.000369 0.000403
1146000000.000000 0.113260 0.001458 0.001540 -0.000299 0.000474 0.000425 0.000418 0.000410
1147600000.000000 0.111728 -0.000017 0.001640 -0.000645 0.000529 0.000429 0.000473 0.000447
1149300000.000000 0.111553 0.000575 0.000900 0.000476 0.000516 0.000466 0.000437 0.000504
1151000000.000000 0.110347 0.001707 0.001445 -0.000088 0.000498 0.000460 0.000383 0.000395
1152700000.000000 0.113742 0.001117 0.001498 0.000273 0.000369 0.000346 0.000294 0.000389
1154300000.000000 0.113661 0.000783 0.001401 -0.000451 0.000308 0.000358 0.000323 0.000319
1156000000.000000 0.114232 0.001276 0.001707 -0.000114 0.000321 0.000318 0.000320 0.000306
1157700000.000000 0.114337 0.001274 0.001563 -0.000180 0.000329 0.000283 0.000304 0.000324
1159300000.000000 0.113329 0.000534 0.001424 -0.001013 0.000399 0.000421 0.000333 0.000360
1161000000.000000 0.111088 0.000974 0.001463 -0.001074 0.000423 0.000354 0.000360 0.000358
1162700000.000000 0.113070 0.000741 0.000883 -0.000558 0.000447 0.000363 0.000362 0.000394
1164400000.000000 0.112725 0.000768 0.001646 -0.000368 0.000368 0.000345 0.000319 0.000343
1166000000.000000 0.113396 0.000583 0.001041 0.000217 0.000345 0.000336 0.000309 0.000312
1167700000.000000 0.113322 0.001474 0.001961 -0.000920 0.000422 0.000398 0.000419 0.000363
1169400000.000000 0.112310 -0.000434 0.000894 0.000386 0.000916 0.000835 0.000898 0.000844
1171000000.000000 0.116145 0.008499 -0.007538 -0.000851 0.006108 0.005082 0.003423 0.002192
1182700000.000000 0.116572 0.003454 -0.000854 0.000799 0.001077 0.001187 0.001159 0.001189
1184400000.000000 0.113621 0.000264 0.001274 0.000004 0.000519 0.000626 0.000484 0.000570
1186100000.000000 0.113284 -0.000269 0.001185 -0.000058 0.000391 0.000345 0.000323 0.000342
1187800000.000000 0.113922 0.000735 0.001679 -0.000153 0.000325 0.000332 0.000287 0.000319
1189400000.000000 0.112183 0.000590 0.000964 0.000271 0.000382 0.000425 0.000398 0.000392
1191100000.000000 0.108928 -0.000664 0.001914 -0.000436 0.000465 0.000398 0.000437 0.000492
1192800000.000000 0.110763 0.000133 0.002139 0.000711 0.000461 0.000394 0.000418 0.000378
1194500000.000000 0.113341 0.000515 0.001819 0.000137 0.000372 0.000404 0.000358 0.000337
1196100000.000000 0.114587 0.000206 0.001667 -0.000024 0.000327 0.000312 0.000303 0.000342
1197800000.000000 0.114977 0.000330 -0.000056 -0.000843 0.000471 0.000361 0.000389 0.000419
1199500000.000000 0.114434 -0.000701 0.000922 -0.000121 0.000549 0.000474 0.000523 0.000496
1201100000.000000 0.110765 -0.000266 0.000960 -0.001113 0.000752 0.000681 0.000759 0.001027
1202800000.000000 0.106997 0.000427 0.000972 0.000873 0.001380 0.001287 0.001366 0.001273
1204500000.000000 0.124354 0.000963 -0.000505 0.003068 0.002561 0.002708 0.001712 0.001864
1206200000.000000 0.121325 0.005539 -0.007572 -0.001663 0.005503 0.004610 0.005974 0.007135
1207800000.000000 0.128195 0.008119 -0.009224 -0.009453 0.009319 0.007252 0.006182 0.008984
1209500000.000000 0.121060 0.004542 0.000337 -0.000933 0.003041 0.002610 0.002770 0.001516
1211200000.000000 0.103520 -0.001012 -0.000028 0.001486 0.001446 0.001109 0.001282 0.001312
1212800000.000000 0.112440 -0.000700 0.002700 0.000449 0.000787 0.000678 0.000671 0.000794
1214500000.000000 0.115405 -0.000503 0.002012 -0.000579 0.000532 0.000520 0.000467 0.000475
1216200000.000000 0.115026 -0.000476 0.001388 -0.000569 0.000449 0.000338 0.000429 0.000395
1217900000.000000 0.111892 -0.000405 0.000553 -0.000622 0.000391 0.000342 0.000345 0.000352
1219500000.000000 0.112761 -0.000502 0.001807 -0.000175 0.000428 0.000382 0.000354 0.000372
1221200000.000000 0.112308 0.000635 0.002644 0.000273 0.000467 0.000430 0.000408 0.000401
1222900000.000000 0.111244 -0.000120 0.002521 0.000323 0.000565 0.000502 0.000516 0.000575
1224500000.000000 0.114444 0.000951 0.001370 -0.000415 0.000814 0.000635 0.000629 0.000739
1226200000.000000 0.113599 0.001705 0.005015 -0.000682 0.001281 0.001119 0.001053 0.000971
1227900000.000000 0.101123 -0.001431 0.004870 0.006379 0.002614 0.002103 0.002363 0.002511
1229600000.000000 0.113194 0.000964 0.002195 0.000326 0.001009 0.000902 0.001035 0.000836
1231200000.000000 0.108887 0.000378 0.002263 0.000998 0.000628 0.000568 0.000550 0.000654
1232900000.000000 0.111451 0.000146 0.002419 -0.001088 0.000535 0.000449 0.000448 0.000450
1234600000.000000 0.112919 -0.000616 0.002236 -0.000473 0.000482 0.000389 0.000416 0.000388
1236200000.000000 0.111718 -0.000492 0.001937 -0.000911 0.000468 0.000404 0.000402 0.000440
1237900000.000000 0.108985 0.000233 0.002299 -0.000719 0.000422 0.000342 0.000344 0.000370
1239600000.000000 0.111884 -0.000256 0.001648 -0.000121 0.000369 0.000307 0.000298 0.000301
1241300000.000000 0.111058 0.000449 0.001856 0.000613 0.000339 0.000323 0.000268 0.000318
1242900000.000000 0.111584 0.000589 0.001296 0.000275 0.000392 0.000339 0.000340 0.000382
1244600000.000000 0.109242 0.000660 0.002313 0.001824 0.000649 0.000457 0.000421 0.000535
1246300000.000000 0.105426 0.000231 -0.000055 -0.002404 0.000693 0.000493 0.000516 0.000596
1248000000.000000 0.110705 -0.001916 0.002401 0.000055 0.000487 0.000466 0.000486 0.000525
1249600000.000000 0.114901 -0.000407 0.001515 -0.000562 0.000345 0.000365 0.000363 0.000372
1251300000.000000 0.112073 -0.000380 0.002558 -0.000398 0.000355 0.000350 0.000328 0.000304
1253000000.000000 0.110394 -0.000628 0.001939 -0.000195 0.000389 0.000343 0.000320 0.000349
1254600000.000000 0.108103 -0.000377 0.001707 0.001335 0.000418 0.000336 0.000330 0.000347
1256300000.000000 0.111477 -0.000444 0.001691 0.000582 0.000365 0.000315 0.000329 0.000314
1258000000.000000 0.112154 0.000094 0.001768 -0.000278 0.000318 0.000306 0.000326 0.000291
1259700000.000000 0.112418 0.000027 0.002258 -0.000190 0.000427 0.000437 0.000393 0.000385
1261300000.000000 0.109808 -0.000728 0.002331 0.000383 0.000685 0.000594 0.000555 0.000549
1263000000.000000 0.105461 -0.002153 0.001113 0.000211 0.001457 0.001078 0.001182 0.001298
1273000000.000000 0.110924 -0.008374 0.005534 -0.008248 0.006605 0.005542 0.009088 0.006071
1274700000.000000 0.119784 0.001768 0.000391 -0.000756 0.001047 0.000890 0.001132 0.000920
1276400000.000000 0.118060 0.002815 0.001614 -0.001725 0.001580 0.001941 0.001901 0.001464
1278000000.000000 0.097074 -0.007898 0.003205 -0.001715 0.004097 0.002778 0.002916 0.003806
1279700000.000000 0.098812 0.001194 0.004880 0.005174 0.003613 0.002665 0.003648 0.002909
1281400000.000000 0.112280 -0.001711 0.002718 -0.000520 0.001303 0.001220 0.001499 0.001170
1283100000.000000 0.113767 -0.000109 0.001159 -0.000550 0.000461 0.000448 0.000513 0.000510
1284700000.000000 0.112103 0.000360 0.002038 -0.000533 0.000435 0.000424 0.000465 0.000463
1286400000.000000 0.111546 0.001449 0.003407 0.001716 0.001121 0.000892 0.000926 0.000983
1288100000.000000 0.111801 0.001104 0.003756 -0.003451 0.003101 0.004331 0.004168 0.003512
1289700000.000000 0.108033 -0.000097 0.005722 -0.004592 0.002625 0.003420 0.003179 0.003754
1291400000.000000 0.107631 -0.000539 0.001848 0.001064 0.002205 0.002122 0.002003 0.002060
1293100000.000000 0.109818 -0.000824 0.001992 0.000847 0.000605 0.000533 0.000514 0.000578
1294800000.000000 0.111425 -0.001529 0.002149 0.000139 0.000368 0.000327 0.000319 0.000383
1296400000.000000 0.109529 -0.000186 0.002456 -0.000439 0.000329 0.000309 0.000303 0.000330
1298100000.000000 0.109953 -0.000356 0.001612 0.000042 0.000319 0.000269 0.000273 0.000276
1299800000.000000 0.110269 0.000119 0.001771 0.000099 0.000276 0.000287 0.000240 0.000257
1301500000.000000 0.108623 -0.000317 0.001864 0.000653 0.000288 0.000258 0.000269 0.000297
1303100000.000000 0.109457 -0.000448 0.001445 -0.000229 0.000262 0.000257 0.000256 0.000269
1304800000.000000 0.109477 0.000058 0.001901 -0.000387 0.000263 0.000236 0.000272 0.000251
1306500000.000000 0.109382 -0.000126 0.002085 -0.000665 0.000256 0.000234 0.000255 0.000235
1308100000.000000 0.108840 -0.000166 0.002045 0.000137 0.000247 0.000250 0.000267 0.000238
1309800000.000000 0.108985 -0.000561 0.002086 0.000124 0.000269 0.000229 0.000259 0.000244
1311500000.000000 0.109388 -0.000510 0.002303 -0.000262 0.000253 0.000251 0.000242 0.000221
1313200000.000000 0.108941 -0.000539 0.002178 -0.000518 0.000264 0.000253 0.000245 0.000237
1314800000.000000 0.109106 -0.000337 0.001754 -0.000253 0.000256 0.000230 0.000253 0.000253
1316500000.000000 0.108869 -0.000122 0.001878 0.000164 0.000249 0.000289 0.000253 0.000234
1318200000.000000 0.108466 -0.000347 0.002060 -0.000181 0.000245 0.000260 0.000226 0.000233
1319800000.000000 0.108772 -0.000526 0.001974 -0.000030 0.000274 0.000248 0.000235 0.000246
1321500000.000000 0.108930 -0.000761 0.002142 0.000103 0.000220 0.000240 0.000223 0.000256
1323200000.000000 0.108816 -0.000937 0.002334 -0.000148 0.000250 0.000244 0.000253 0.000240
1324900000.000000 0.108952 -0.000067 0.002187 -0.000035 0.000235 0.000257 0.000232 0.000228
1326500000.000000 0.108965 -0.000718 0.001906 -0.000374 0.000255 0.000266 0.000267 0.000257
1328200000.000000 0.108595 -0.000409 0.001833 0.000052 0.000231 0.000243 0.000258 0.000256
1329900000.000000 0.108409 -0.000461 0.002293 -0.000010 0.000232 0.000230 0.000261 0.000239
1331500000.000000 0.108522 -0.000690 0.002454 0.000231 0.000247 0.000282 0.000271 0.000251
1333200000.000000 0.108479 -0.000691 0.001960 0.000152 0.000226 0.000231 0.000225 0.000248
1334900000.000000 0.108503 -0.000464 0.002118 -0.000073 0.000255 0.000227 0.000252 0.000250
1336600000.000000 0.107846 -0.000434 0.002135 -0.000301 0.000281 0.000241 0.000229 0.000273
1338200000.000000 0.108071 -0.000211 0.002571 -0.000055 0.000247 0.000237 0.000247 0.000228
1339900000.000000 0.108417 -0.000750 0.002053 -0.000434 0.000253 0.000231 0.000243 0.000228
1341600000.000000 0.108813 -0.001135 0.001754 -0.000022 0.000266 0.000229 0.000241 0.000285
1343200000.000000 0.108276 -0.000315 0.001609 0.000258 0.000256 0.000290 0.000234 0.000228
1344900000.000000 0.108668 -0.000654 0.002248 -0.000191 0.000267 0.000255 0.000232 0.000253
1346600000.000000 0.108609 -0.000906 0.002163 -0.000082 0.000244 0.000253 0.000237 0.000247
1348300000.000000 0.108118 -0.000867 0.002084 0.000366 0.000249 0.000250 0.000256 0.000233
1349900000.000000 0.107987 -0.000375 0.002038 -0.000018 0.000262 0.000258 0.000265 0.000240
1351600000.000000 0.107886 -0.000426 0.001982 0.000174 0.000232 0.000247 0.000260 0.000248
1353300000.000000 0.107997 -0.000891 0.001754 -0.000294 0.000265 0.000243 0.000226 0.000239
1355000000.000000 0.108173 -0.000901 0.002073 -0.000258 0.000255 0.000256 0.000250 0.000273
1356600000.000000 0.108066 -0.000366 0.002169 -0.000079 0.000258 0.000228 0.000250 0.000251
1358300000.000000 0.107862 -0.000669 0.002235 -0.000112 0.000242 0.000247 0.000231 0.000259
1360000000.000000 0.107879 -0.000650 0.002276 -0.000101 0.000236 0.000265 0.000238 0.000248
1361600000.000000 0.108050 -0.000623 0.002587 0.000377 0.000227 0.000241 0.000254 0.000238
1363300000.000000 0.108349 -0.000907 0.002332 -0.000146 0.000244 0.000247 0.000241 0.000234
1365000000.000000 0.107779 -0.000830 0.002106 -0.000343 0.000247 0.000250 0.000243 0.000226
1366700000.000000 0.107751 -0.000487 0.002770 -0.000048 0.000258 0.000233 0.000249 0.000232
1368300000.000000 0.108114 -0.000299 0.002067 0.000166 0.000240 0.000241 0.000255 0.000232
1370000000.000000 0.107335 -0.000930 0.002341 -0.000032 0.000237 0.000260 0.000245 0.000240
1371700000.000000 0.107678 -0.000506 0.001926 0.000018 0.000253 0.000253 0.000233 0.000239
1373300000.000000 0.107305 -0.000545 0.001905 0.000147 0.000252 0.000242 0.000249 0.000215
1375000000.000000 0.107301 -0.000791 0.002071 -0.000016 0.000247 0.000240 0.000253 0.000227
1376700000.000000 0.107454 -0.000491 0.001852 -0.000164 0.000246 0.000241 0.000227 0.000232
1378400000.000000 0.107737 -0.000358 0.002571 -0.000317 0.000246 0.000255 0.000248 0.000251
1380000000.000000 0.107225 -0.001017 0.002279 0.000258 0.000303 0.000245 0.000252 0.000236
1381700000.000000 0.106894 -0.000312 0.002174 0.000006 0.000270 0.000274 0.000242 0.000248
1383400000.000000 0.107475 -0.000649 0.002677 -0.000067 0.000243 0.000233 0.000249 0.000249
1385000000.000000 0.107252 -0.000712 0.001616 0.000154 0.000246 0.000232 0.000221 0.000246
1386700000.000000 0.106540 -0.000865 0.002513 -0.000078 0.000242 0.000245 0.000224 0.000229
1388400000.000000 0.107534 -0.000973 0.002034 -0.000518 0.000226 0.000251 0.000247 0.000252
1390100000.000000 0.106982 -0.001026 0.001824 -0.000002 0.000236 0.000227 0.000264 0.000238
1391700000.000000 0.106754 -0.000808 0.002023 -0.000000 0.000259 0.000233 0.000222 0.000249
1393400000.000000 0.106978 -0.000487 0.002220 -0.000146 0.000222 0.000252 0.000226 0.000233
1395100000.000000 0.107209 -0.000534 0.001843 0.000367 0.000234 0.000231 0.000266 0.000241
1396700000.000000 0.106871 -0.000779 0.002041 -0.000461 0.000220 0.000227 0.000242 0.000241
1398400000.000000 0.107015 -0.000673 0.002111 0.000092 0.000245 0.000238 0.000234 0.000230
1400100000.000000 0.106692 -0.000793 0.001990 -0.000170 0.000228 0.000214 0.000272 0.000235
1401800000.000000 0.106636 -0.000682 0.002422 -0.000347 0.000243 0.000228 0.000234 0.000238
1403400000.000000 0.106912 -0.000767 0.002092 0.000042 0.000238 0.000248 0.000241 0.000251
1405100000.000000 0.106729 -0.000999 0.002163 -0.000022 0.000268 0.000234 0.000252 0.000249
1406800000.000000 0.106776 -0.000583 0.002271 0.000047 0.000268 0.000232 0.000261 0.000238
1408500000.000000 0.107013 -0.000951 0.002237 -0.000176 0.000238 0.000223 0.000225 0.000228
1410100000.000000 0.106741 -0.001245 0.002220 -0.000071 0.000244 0.000251 0.000267 0.000234
1411800000.000000 0.106139 -0.000769 0.002280 0.000250 0.000247 0.000226 0.000230 0.000228
1413500000.000000 0.106429 -0.000424 0.002148 0.000387 0.000258 0.000245 0.000228 0.000223
1415100000.000000 0.106341 -0.000666 0.002668 -0.000618 0.000253 0.000216 0.000233 0.000246
1416800000.000000 0.106660 -0.000874 0.002283 -0.000267 0.000269 0.000237 0.000265 0.000246
1418500000.000000 0.106357 -0.001224 0.002308 -0.000474 0.000324 0.000320 0.000325 0.000312
1423500000.000000 0.106549 -0.000615 0.002255 0.000093 0.000241 0.000240 0.000259 0.000229
1425200000.000000 0.105743 -0.001159 0.002425 0.000244 0.000238 0.000238 0.000237 0.000217
1426800000.000000 0.106296 -0.001013 0.002329 -0.000102 0.000250 0.000243 0.000245 0.000258
1428500000.000000 0.106305 -0.000987 0.002603 0.000016 0.000252 0.000226 0.000280 0.000228
1430200000.000000 0.106141 -0.001073 0.002564 -0.000320 0.000235 0.000257 0.000232 0.000244
1431900000.000000 0.106260 -0.000782 0.002430 -0.000008 0.000231 0.000250 0.000216 0.000257
1433500000.000000 0.106044 -0.000643 0.002347 0.000178 0.000265 0.000259 0.000252 0.000252
1435200000.000000 0.106115 -0.000642 0.002473 0.000107 0.000245 0.000228 0.000249 0.000226
1436900000.000000 0.105886 -0.000781 0.002254 -0.000212 0.000264 0.000256 0.000233 0.000262
1438500000.000000 0.106497 -0.000955 0.002350 -0.000050 0.000276 0.000246 0.000238 0.000225
1440200000.000000 0.106052 -0.000965 0.002316 0.000019 0.000240 0.000232 0.000254 0.000243
1441900000.000000 0.105952 -0.001384 0.002308 0.000079 0.000238 0.000242 0.000236 0.000229
1443600000.000000 0.105354 -0.001342 0.001942 -0.000397 0.000251 0.000243 0.000227 0.000257
1445200000.000000 0.105842 -0.000729 0.002277 0.000100 0.000242 0.000229 0.000234 0.000230
1446900000.000000 0.105749 -0.000642 0.002319 -0.000467 0.000246 0.000239 0.000236 0.000262
1448600000.000000 0.105900 -0.001332 0.002248 -0.000219 0.000240 0.000260 0.000261 0.000231
1450200000.000000 0.105762 -0.000943 0.002338 -0.000007 0.000255 0.000256 0.000240 0.000231
1451900000.000000 0.105728 -0.000744 0.002530 -0.000079 0.000236 0.000244 0.000220 0.000240
1453600000.000000 0.105539 -0.001257 0.002339 -0.000026 0.000266 0.000240 0.000230 0.000220
1455300000.000000 0.105556 -0.001177 0.002763 -0.000730 0.000236 0.000239 0.000249 0.000230
1456900000.000000 0.105452 -0.000839 0.002443 -0.000033 0.000238 0.000237 0.000241 0.000239
1458600000.000000 0.105464 -0.001096 0.002335 0.000222 0.000252 0.000245 0.000222 0.000230
1460300000.000000 0.105858 -0.001140 0.002420 0.000207 0.000250 0.000252 0.000238 0.000239
1462000000.000000 0.105684 -0.001595 0.002216 0.000258 0.000255 0.000274 0.000242 0.000230
1463600000.000000 0.105310 -0.001435 0.002413 0.000035 0.000236 0.000241 0.000241 0.000224
1465300000.000000 0.105289 -0.000855 0.002363 0.000041 0.000247 0.000238 0.000228 0.000234
1467000000.000000 0.105261 -0.000950 0.002345 -0.000048 0.000257 0.000270 0.000247 0.000231
1468600000.000000 0.105521 -0.000898 0.002075 -0.000230 0.000235 0.000221 0.000237 0.000238
1470300000.000000 0.105059 -0.001286 0.002389 0.000329 0.000240 0.000243 0.000238 0.000234
1472000000.000000 0.105293 -0.000771 0.002616 0.000453 0.000254 0.000258 0.000240 0.000233
1473700000.000000 0.105222 -0.001484 0.002264 -0.000212 0.000244 0.000232 0.000227 0.000248
1475300000.000000 0.105824 -0.001180 0.002084 0.000249 0.000251 0.000256 0.000249 0.000228
1477000000.000000 0.104964 -0.000701 0.002168 -0.000349 0.000250 0.000242 0.000231 0.000249
1478700000.000000 0.105189 -0.001086 0.002405 0.000189 0.000243 0.000233 0.000234 0.000264
1480300000.000000 0.105069 -0.001193 0.002423 0.000095 0.000264 0.000253 0.000243 0.000248
1482000000.000000 0.105069 -0.001286 0.002157 0.000183 0.000244 0.000229 0.000235 0.000240
1483700000.000000 0.104742 -0.001492 0.002251 0.000092 0.000248 0.000237 0.000228 0.000228
1485400000.000000 0.105039 -0.000669 0.002319 -0.000638 0.000241 0.000254 0.000223 0.000257
1487000000.000000 0.105361 -0.001122 0.001940 0.000447 0.000238 0.000280 0.000243 0.000222
1488700000.000000 0.104583 -0.000923 0.002542 0.000518 0.000265 0.000224 0.000220 0.000268
1490400000.000000 0.105086 -0.000817 0.002030 0.000264 0.000239 0.000240 0.000238 0.000239
1492000000.000000 0.104437 -0.001226 0.002153 -0.000166 0.000253 0.000255 0.000266 0.000258
1493700000.000000 0.104621 -0.001384 0.001998 -0.000025 0.000240 0.000246 0.000259 0.000254
1495400000.000000 0.105352 -0.001335 0.002393 0.000023 0.000239 0.000241 0.000239 0.000257
1497100000.000000 0.104552 -0.001371 0.002384 0.000407 0.000241 0.000223 0.000245 0.000222
1498700000.000000 0.104674 -0.001546 0.002541 0.000045 0.000248 0.000241 0.000259 0.000237
1500400000.000000 0.104380 -0.000826 0.002411 -0.000123 0.000234 0.000234 0.000215 0.000247
1502100000.000000 0.104559 -0.001701 0.002254 0.000103 0.000239 0.000239 0.000238 0.000227
1503700000.000000 0.104700 -0.001217 0.002721 0.000690 0.000259 0.000255 0.000245 0.000254
1505400000.000000 0.104748 -0.001000 0.002257 0.000296 0.000234 0.000227 0.000243 0.000215
1507100000.000000 0.104581 -0.000916 0.002339 0.000011 0.000264 0.000240 0.000243 0.000232
1508800000.000000 0.104753 -0.001229 0.001963 0.000043 0.000256 0.000240 0.000229 0.000212
1510400000.000000 0.104294 -0.001205 0.002306 0.000325 0.000226 0.000246 0.000225 0.000240
1512100000.000000 0.104225 -0.000983 0.002086 0.000319 0.000241 0.000249 0.000259 0.000250
1513800000.000000 0.104234 -0.001033 0.002188 -0.000061 0.000260 0.000248 0.000233 0.000244
1515500000.000000 0.104379 -0.000986 0.001983 0.000272 0.000249 0.000276 0.000263 0.000241
1517100000.000000 0.103945 -0.001016 0.001678 0.000374 0.000323 0.000324 0.000300 0.000313
1518800000.000000 0.101366 -0.000285 0.001305 0.000260 0.000737 0.000818 0.000624 0.000858
1520500000.000000 0.105842 -0.002162 0.001732 -0.000019 0.000650 0.000629 0.000633 0.000602
1522100000.000000 0.104645 -0.001121 0.001967 0.000045 0.000263 0.000229 0.000230 0.000246
1523800000.000000 0.105066 -0.002561 -0.000658 -0.002802 0.001828 0.001214 0.001478 0.001633
1525500000.000000 0.117750 -0.017638 -0.006479 0.001531 0.008514 0.003559 0.004229 0.007815
1527200000.000000 0.108707 -0.001502 -0.004599 0.004656 0.006953 0.006569 0.007805 0.004322
1528800000.000000 0.106478 -0.003597 -0.003282 -0.003381 0.001917 0.002109 0.001564 0.001767
1530500000.000000 0.105260 -0.002103 -0.003824 -0.000151 0.001621 0.001127 0.001180 0.001532
1532200000.000000 0.101938 -0.001159 0.001737 0.003436 0.001343 0.001214 0.001317 0.001843
1533800000.000000 0.107196 -0.002920 0.002854 0.000329 0.000803 0.000583 0.000688 0.000698
1535500000.000000 0.106733 0.001439 -0.000429 -0.002674 0.001605 0.001625 0.001569 0.001737
1537200000.000000 0.105614 -0.001430 0.002205 0.001445 0.002458 0.001417 0.001937 0.002736
1545500000.000000 0.097061 -0.003648 -0.036156 0.003593 0.010692 0.006181 0.011206 0.015155
1547200000.000000 0.097458 -0.003408 -0.001461 -0.002441 0.004817 0.002909 0.002533 0.003668
1548900000.000000 0.103959 -0.001949 0.002393 0.000103 0.000387 0.000303 0.000355 0.000377
1550600000.000000 0.105134 -0.001986 0.001558 0.000210 0.000631 0.000555 0.000649 0.000642
1552200000.000000 0.101320 0.000906 0.003886 -0.002540 0.002255 0.001720 0.001428 0.002216
1553900000.000000 0.103016 -0.002007 -0.000113 -0.000054 0.001141 0.001081 0.000978 0.001147
1555600000.000000 0.104498 -0.001060 0.002599 0.000191 0.000317 0.000273 0.000306 0.000286
1557200000.000000 0.105960 -0.001419 0.001678 -0.000352 0.000406 0.000407 0.000450 0.000360
1563900000.000000 0.107266 -0.001573 0.000959 0.000051 0.000530 0.000512 0.000454 0.000479
1565600000.000000 0.104550 -0.001668 0.000533 -0.000279 0.000358 0.000309 0.000347 0.000333
1567300000.000000 0.104991 -0.001931 0.001163 -0.000072 0.000371 0.000332 0.000374 0.000325
1569000000.000000 0.102458 -0.000785 0.001729 -0.000192 0.000454 0.000394 0.000431 0.000406
1570600000.000000 0.102476 -0.000039 0.001889 0.001696 0.000536 0.000434 0.000455 0.000498
1572300000.000000 0.108399 -0.001386 0.001488 -0.000406 0.000642 0.000661 0.000706 0.000604
1579000000.000000 0.102195 -0.001852 0.001273 0.001196 0.000643 0.000624 0.000613 0.000587
1580700000.000000 0.100475 -0.000851 0.000733 0.001337 0.000605 0.000434 0.000488 0.000472
1582300000.000000 0.104524 -0.001568 0.001974 -0.000060 0.000413 0.000356 0.000372 0.000373
1584000000.000000 0.105545 -0.001339 0.000984 -0.000646 0.000377 0.000281 0.000336 0.000331
1585700000.000000 0.103612 -0.001853 0.001960 0.000271 0.000314 0.000272 0.000299 0.000280
1587300000.000000 0.105248 -0.001768 0.001885 -0.000157 0.000450 0.000408 0.000404 0.000445
1592400000.000000 0.104950 -0.000365 0.001927 0.000348 0.000981 0.001403 0.001152 0.001454
1594000000.000000 0.103038 -0.001035 0.001914 0.000598 0.000325 0.000303 0.000347 0.000324
1595700000.000000 0.103300 -0.001015 0.001943 0.000027 0.000248 0.000274 0.000248 0.000255
1597400000.000000 0.102889 -0.001640 0.001748 0.000021 0.000271 0.000258 0.000264 0.000286
1599000000.000000 0.105914 -0.001937 0.002360 0.000151 0.000307 0.000264 0.000295 0.000297
1600700000.000000 0.101146 -0.002259 0.002139 0.001438 0.000428 0.000379 0.000401 0.000394
1602400000.000000 0.097656 -0.000607 0.003424 -0.003245 0.000495 0.000442 0.000423 0.000493
1604100000.000000 0.103815 -0.001277 0.002713 0.000162 0.000437 0.000394 0.000398 0.000440
1605700000.000000 0.101756 -0.002211 0.001810 0.000058 0.000354 0.000330 0.000321 0.000340
1607400000.000000 0.103059 -0.001221 0.001927 0.000001 0.000277 0.000256 0.000283 0.000257
1609100000.000000 0.103234 -0.001908 0.002579 0.000210 0.000240 0.000233 0.000239 0.000246
1610700000.000000 0.103046 -0.001835 0.002447 -0.000020 0.000237 0.000218 0.000248 0.000220
1612400000.000000 0.103299 -0.001597 0.002317 0.000089 0.000229 0.000225 0.000231 0.000239
1614100000.000000 0.102835 -0.001287 0.002068 -0.000023 0.000232 0.000233 0.000251 0.000216
1615800000.000000 0.102952 -0.001875 0.002151 0.000404 0.000218 0.000260 0.000235 0.000216
1617400000.000000 0.101183 -0.001385 0.001955 -0.000076 0.000262 0.000250 0.000249 0.000230
1619100000.000000 0.102953 -0.001105 0.001828 0.000388 0.000307 0.000299 0.000301 0.000290
1620800000.000000 0.104830 -0.004800 0.001492 0.000529 0.002843 0.001644 0.002506 0.002697
1629100000.000000 0.102488 -0.001783 0.001913 0.000403 0.000247 0.000235 0.000243 0.000236
1630800000.000000 0.102305 -0.001722 0.001690 -0.000021 0.000223 0.000246 0.000217 0.000225
1632500000.000000 0.102456 -0.001539 0.002205 -0.000035 0.000241 0.000234 0.000220 0.000238
1634200000.000000 0.102104 -0.001784 0.001967 0.000441 0.000223 0.000262 0.000222 0.000238
1635800000.000000 0.102059 -0.001694 0.002415 0.000167 0.000229 0.000240 0.000222 0.000244
1637500000.000000 0.101719 -0.001710 0.001916 0.000306 0.000229 0.000244 0.000222 0.000246
1639200000.000000 0.101882 -0.001642 0.002066 0.000148 0.000228 0.000257 0.000251 0.000220
1640800000.000000 0.102076 -0.001149 0.002147 -0.000284 0.000225 0.000218 0.000220 0.000237
1642500000.000000 0.101661 -0.001176 0.002672 0.000101 0.000236 0.000232 0.000221 0.000238
1644200000.000000 0.101771 -0.001680 0.001954 0.000566 0.000241 0.000225 0.000252 0.000225
1645900000.000000 0.102229 -0.001240 0.002104 0.000331 0.000241 0.000249 0.000217 0.000221
1647500000.000000 0.101872 -0.001289 0.001703 0.000129 0.000247 0.000239 0.000235 0.000253
