# # SwiftJ1727 QU data converted from polkat JSON output
# # Date (ISO): 2023-10-22T11:32:09.400001
# # Columns: freq(Hz) I(Jy) Q(Jy) U(Jy) V(Jy) dI(Jy) dQ(Jy) dU(Jy) dV(Jy)
# 
901127563.476562 0.070405 0.004149 -0.003165 -0.000531 0.000519 0.000447 0.000473 0.000504
904471313.476562 0.071041 0.004439 -0.003527 -0.000206 0.000276 0.000239 0.000241 0.000243
907815063.476562 0.070614 0.004066 -0.004137 -0.000079 0.000316 0.000269 0.000260 0.000231
911158813.476562 0.069674 0.003654 -0.003052 -0.000266 0.000245 0.000246 0.000249 0.000246
914502563.476562 0.069867 0.003640 -0.002965 -0.000132 0.000272 0.000227 0.000252 0.000232
917846313.476562 0.069819 0.004091 -0.003366 -0.000347 0.000280 0.000280 0.000254 0.000239
921190063.476562 0.069733 0.003940 -0.003335 -0.000612 0.000263 0.000263 0.000283 0.000256
924533813.476562 0.069432 0.004561 -0.003237 -0.000336 0.000278 0.000222 0.000288 0.000257
927877563.476562 0.069118 0.004105 -0.003381 0.000141 0.000308 0.000229 0.000229 0.000259
931221313.476562 0.069278 0.003601 -0.002874 -0.000390 0.000258 0.000245 0.000275 0.000226
934565063.476562 0.069301 0.005100 -0.004124 0.002529 0.001299 0.001178 0.001220 0.001152
937908813.476562 0.107741 -0.014937 -0.040381 -0.017168 0.024213 0.007165 0.006909 0.011012
944596313.476562 0.098458 0.010232 0.005871 -0.000907 0.007445 0.003593 0.005437 0.005999
947940063.476562 0.071088 0.005103 -0.003592 0.000535 0.000919 0.000795 0.001011 0.000955
951283813.476562 0.068559 0.003980 -0.002589 0.000039 0.000266 0.000286 0.000255 0.000247
954627563.476562 0.068858 0.004227 -0.002874 0.000308 0.000288 0.000274 0.000267 0.000302
957971313.476562 0.068203 0.003736 -0.002549 0.000738 0.000325 0.000283 0.000320 0.000309
961315063.476562 0.067950 0.004124 -0.002729 0.000171 0.000287 0.000238 0.000252 0.000217
964658813.476562 0.067794 0.003958 -0.002958 0.000251 0.000296 0.000236 0.000212 0.000250
968002563.476562 0.067796 0.003748 -0.003081 0.000398 0.000254 0.000245 0.000238 0.000208
971346313.476562 0.067324 0.003799 -0.002565 0.000178 0.000230 0.000228 0.000212 0.000228
974690063.476562 0.067540 0.004114 -0.002747 0.000152 0.000240 0.000205 0.000211 0.000216
978033813.476562 0.066998 0.004280 -0.002939 0.000024 0.000256 0.000210 0.000204 0.000211
981377563.476562 0.067263 0.004115 -0.002406 -0.000091 0.000255 0.000249 0.000234 0.000204
984721313.476562 0.066474 0.003912 -0.002847 -0.000188 0.000241 0.000228 0.000219 0.000219
988065063.476562 0.066615 0.004064 -0.002758 0.000466 0.000244 0.000233 0.000227 0.000198
991408813.476562 0.066443 0.003698 -0.002274 -0.000027 0.000243 0.000205 0.000253 0.000237
994752563.476562 0.066646 0.004058 -0.002420 0.000109 0.000233 0.000210 0.000233 0.000217
998096313.476562 0.066184 0.004329 -0.002181 0.000437 0.000226 0.000200 0.000237 0.000218
1001440063.476560 0.066490 0.004426 -0.002350 -0.000060 0.000236 0.000249 0.000211 0.000234
1004783813.476560 0.065659 0.003929 -0.002182 0.000388 0.000249 0.000231 0.000218 0.000215
1008127563.476560 0.065660 0.003978 -0.002366 0.000214 0.000241 0.000195 0.000217 0.000228
1011471313.476560 0.065291 0.003958 -0.002364 0.000478 0.000245 0.000219 0.000222 0.000229
1014815063.476560 0.065398 0.004121 -0.002523 -0.000104 0.000235 0.000217 0.000220 0.000219
1018158813.476560 0.065540 0.004231 -0.002329 0.000118 0.000211 0.000222 0.000223 0.000219
1021502563.476560 0.065446 0.003816 -0.002191 0.000503 0.000246 0.000195 0.000204 0.000208
1024846313.476560 0.064731 0.003804 -0.002159 0.000013 0.000233 0.000214 0.000229 0.000193
1028190063.476560 0.063903 0.004914 -0.002481 0.000054 0.000339 0.000272 0.000303 0.000281
1031533813.476560 0.064450 0.004315 -0.003007 -0.000037 0.000372 0.000287 0.000311 0.000330
1034877563.476560 0.066097 0.003858 -0.001996 0.000291 0.000233 0.000190 0.000219 0.000215
1038221313.476560 0.064863 0.004136 -0.002086 -0.000015 0.000232 0.000198 0.000202 0.000235
1041565063.476560 0.064718 0.004532 -0.002330 -0.000158 0.000243 0.000226 0.000234 0.000236
1044908813.476560 0.064533 0.003850 -0.002197 -0.000098 0.000215 0.000217 0.000251 0.000219
1048252563.476560 0.063701 0.003903 -0.001989 -0.000115 0.000211 0.000221 0.000225 0.000203
1051596313.476560 0.063866 0.004311 -0.002283 0.000423 0.000280 0.000256 0.000255 0.000247
1054940063.476560 0.063677 0.004026 -0.001959 -0.000278 0.000214 0.000220 0.000222 0.000215
1058283813.476560 0.063653 0.003872 -0.002046 0.000087 0.000246 0.000228 0.000251 0.000219
1061627563.476560 0.063544 0.003970 -0.001779 0.000169 0.000212 0.000204 0.000230 0.000230
1064971313.476560 0.063403 0.003827 -0.002296 0.000098 0.000228 0.000211 0.000194 0.000228
1068315063.476560 0.063267 0.004019 -0.002162 -0.000182 0.000225 0.000225 0.000219 0.000197
1071658813.476560 0.063505 0.003968 -0.001860 0.000039 0.000243 0.000216 0.000239 0.000215
1075002563.476560 0.063713 0.004386 -0.002103 0.000410 0.000212 0.000200 0.000217 0.000243
1078346313.476560 0.063388 0.003932 -0.002229 -0.000184 0.000226 0.000230 0.000200 0.000217
1081690063.476560 0.063367 0.004092 -0.001605 -0.000010 0.000221 0.000217 0.000200 0.000191
1085033813.476560 0.063171 0.004685 -0.002779 0.000129 0.000244 0.000226 0.000234 0.000211
1088377563.476560 0.066216 0.002666 0.001784 -0.003003 0.002097 0.002072 0.001826 0.001858
1091721313.476560 0.061825 0.004076 -0.002304 0.000820 0.001029 0.000982 0.001007 0.000873
1095065063.476560 0.063011 0.004655 -0.001721 0.000229 0.000246 0.000244 0.000227 0.000233
1098408813.476560 0.062954 0.004093 -0.001772 0.000399 0.000210 0.000225 0.000233 0.000202
1101752563.476560 0.062375 0.004493 -0.002398 0.000123 0.000249 0.000239 0.000242 0.000207
1105096313.476560 0.062980 0.003993 -0.001782 0.000129 0.000229 0.000226 0.000216 0.000222
1108440063.476560 0.061824 0.004702 -0.002184 -0.000126 0.000256 0.000238 0.000246 0.000212
1111783813.476560 0.062586 0.004423 -0.002153 0.000157 0.000263 0.000213 0.000254 0.000235
1115127563.476560 0.062747 0.003772 -0.001394 0.000159 0.000200 0.000210 0.000182 0.000199
1118471313.476560 0.063095 0.003990 -0.001292 -0.000095 0.000224 0.000198 0.000222 0.000202
1121815063.476560 0.063006 0.004179 -0.001797 0.000056 0.000240 0.000203 0.000200 0.000210
1125158813.476560 0.061853 0.003986 -0.001944 -0.000176 0.000199 0.000233 0.000201 0.000203
1128502563.476560 0.061939 0.003906 -0.001818 -0.000104 0.000203 0.000215 0.000195 0.000192
1131846313.476560 0.061841 0.003885 -0.001788 0.000226 0.000216 0.000213 0.000215 0.000202
1135190063.476560 0.060666 0.004790 -0.002633 -0.000008 0.000269 0.000241 0.000246 0.000245
1138533813.476560 0.062373 0.004307 -0.001812 0.000296 0.000232 0.000209 0.000208 0.000213
1141877563.476560 0.061983 0.004340 -0.002016 0.000270 0.000220 0.000206 0.000225 0.000206
1145221313.476560 0.060768 0.004440 -0.002145 -0.000167 0.000233 0.000228 0.000197 0.000228
1148565063.476560 0.059088 0.004117 -0.001985 -0.000134 0.000289 0.000240 0.000240 0.000233
1151908813.476560 0.060675 0.004402 -0.001931 0.000148 0.000225 0.000221 0.000229 0.000221
1155252563.476560 0.062338 0.004189 -0.001285 0.000089 0.000203 0.000216 0.000184 0.000203
1158596313.476560 0.061847 0.003861 -0.001415 -0.000071 0.000212 0.000197 0.000213 0.000210
1161940063.476560 0.059740 0.003925 -0.001532 -0.000280 0.000248 0.000231 0.000227 0.000201
1165283813.476560 0.060394 0.003981 -0.001505 -0.000032 0.000220 0.000223 0.000201 0.000223
1168627563.476560 0.060425 0.003651 -0.001412 0.000319 0.000361 0.000322 0.000304 0.000314
1171971313.476560 0.048975 0.002251 0.005055 -0.004076 0.007332 0.004396 0.003593 0.004684
1182002563.476560 0.058988 0.004460 -0.001029 0.000178 0.001811 0.001461 0.001400 0.001308
1185346313.476560 0.062669 0.004284 -0.001129 0.000274 0.000256 0.000261 0.000257 0.000261
1188690063.476560 0.061622 0.004462 -0.001329 -0.000268 0.000233 0.000219 0.000224 0.000207
1192033813.476560 0.060798 0.004037 -0.001717 -0.000510 0.000245 0.000225 0.000216 0.000233
1195377563.476560 0.062090 0.004123 -0.001904 0.000509 0.000218 0.000231 0.000255 0.000223
1198721313.476560 0.060791 0.004167 -0.000940 0.000110 0.000274 0.000248 0.000250 0.000249
1202065063.476560 0.054906 0.003460 -0.000183 -0.000772 0.000451 0.000349 0.000350 0.000349
1205408813.476560 0.050619 0.002646 -0.000784 -0.002786 0.000795 0.000596 0.000664 0.000694
1208752563.476560 0.051116 0.003124 0.000490 -0.002594 0.000777 0.000596 0.000636 0.000676
1212096313.476560 0.060757 0.003076 -0.000579 0.000374 0.000426 0.000347 0.000344 0.000353
1215440063.476560 0.063296 0.004394 -0.001347 0.000510 0.000338 0.000254 0.000273 0.000282
1218783813.476560 0.059599 0.003903 -0.002074 -0.000106 0.000347 0.000282 0.000294 0.000321
1222127563.476560 0.061082 0.003496 -0.000820 0.000400 0.000340 0.000249 0.000276 0.000295
1225471313.476560 0.056804 0.003781 -0.001200 -0.000734 0.000480 0.000351 0.000378 0.000452
1228815063.476560 0.055724 0.003118 -0.000733 -0.000241 0.000602 0.000474 0.000465 0.000480
1232158813.476560 0.059753 0.003666 -0.000718 0.000043 0.000309 0.000290 0.000283 0.000316
1235502563.476560 0.059172 0.003926 -0.001874 -0.000505 0.000271 0.000275 0.000266 0.000290
1238846313.476560 0.060134 0.003832 -0.001592 0.000347 0.000288 0.000250 0.000244 0.000272
1242190063.476560 0.059958 0.003915 -0.001212 0.000978 0.000336 0.000268 0.000296 0.000306
1245533813.476560 0.055883 0.004848 -0.000336 -0.000892 0.000363 0.000307 0.000272 0.000315
1248877563.476560 0.059098 0.004023 -0.001732 0.000072 0.000240 0.000208 0.000237 0.000224
1252221313.476560 0.060696 0.004409 -0.001482 0.000204 0.000198 0.000215 0.000220 0.000203
1255565063.476560 0.060647 0.003998 -0.000760 0.000286 0.000217 0.000202 0.000205 0.000194
1258908813.476560 0.061654 0.004116 -0.001310 0.000424 0.000231 0.000236 0.000207 0.000219
1262252563.476560 0.057660 0.004426 -0.001149 -0.000341 0.000394 0.000355 0.000344 0.000316
1265596313.476560 0.047354 0.003654 -0.001514 -0.003627 0.000858 0.000677 0.000722 0.000742
1268940063.476560 0.041145 0.002975 -0.002244 -0.002289 0.001202 0.000882 0.000953 0.001088
1272283813.476560 0.054549 0.003028 -0.001101 -0.001804 0.000666 0.000481 0.000541 0.000636
1275627563.476560 0.057894 0.003931 -0.000310 0.000105 0.000390 0.000374 0.000401 0.000399
1278971313.476560 0.052822 0.001537 0.001046 -0.001255 0.000539 0.000409 0.000435 0.000449
1282315063.476560 0.063287 0.003288 -0.000966 0.000753 0.000344 0.000277 0.000281 0.000298
1285658813.476560 0.059220 0.004097 -0.000472 -0.000176 0.000246 0.000231 0.000248 0.000223
1289002563.476560 0.055998 0.003816 -0.000884 -0.001009 0.000371 0.000284 0.000307 0.000300
1292346313.476560 0.059382 0.003999 -0.001670 0.000168 0.000286 0.000245 0.000272 0.000255
1295690063.476560 0.059623 0.004108 -0.000786 -0.000217 0.000189 0.000184 0.000198 0.000191
1299033813.476560 0.058490 0.003417 -0.000899 -0.000222 0.000195 0.000197 0.000185 0.000193
1302377563.476560 0.058337 0.004229 -0.001109 -0.000305 0.000195 0.000206 0.000192 0.000178
1305721313.476560 0.058675 0.003862 -0.001321 -0.000458 0.000185 0.000188 0.000181 0.000177
1309065063.476560 0.058640 0.004099 -0.001077 0.000274 0.000188 0.000174 0.000194 0.000169
1312408813.476560 0.058294 0.004073 -0.001097 0.000047 0.000192 0.000179 0.000171 0.000191
1315752563.476560 0.058158 0.003978 -0.000773 -0.000252 0.000183 0.000178 0.000186 0.000174
1319096313.476560 0.058220 0.004019 -0.000816 0.000072 0.000169 0.000188 0.000209 0.000163
1322440063.476560 0.057578 0.004153 -0.001185 -0.000000 0.000170 0.000176 0.000193 0.000191
1325783813.476560 0.057900 0.004123 -0.000829 -0.000032 0.000175 0.000164 0.000183 0.000199
1329127563.476560 0.057967 0.003942 -0.000945 0.000172 0.000181 0.000175 0.000168 0.000188
1332471313.476560 0.058112 0.003982 -0.000911 -0.000185 0.000185 0.000175 0.000189 0.000190
1335815063.476560 0.057580 0.004150 -0.000921 0.000231 0.000185 0.000161 0.000190 0.000185
1339158813.476560 0.058095 0.003859 -0.001126 -0.000090 0.000193 0.000188 0.000181 0.000168
1342502563.476560 0.057862 0.003935 -0.000879 -0.000059 0.000169 0.000181 0.000170 0.000163
1345846313.476560 0.057748 0.003924 -0.001014 -0.000375 0.000188 0.000149 0.000181 0.000177
1349190063.476560 0.057910 0.003973 -0.001113 -0.000216 0.000188 0.000183 0.000198 0.000175
1352533813.476560 0.057589 0.004030 -0.000740 -0.000061 0.000171 0.000189 0.000184 0.000182
1355877563.476560 0.057353 0.004213 -0.001048 -0.000136 0.000176 0.000180 0.000181 0.000169
1359221313.476560 0.057436 0.003851 -0.000952 -0.000170 0.000169 0.000185 0.000181 0.000194
1362565063.476560 0.057332 0.003730 -0.000770 -0.000009 0.000178 0.000173 0.000175 0.000190
1365908813.476560 0.057475 0.004071 -0.000744 -0.000210 0.000188 0.000175 0.000181 0.000164
1369252563.476560 0.057113 0.003969 -0.000768 -0.000116 0.000168 0.000174 0.000167 0.000169
1372596313.476560 0.057169 0.003889 -0.000734 -0.000481 0.000191 0.000183 0.000154 0.000171
1375940063.476560 0.056835 0.004057 -0.000824 -0.000437 0.000176 0.000181 0.000172 0.000175
1379283813.476560 0.056759 0.004043 -0.000819 -0.000415 0.000164 0.000187 0.000171 0.000176
1382627563.476560 0.056993 0.003987 -0.000951 -0.000281 0.000185 0.000174 0.000179 0.000193
1385971313.476560 0.057326 0.003971 -0.001096 -0.000380 0.000189 0.000193 0.000169 0.000171
1389315063.476560 0.057194 0.003946 -0.000632 -0.000475 0.000177 0.000166 0.000158 0.000175
1392658813.476560 0.056922 0.004106 -0.000609 -0.000547 0.000184 0.000155 0.000172 0.000176
1396002563.476560 0.056490 0.003873 -0.001163 -0.000442 0.000186 0.000182 0.000178 0.000166
1399346313.476560 0.056641 0.003976 -0.000426 -0.000563 0.000181 0.000176 0.000184 0.000177
1402690063.476560 0.056752 0.003875 -0.000607 -0.000305 0.000170 0.000167 0.000181 0.000178
1406033813.476560 0.056716 0.004165 -0.000868 -0.000320 0.000173 0.000186 0.000200 0.000174
1409377563.476560 0.056311 0.003738 -0.000881 -0.000343 0.000171 0.000154 0.000165 0.000164
1412721313.476560 0.056332 0.003871 -0.000707 -0.000483 0.000169 0.000204 0.000170 0.000187
1416065063.476560 0.056278 0.003982 -0.000631 -0.000067 0.000174 0.000176 0.000174 0.000168
1422752563.476560 0.056567 0.003850 -0.000659 -0.000176 0.000252 0.000245 0.000226 0.000240
1426096313.476560 0.056126 0.003922 -0.000787 0.000088 0.000161 0.000158 0.000177 0.000178
1429440063.476560 0.056367 0.003906 -0.000992 -0.000011 0.000198 0.000174 0.000164 0.000163
1432783813.476560 0.056348 0.003505 -0.000683 -0.000273 0.000186 0.000171 0.000174 0.000183
1436127563.476560 0.056020 0.004034 -0.000426 -0.000032 0.000172 0.000173 0.000169 0.000170
1439471313.476560 0.055915 0.003831 -0.000626 0.000035 0.000186 0.000161 0.000177 0.000197
1442815063.476560 0.055956 0.003874 -0.000422 0.000131 0.000180 0.000168 0.000169 0.000186
1446158813.476560 0.055613 0.003946 -0.000317 -0.000009 0.000178 0.000176 0.000171 0.000164
1449502563.476560 0.056107 0.004079 -0.000733 0.000119 0.000173 0.000165 0.000173 0.000186
1452846313.476560 0.055870 0.003570 -0.000448 0.000265 0.000173 0.000172 0.000192 0.000175
1456190063.476560 0.055849 0.003914 -0.000699 -0.000182 0.000194 0.000175 0.000187 0.000180
1459533813.476560 0.055168 0.003929 -0.000684 -0.000049 0.000175 0.000189 0.000189 0.000174
1462877563.476560 0.055660 0.003982 -0.000576 0.000037 0.000179 0.000171 0.000173 0.000178
1466221313.476560 0.055740 0.003924 -0.000512 0.000166 0.000178 0.000173 0.000179 0.000175
1469565063.476560 0.055939 0.003705 -0.001126 -0.000311 0.000182 0.000171 0.000178 0.000178
1472908813.476560 0.055412 0.003989 -0.000678 0.000262 0.000186 0.000168 0.000167 0.000180
1476252563.476560 0.055229 0.003976 -0.000047 -0.000055 0.000203 0.000182 0.000176 0.000172
1479596313.476560 0.055334 0.004020 -0.000693 0.000209 0.000182 0.000189 0.000177 0.000179
1482940063.476560 0.055352 0.004094 -0.000705 -0.000104 0.000173 0.000169 0.000189 0.000176
1486283813.476560 0.055195 0.004121 -0.000559 0.000145 0.000165 0.000180 0.000177 0.000181
1489627563.476560 0.054832 0.004014 -0.000537 0.000151 0.000183 0.000172 0.000171 0.000168
1492971313.476560 0.055185 0.004165 -0.000494 0.000139 0.000181 0.000170 0.000181 0.000169
1496315063.476560 0.055013 0.004296 -0.000380 0.000123 0.000176 0.000172 0.000167 0.000176
1499658813.476560 0.054835 0.003938 -0.000350 -0.000133 0.000171 0.000174 0.000186 0.000175
1503002563.476560 0.054967 0.003718 -0.000595 0.000136 0.000167 0.000171 0.000187 0.000164
1506346313.476560 0.055170 0.003933 -0.000782 0.000320 0.000170 0.000182 0.000173 0.000174
1509690063.476560 0.054810 0.003531 -0.000911 -0.000131 0.000185 0.000182 0.000192 0.000171
1513033813.476560 0.054663 0.004055 -0.000695 0.000497 0.000179 0.000165 0.000164 0.000189
1516377563.476560 0.054622 0.003887 -0.001054 0.000631 0.000200 0.000186 0.000193 0.000195
1519721313.476560 0.054388 0.003753 -0.000000 -0.000537 0.000206 0.000193 0.000211 0.000223
1523065063.476560 0.054876 0.003837 -0.000204 0.000158 0.000207 0.000220 0.000205 0.000198
1526408813.476560 0.056555 0.004293 -0.001103 0.000900 0.000630 0.000553 0.000579 0.000591
1529752563.476560 0.055527 0.003473 -0.003193 0.000540 0.001060 0.001023 0.000900 0.000972
1533096313.476560 0.054018 0.005040 -0.001245 -0.000333 0.000505 0.000498 0.000531 0.000486
1536440063.476560 0.054232 0.003221 -0.001343 -0.000430 0.000556 0.000471 0.000483 0.000430
1539783813.476560 0.048174 0.004807 -0.000850 -0.007890 0.003527 0.003031 0.003024 0.002680
1543127563.476560 0.053565 0.005010 -0.000035 0.001177 0.000492 0.000423 0.000397 0.000442
1546471313.476560 0.053336 0.004359 -0.000072 -0.001278 0.000392 0.000319 0.000346 0.000380
1549815063.476560 0.054398 0.004941 -0.001000 0.000823 0.000332 0.000281 0.000278 0.000309
1553158813.476560 0.053484 0.003259 -0.000167 -0.000743 0.000287 0.000248 0.000266 0.000273
1556502563.476560 0.055375 0.004084 -0.000209 0.000992 0.000265 0.000224 0.000207 0.000226
1559846313.476560 0.050073 0.003022 -0.001611 -0.000537 0.000610 0.000504 0.000551 0.000517
1563190063.476560 0.051980 0.003574 -0.000212 -0.000352 0.000406 0.000347 0.000381 0.000404
1566533813.476560 0.053091 0.004396 -0.000075 -0.000439 0.000301 0.000256 0.000265 0.000291
1569877563.476560 0.054097 0.003881 0.000006 0.000361 0.000266 0.000239 0.000234 0.000267
1573221313.476560 0.049898 0.003425 -0.000725 -0.001229 0.000505 0.000458 0.000508 0.000506
1579908813.476560 0.053424 0.003186 -0.001122 0.000164 0.000276 0.000261 0.000273 0.000292
1583252563.476560 0.054292 0.003668 -0.000078 -0.000443 0.000261 0.000221 0.000215 0.000242
1586596313.476560 0.054886 0.003590 0.000286 -0.000199 0.000255 0.000219 0.000217 0.000243
1589940063.476560 0.048755 0.003414 -0.001158 -0.000182 0.000371 0.000301 0.000286 0.000325
1593283813.476560 0.055818 0.004314 -0.001065 0.000038 0.000229 0.000226 0.000201 0.000228
1596627563.476560 0.054070 0.004186 -0.000441 0.000547 0.000264 0.000231 0.000246 0.000270
1599971313.476560 0.050205 0.004131 0.000335 -0.001080 0.000315 0.000341 0.000296 0.000314
1603315063.476560 0.049653 0.002087 0.000387 0.000052 0.000316 0.000274 0.000275 0.000294
1606658813.476560 0.052387 0.003696 -0.000597 0.000255 0.000207 0.000203 0.000208 0.000190
1610002563.476560 0.053568 0.003749 -0.000316 0.000044 0.000180 0.000177 0.000182 0.000167
1613346313.476560 0.053577 0.003825 -0.000002 -0.000004 0.000169 0.000164 0.000157 0.000162
1616690063.476560 0.052987 0.003841 -0.000346 0.000242 0.000199 0.000189 0.000196 0.000204
1620033813.476560 0.048360 0.003976 -0.000681 0.001625 0.000508 0.000464 0.000419 0.000498
1623377563.476560 0.054878 0.002417 0.003641 0.003085 0.003663 0.002247 0.002697 0.002653
1630065063.476560 0.053920 0.003709 -0.000189 -0.000386 0.000177 0.000182 0.000174 0.000179
1633408813.476560 0.053049 0.003575 -0.000129 0.000234 0.000192 0.000170 0.000168 0.000182
1636752563.476560 0.053259 0.003754 -0.000061 -0.000275 0.000175 0.000162 0.000177 0.000181
1640096313.476560 0.052789 0.003538 -0.000362 0.000159 0.000184 0.000169 0.000189 0.000175
1643440063.476560 0.052943 0.003676 -0.000508 0.000058 0.000172 0.000182 0.000191 0.000161
1646783813.476560 0.052856 0.003340 -0.000402 0.000099 0.000192 0.000181 0.000201 0.000175
