# # SwiftJ1727 QU data (ejecta/component1) converted from polkat JSON output
# # Date (ISO): 2024-03-31T00:44:51.900000
# # Columns: freq(Hz) I(Jy) Q(Jy) U(Jy) V(Jy) dI(Jy) dQ(Jy) dU(Jy) dV(Jy)
# 
902799438.476562 0.001299 0.000013 0.000208 0.000125 0.000206 0.000158 0.000174 0.000151
916174438.476562 0.001229 0.000261 -0.000106 -0.000003 0.000140 0.000110 0.000126 0.000122
929549438.476562 0.001239 0.000151 -0.000272 0.000325 0.000184 0.000161 0.000161 0.000157
942924438.476562 0.000750 0.000109 0.000681 0.000067 0.000455 0.000405 0.000384 0.000411
956299438.476562 0.001008 -0.000504 -0.000428 -0.000058 0.000406 0.000419 0.000401 0.000421
969674438.476562 0.001189 0.000109 0.000093 -0.000019 0.000126 0.000118 0.000126 0.000116
983049438.476562 0.001092 0.000223 0.000119 -0.000171 0.000127 0.000106 0.000116 0.000102
996424438.476562 0.001234 0.000101 0.000423 -0.000076 0.000122 0.000102 0.000121 0.000100
1009799438.476560 0.001119 0.000230 0.000093 -0.000115 0.000123 0.000107 0.000102 0.000110
1023174438.476560 0.001148 -0.000169 -0.000017 0.000051 0.000114 0.000104 0.000107 0.000106
1036549438.476560 0.000928 -0.000069 0.000104 -0.000070 0.000126 0.000110 0.000100 0.000113
1049924438.476560 0.001000 0.000158 -0.000062 0.000034 0.000130 0.000121 0.000106 0.000116
1063299438.476560 0.001046 0.000155 0.000003 0.000006 0.000113 0.000097 0.000106 0.000106
1076674438.476560 0.000960 -0.000001 0.000012 -0.000118 0.000116 0.000102 0.000116 0.000106
1090049438.476560 0.001020 0.000145 -0.000024 -0.000104 0.000107 0.000096 0.000094 0.000096
1103424438.476560 0.001098 0.000021 0.000268 0.000080 0.000098 0.000108 0.000095 0.000099
1116799438.476560 0.001049 0.000104 -0.000018 0.000140 0.000106 0.000091 0.000104 0.000107
1130174438.476560 0.001047 0.000018 -0.000031 -0.000038 0.000108 0.000093 0.000098 0.000093
1143549438.476560 0.001013 -0.000076 -0.000079 0.000184 0.000112 0.000105 0.000116 0.000106
1156924438.476560 0.000908 0.000116 0.000049 -0.000170 0.000125 0.000112 0.000104 0.000111
1170299438.476560 0.001395 0.000071 0.000010 -0.000222 0.000200 0.000189 0.000169 0.000176
1183674438.476560 0.000884 -0.000265 -0.000232 -0.000319 0.000194 0.000155 0.000180 0.000214
1197049438.476560 0.000710 -0.000054 -0.000075 -0.000006 0.000154 0.000143 0.000141 0.000148
1210424438.476560 0.001004 0.000344 0.000081 -0.000348 0.000231 0.000205 0.000223 0.000214
1223799438.476560 0.001059 0.000125 0.000165 0.000289 0.000220 0.000176 0.000190 0.000191
1237174438.476560 0.001228 0.000204 0.000151 0.000209 0.000168 0.000135 0.000144 0.000168
1250549438.476560 0.000778 0.000062 0.000061 0.000097 0.000113 0.000107 0.000115 0.000114
1263924438.476560 0.001096 0.000176 0.000086 -0.000046 0.000183 0.000158 0.000164 0.000175
1277299438.476560 0.000618 0.000099 0.000117 0.000064 0.000236 0.000254 0.000230 0.000257
1290674438.476560 0.000824 -0.000221 -0.000164 0.000223 0.000157 0.000145 0.000161 0.000148
1304049438.476560 0.000997 0.000141 0.000196 0.000138 0.000111 0.000095 0.000100 0.000103
1317424438.476560 0.001037 0.000192 0.000056 0.000025 0.000092 0.000093 0.000094 0.000086
1330799438.476560 0.000733 0.000088 0.000049 -0.000063 0.000096 0.000085 0.000094 0.000089
1344174438.476560 0.000807 0.000030 -0.000016 0.000148 0.000095 0.000086 0.000084 0.000083
1357549438.476560 0.000802 0.000067 0.000013 0.000038 0.000092 0.000090 0.000081 0.000086
1370924438.476560 0.000723 0.000020 -0.000017 0.000101 0.000084 0.000077 0.000090 0.000087
1384299438.476560 0.000844 -0.000038 -0.000081 0.000018 0.000091 0.000092 0.000096 0.000085
1397674438.476560 0.000605 -0.000044 -0.000236 -0.000094 0.000088 0.000083 0.000094 0.000085
1411049438.476560 0.000796 0.000053 -0.000106 0.000006 0.000088 0.000082 0.000092 0.000093
1424424438.476560 0.000730 0.000038 -0.000051 -0.000057 0.000120 0.000114 0.000118 0.000111
1437799438.476560 0.000773 0.000248 -0.000063 -0.000027 0.000098 0.000087 0.000085 0.000097
1451174438.476560 0.000741 0.000215 -0.000052 -0.000042 0.000087 0.000092 0.000094 0.000086
1464549438.476560 0.000844 0.000103 0.000015 -0.000055 0.000087 0.000089 0.000090 0.000087
1477924438.476560 0.000782 0.000229 -0.000028 -0.000047 0.000092 0.000084 0.000091 0.000097
1491299438.476560 0.000698 0.000072 0.000012 0.000022 0.000080 0.000093 0.000096 0.000089
1504674438.476560 0.000837 -0.000014 -0.000001 -0.000087 0.000094 0.000093 0.000094 0.000099
1518049438.476560 0.000606 0.000110 0.000022 0.000122 0.000125 0.000132 0.000119 0.000116
1531424438.476560 0.000902 0.000366 -0.000072 -0.000389 0.000380 0.000328 0.000340 0.000381
1544799438.476560 0.000319 -0.000316 -0.000471 0.000606 0.000363 0.000304 0.000323 0.000362
1558174438.476560 0.001351 0.000023 0.000118 0.000021 0.000210 0.000203 0.000189 0.000210
1571549438.476560 0.000958 0.000367 0.000147 0.000307 0.000247 0.000233 0.000231 0.000221
1584924438.476560 0.000737 0.000036 0.000290 -0.000287 0.000205 0.000166 0.000181 0.000200
1598299438.476560 0.000687 0.000004 -0.000009 0.000050 0.000153 0.000146 0.000143 0.000144
1611674438.476560 0.000572 0.000071 0.000006 -0.000050 0.000101 0.000095 0.000107 0.000099
1625049438.476560 0.000889 0.000149 -0.000249 0.000105 0.000156 0.000166 0.000185 0.000164
1638424438.476560 0.000715 0.000157 -0.000031 -0.000050 0.000093 0.000094 0.000101 0.000082
1651799438.476560 0.000586 0.000272 0.000069 -0.000066 0.000186 0.000191 0.000191 0.000199
