# # SwiftJ1727 QU data converted from WAPITI text output
# # Date (ISO): 2023-09-23T15:30:31.808
# # Columns: freq(Hz) I(Jy) Q(Jy) U(Jy) V(Jy) dI(Jy) dQ(Jy) dU(Jy) dV(Jy)
# 
901100000.000000 0.111755 -0.001083 0.002859 0.000089 0.000510 0.000440 0.000444 0.000450
904500000.000000 0.112796 -0.000970 0.003260 0.000404 0.000281 0.000257 0.000237 0.000227
907800000.000000 0.112417 -0.000919 0.003250 -0.000222 0.000261 0.000227 0.000233 0.000217
911200000.000000 0.112319 -0.000886 0.003243 -0.000167 0.000277 0.000231 0.000223 0.000217
914500000.000000 0.112200 -0.001168 0.002964 -0.000153 0.000277 0.000234 0.000220 0.000212
917800000.000000 0.111612 -0.000867 0.003620 0.000246 0.000276 0.000234 0.000200 0.000224
921200000.000000 0.111914 -0.000905 0.003018 0.000135 0.000278 0.000220 0.000221 0.000216
924500000.000000 0.112255 -0.000832 0.003045 -0.000288 0.000249 0.000249 0.000213 0.000203
927900000.000000 0.111789 -0.001171 0.002991 0.000060 0.000276 0.000206 0.000209 0.000203
931200000.000000 0.111429 -0.001086 0.003169 -0.000392 0.000273 0.000216 0.000220 0.000188
934600000.000000 0.112213 -0.002042 0.005527 0.000476 0.001219 0.000801 0.000885 0.000930
947900000.000000 0.113235 -0.001065 0.003623 0.000181 0.000715 0.000496 0.000484 0.000559
951300000.000000 0.112472 -0.000903 0.003205 0.000037 0.000279 0.000210 0.000218 0.000226
954600000.000000 0.112473 -0.001275 0.003164 -0.000001 0.000310 0.000237 0.000245 0.000214
958000000.000000 0.113382 -0.000969 0.003142 0.000055 0.000361 0.000302 0.000291 0.000306
961300000.000000 0.112668 -0.001381 0.003557 -0.000452 0.000273 0.000223 0.000229 0.000207
964700000.000000 0.112001 -0.000953 0.003597 -0.000104 0.000237 0.000207 0.000209 0.000193
968000000.000000 0.112411 -0.001223 0.003133 -0.000235 0.000248 0.000207 0.000213 0.000231
971300000.000000 0.112222 -0.001178 0.003332 0.000185 0.000248 0.000197 0.000202 0.000190
974700000.000000 0.112429 -0.001293 0.003503 -0.000281 0.000275 0.000197 0.000191 0.000184
978000000.000000 0.111505 -0.001396 0.003286 0.000260 0.000239 0.000217 0.000210 0.000219
981400000.000000 0.112849 -0.000952 0.003286 -0.000148 0.000246 0.000224 0.000201 0.000202
984700000.000000 0.111651 -0.001223 0.003279 -0.000088 0.000247 0.000190 0.000203 0.000173
988100000.000000 0.111816 -0.001391 0.003200 0.000034 0.000238 0.000190 0.000195 0.000196
991400000.000000 0.111388 -0.001783 0.002944 -0.000024 0.000224 0.000196 0.000202 0.000193
994800000.000000 0.111512 -0.001175 0.003179 -0.000052 0.000257 0.000221 0.000210 0.000189
998100000.000000 0.112041 -0.001607 0.003048 0.000279 0.000239 0.000208 0.000205 0.000199
1001400000.000000 0.111716 -0.001558 0.002872 -0.000225 0.000255 0.000216 0.000216 0.000200
1004800000.000000 0.110942 -0.001381 0.002797 0.000088 0.000260 0.000205 0.000201 0.000220
1008100000.000000 0.111312 -0.001333 0.003241 -0.000032 0.000256 0.000208 0.000182 0.000189
1011500000.000000 0.111524 -0.001307 0.002984 0.000155 0.000246 0.000208 0.000186 0.000217
1014800000.000000 0.110839 -0.001248 0.003100 -0.000108 0.000226 0.000228 0.000187 0.000202
1018200000.000000 0.111138 -0.001468 0.003068 0.000122 0.000244 0.000212 0.000210 0.000181
1021500000.000000 0.110866 -0.001284 0.002725 0.000213 0.000212 0.000214 0.000206 0.000201
1024800000.000000 0.110410 -0.001346 0.003060 -0.000062 0.000242 0.000195 0.000222 0.000190
1028200000.000000 0.109570 -0.001856 0.003118 0.000257 0.000261 0.000198 0.000214 0.000213
1031500000.000000 0.109134 -0.001538 0.002293 0.000210 0.000258 0.000221 0.000217 0.000218
1034900000.000000 0.109986 -0.001592 0.002485 -0.000039 0.000226 0.000173 0.000202 0.000198
1038200000.000000 0.109850 -0.001765 0.002528 -0.000104 0.000206 0.000188 0.000191 0.000195
1041600000.000000 0.109187 -0.001550 0.002573 0.000036 0.000231 0.000212 0.000189 0.000207
1044900000.000000 0.109068 -0.001450 0.002514 0.000043 0.000242 0.000198 0.000199 0.000191
1048300000.000000 0.108801 -0.001563 0.002977 -0.000307 0.000252 0.000192 0.000183 0.000179
1051600000.000000 0.108601 -0.001481 0.002502 -0.000074 0.000233 0.000195 0.000186 0.000191
1054900000.000000 0.108970 -0.001701 0.002544 -0.000213 0.000208 0.000181 0.000177 0.000188
1058300000.000000 0.108376 -0.001763 0.002582 0.000092 0.000211 0.000192 0.000208 0.000203
1061600000.000000 0.108859 -0.001609 0.002392 -0.000466 0.000249 0.000180 0.000200 0.000194
1065000000.000000 0.108653 -0.001880 0.002559 -0.000069 0.000208 0.000195 0.000194 0.000198
1068300000.000000 0.108659 -0.001677 0.002713 0.000113 0.000214 0.000205 0.000203 0.000209
1071700000.000000 0.108125 -0.001964 0.002736 -0.000366 0.000226 0.000184 0.000192 0.000189
1075000000.000000 0.108649 -0.001716 0.002800 0.000221 0.000214 0.000183 0.000179 0.000206
1078300000.000000 0.108640 -0.001269 0.002628 -0.000255 0.000231 0.000198 0.000195 0.000190
1081700000.000000 0.108514 -0.001532 0.002463 -0.000049 0.000201 0.000196 0.000197 0.000184
1085000000.000000 0.107420 -0.001750 0.002353 0.000203 0.000218 0.000189 0.000202 0.000198
1088400000.000000 0.107373 -0.002845 0.003038 -0.000165 0.000542 0.000454 0.000489 0.000451
1091700000.000000 0.107820 -0.000477 0.002325 0.000683 0.000616 0.000564 0.000531 0.000494
1095100000.000000 0.108133 -0.001498 0.002432 -0.000136 0.000220 0.000201 0.000182 0.000191
1098400000.000000 0.108459 -0.001893 0.002364 -0.000381 0.000211 0.000184 0.000189 0.000186
1101800000.000000 0.107760 -0.001654 0.002351 0.000537 0.000235 0.000209 0.000204 0.000225
1105100000.000000 0.107909 -0.001673 0.002494 -0.000026 0.000219 0.000176 0.000199 0.000193
1108400000.000000 0.107558 -0.001806 0.002107 -0.000160 0.000226 0.000185 0.000190 0.000187
1111800000.000000 0.107968 -0.001578 0.002257 -0.000212 0.000196 0.000184 0.000168 0.000177
1115100000.000000 0.107787 -0.001576 0.002571 -0.000158 0.000197 0.000188 0.000173 0.000190
1118500000.000000 0.107831 -0.001576 0.002267 -0.000235 0.000216 0.000188 0.000185 0.000176
1121800000.000000 0.108242 -0.001693 0.002381 -0.000193 0.000195 0.000203 0.000190 0.000170
1125200000.000000 0.107897 -0.001388 0.002187 0.000215 0.000214 0.000173 0.000190 0.000203
1128500000.000000 0.107783 -0.001502 0.002570 -0.000174 0.000214 0.000182 0.000187 0.000193
1131800000.000000 0.108017 -0.001731 0.002465 -0.000246 0.000210 0.000170 0.000190 0.000189
1135200000.000000 0.106609 -0.002003 0.001678 0.000531 0.000226 0.000195 0.000192 0.000208
1138500000.000000 0.108116 -0.001543 0.002429 -0.000055 0.000219 0.000201 0.000170 0.000187
1141900000.000000 0.106833 -0.002118 0.002189 0.000147 0.000239 0.000187 0.000187 0.000180
1145200000.000000 0.105298 -0.001740 0.003006 0.000392 0.000266 0.000202 0.000208 0.000211
1148600000.000000 0.103861 -0.000826 0.003193 0.000650 0.000311 0.000247 0.000238 0.000265
1151900000.000000 0.106455 -0.001617 0.002605 0.000085 0.000276 0.000218 0.000221 0.000227
1155300000.000000 0.108265 -0.001665 0.002048 -0.000074 0.000238 0.000203 0.000203 0.000196
1158600000.000000 0.107698 -0.001584 0.002222 0.000074 0.000219 0.000204 0.000195 0.000215
1161900000.000000 0.106290 -0.000807 0.002632 0.000057 0.000254 0.000208 0.000216 0.000197
1165300000.000000 0.108208 -0.001949 0.002623 -0.000332 0.000221 0.000189 0.000201 0.000211
1168600000.000000 0.107108 -0.001546 0.002529 0.000161 0.000290 0.000282 0.000277 0.000270
1172000000.000000 0.159759 -0.002151 0.003697 -0.002894 0.006329 0.002171 0.001786 0.002711
1178700000.000000 0.106218 -0.001685 -0.029052 0.007270 0.020054 0.002749 0.007053 0.005848
1182000000.000000 0.120433 -0.002057 0.000753 -0.000266 0.001535 0.000883 0.000941 0.001012
1185300000.000000 0.107466 -0.001483 0.001978 -0.000038 0.000249 0.000237 0.000215 0.000236
1188700000.000000 0.107166 -0.001850 0.002257 -0.000080 0.000232 0.000206 0.000195 0.000206
1192000000.000000 0.104073 -0.001949 0.002406 0.000023 0.000252 0.000208 0.000226 0.000235
1195400000.000000 0.107230 -0.001616 0.001890 -0.000156 0.000232 0.000220 0.000197 0.000194
1198700000.000000 0.106095 -0.001204 0.002436 -0.000721 0.000296 0.000240 0.000229 0.000243
1202100000.000000 0.098969 -0.000284 0.003009 0.000011 0.000517 0.000387 0.000403 0.000352
1205400000.000000 0.094035 -0.000081 0.001562 0.000333 0.000828 0.000543 0.000544 0.000588
1208800000.000000 0.094808 -0.000996 0.001668 -0.000954 0.000685 0.000606 0.000570 0.000577
1212100000.000000 0.101651 -0.000514 0.002558 0.000624 0.000477 0.000316 0.000353 0.000361
1215400000.000000 0.107480 -0.001351 0.002215 0.000124 0.000258 0.000219 0.000218 0.000244
1218800000.000000 0.107579 -0.002116 0.001705 -0.000697 0.000246 0.000236 0.000207 0.000220
1222100000.000000 0.106972 -0.001511 0.002061 0.000674 0.000297 0.000239 0.000238 0.000246
1225500000.000000 0.102872 -0.001302 0.002311 0.000510 0.000399 0.000307 0.000313 0.000322
1228800000.000000 0.099284 -0.001845 0.002165 0.000166 0.000463 0.000358 0.000346 0.000372
1232200000.000000 0.106254 -0.002072 0.001548 0.001116 0.000278 0.000267 0.000248 0.000276
1235500000.000000 0.106855 -0.001892 0.001472 -0.000226 0.000255 0.000226 0.000211 0.000233
1238800000.000000 0.107052 -0.002264 0.001434 -0.000323 0.000253 0.000191 0.000192 0.000198
1242200000.000000 0.107326 -0.001428 0.001620 0.000018 0.000251 0.000216 0.000195 0.000220
1245500000.000000 0.102451 -0.001018 0.001264 -0.001808 0.000325 0.000226 0.000236 0.000264
1248900000.000000 0.103606 0.000225 0.002649 -0.000773 0.000278 0.000233 0.000216 0.000228
1252200000.000000 0.105709 -0.001483 0.001839 -0.000114 0.000203 0.000180 0.000198 0.000204
1255600000.000000 0.105592 -0.001903 0.001855 0.000426 0.000222 0.000185 0.000199 0.000185
1258900000.000000 0.106595 -0.001680 0.001652 0.000541 0.000211 0.000196 0.000190 0.000220
1262300000.000000 0.101335 -0.002220 0.002386 0.000663 0.000381 0.000315 0.000316 0.000353
1265600000.000000 0.098858 0.000168 0.002825 0.001115 0.000912 0.000755 0.000776 0.000741
1268900000.000000 0.093006 -0.000130 0.003639 -0.001626 0.001525 0.000991 0.001004 0.001004
1272300000.000000 0.095089 0.000250 0.003353 0.000177 0.000673 0.000579 0.000548 0.000581
1275600000.000000 0.100294 -0.001362 0.001663 -0.000666 0.000482 0.000340 0.000361 0.000377
1279000000.000000 0.088888 -0.002393 0.000769 -0.004486 0.000845 0.000488 0.000469 0.000534
1282300000.000000 0.102486 -0.000965 0.001960 -0.000747 0.000327 0.000274 0.000285 0.000298
1285700000.000000 0.106842 -0.001860 0.001655 0.000135 0.000315 0.000291 0.000298 0.000294
1289000000.000000 0.101684 -0.001164 0.001224 -0.001696 0.000541 0.000380 0.000409 0.000433
1292300000.000000 0.106725 -0.001259 0.001806 0.000123 0.000336 0.000275 0.000295 0.000302
1295700000.000000 0.105699 -0.001259 0.001540 0.000125 0.000203 0.000182 0.000182 0.000184
1299000000.000000 0.106700 -0.001709 0.001458 0.000004 0.000203 0.000180 0.000175 0.000179
1302400000.000000 0.105844 -0.001252 0.001543 -0.000290 0.000195 0.000199 0.000183 0.000176
1305700000.000000 0.106386 -0.001612 0.001556 -0.000097 0.000193 0.000162 0.000160 0.000163
1309100000.000000 0.106413 -0.001698 0.001677 -0.000112 0.000189 0.000170 0.000165 0.000168
1312400000.000000 0.106314 -0.001497 0.001870 -0.000030 0.000182 0.000175 0.000168 0.000162
1315800000.000000 0.105820 -0.001397 0.001705 -0.000046 0.000197 0.000164 0.000179 0.000154
1319100000.000000 0.106119 -0.001257 0.001852 0.000114 0.000184 0.000172 0.000163 0.000159
1322400000.000000 0.105471 -0.001546 0.001680 -0.000247 0.000180 0.000157 0.000150 0.000158
1325800000.000000 0.105710 -0.001562 0.001650 -0.000075 0.000179 0.000159 0.000162 0.000166
1329100000.000000 0.105550 -0.001520 0.001215 -0.000179 0.000179 0.000159 0.000158 0.000162
1332500000.000000 0.105177 -0.001548 0.001525 -0.000163 0.000173 0.000149 0.000181 0.000151
1335800000.000000 0.105234 -0.001688 0.001258 0.000029 0.000175 0.000187 0.000158 0.000150
1339200000.000000 0.105160 -0.001737 0.001538 -0.000120 0.000190 0.000163 0.000173 0.000153
1342500000.000000 0.104786 -0.001747 0.001632 -0.000250 0.000182 0.000176 0.000156 0.000163
1345800000.000000 0.104919 -0.001509 0.001392 -0.000306 0.000192 0.000158 0.000177 0.000163
1349200000.000000 0.104819 -0.001215 0.001397 0.000015 0.000184 0.000161 0.000160 0.000166
1352500000.000000 0.104843 -0.001420 0.001562 -0.000164 0.000173 0.000168 0.000154 0.000150
1355900000.000000 0.104730 -0.001572 0.001361 -0.000141 0.000176 0.000177 0.000149 0.000156
1359200000.000000 0.104950 -0.001509 0.001735 -0.000119 0.000166 0.000156 0.000153 0.000159
1362600000.000000 0.104380 -0.001758 0.001515 -0.000346 0.000170 0.000159 0.000160 0.000165
1365900000.000000 0.104455 -0.001645 0.001505 -0.000070 0.000185 0.000157 0.000166 0.000150
1369300000.000000 0.104487 -0.001396 0.001482 -0.000226 0.000182 0.000159 0.000157 0.000155
1372600000.000000 0.104459 -0.001746 0.001380 0.000023 0.000174 0.000149 0.000163 0.000155
1375900000.000000 0.104270 -0.001439 0.001354 0.000122 0.000177 0.000153 0.000160 0.000169
1379300000.000000 0.104511 -0.001299 0.001404 -0.000063 0.000172 0.000153 0.000179 0.000154
1382600000.000000 0.104437 -0.001381 0.001386 -0.000045 0.000176 0.000158 0.000156 0.000148
1386000000.000000 0.104568 -0.001524 0.001655 -0.000192 0.000195 0.000164 0.000158 0.000159
1389300000.000000 0.104352 -0.001647 0.001301 -0.000011 0.000194 0.000169 0.000162 0.000161
1392700000.000000 0.104863 -0.001410 0.001524 -0.000112 0.000185 0.000153 0.000147 0.000162
1396000000.000000 0.104982 -0.001482 0.001303 -0.000174 0.000200 0.000155 0.000157 0.000158
1399300000.000000 0.104811 -0.001649 0.001352 0.000036 0.000170 0.000155 0.000154 0.000153
1402700000.000000 0.104634 -0.001393 0.001135 -0.000109 0.000163 0.000154 0.000152 0.000153
1406000000.000000 0.104828 -0.001304 0.000940 -0.000114 0.000177 0.000157 0.000155 0.000153
1409400000.000000 0.104583 -0.001520 0.001723 -0.000119 0.000179 0.000160 0.000147 0.000157
1412700000.000000 0.104699 -0.001390 0.001230 0.000153 0.000179 0.000150 0.000178 0.000161
1416100000.000000 0.105099 -0.001550 0.001551 -0.000158 0.000181 0.000172 0.000157 0.000156
1422800000.000000 0.105868 -0.001592 0.001220 0.000076 0.000245 0.000223 0.000225 0.000221
1426100000.000000 0.104691 -0.001614 0.001094 0.000196 0.000179 0.000158 0.000166 0.000151
1429400000.000000 0.104738 -0.001581 0.001292 -0.000187 0.000165 0.000163 0.000153 0.000170
1432800000.000000 0.105036 -0.001123 0.001236 -0.000120 0.000178 0.000164 0.000155 0.000159
1436100000.000000 0.104731 -0.001444 0.001432 -0.000227 0.000191 0.000155 0.000155 0.000169
1439500000.000000 0.104336 -0.001509 0.001232 -0.000249 0.000179 0.000167 0.000157 0.000172
1442800000.000000 0.104591 -0.001509 0.001166 -0.000204 0.000172 0.000157 0.000158 0.000164
1446200000.000000 0.104697 -0.001451 0.001188 -0.000217 0.000181 0.000162 0.000163 0.000166
1449500000.000000 0.104582 -0.001442 0.001258 0.000016 0.000182 0.000147 0.000166 0.000163
1452800000.000000 0.104641 -0.001029 0.001400 -0.000521 0.000184 0.000163 0.000158 0.000163
1456200000.000000 0.104194 -0.001481 0.001155 -0.000113 0.000186 0.000154 0.000154 0.000166
1459500000.000000 0.104401 -0.001325 0.001215 0.000098 0.000180 0.000170 0.000157 0.000162
1462900000.000000 0.103941 -0.001320 0.001228 -0.000616 0.000172 0.000150 0.000157 0.000144
1466200000.000000 0.103863 -0.001609 0.000839 -0.000194 0.000188 0.000163 0.000155 0.000170
1469600000.000000 0.104065 -0.001873 0.000991 -0.000026 0.000179 0.000170 0.000158 0.000153
1472900000.000000 0.103868 -0.001396 0.001273 -0.000338 0.000171 0.000154 0.000157 0.000161
1476300000.000000 0.103816 -0.001452 0.000964 -0.000160 0.000180 0.000160 0.000175 0.000167
1479600000.000000 0.103927 -0.001511 0.001273 -0.000036 0.000186 0.000163 0.000163 0.000152
1482900000.000000 0.103413 -0.001477 0.001157 -0.000276 0.000181 0.000168 0.000154 0.000151
1486300000.000000 0.103837 -0.001235 0.001102 0.000357 0.000180 0.000160 0.000155 0.000152
1489600000.000000 0.103299 -0.001396 0.001133 -0.000225 0.000175 0.000163 0.000148 0.000164
1493000000.000000 0.103826 -0.001386 0.001170 -0.000243 0.000172 0.000163 0.000168 0.000166
1496300000.000000 0.103763 -0.001223 0.001141 -0.000213 0.000165 0.000162 0.000153 0.000169
1499700000.000000 0.103430 -0.001487 0.001206 -0.000177 0.000173 0.000155 0.000159 0.000161
1503000000.000000 0.103692 -0.001487 0.001197 -0.000421 0.000175 0.000178 0.000164 0.000156
1506300000.000000 0.103578 -0.001518 0.001067 -0.000150 0.000170 0.000153 0.000167 0.000161
1509700000.000000 0.103997 -0.001457 0.001107 -0.000222 0.000186 0.000171 0.000165 0.000161
1513000000.000000 0.103783 -0.001218 0.001139 -0.000221 0.000188 0.000163 0.000148 0.000150
1516400000.000000 0.104145 -0.001683 0.000887 -0.000072 0.000189 0.000159 0.000155 0.000163
1519700000.000000 0.104294 -0.001345 0.001064 -0.000129 0.000176 0.000168 0.000163 0.000166
1523100000.000000 0.103664 -0.000986 0.000717 -0.000751 0.000341 0.000267 0.000261 0.000260
1526400000.000000 0.099066 -0.001822 -0.000730 -0.002217 0.000764 0.000451 0.000552 0.000536
1529800000.000000 0.104824 -0.001749 0.000839 -0.000482 0.000295 0.000240 0.000228 0.000238
1533100000.000000 0.103839 -0.001347 0.000409 -0.000915 0.000316 0.000250 0.000266 0.000271
1536400000.000000 0.105105 -0.001046 0.000926 -0.000508 0.000291 0.000294 0.000288 0.000265
1539800000.000000 0.102511 -0.002525 -0.000629 -0.000528 0.000676 0.000608 0.000628 0.000529
1543100000.000000 0.102204 -0.001334 0.000844 -0.000808 0.000508 0.000366 0.000391 0.000389
1546500000.000000 0.096785 -0.001740 0.000232 -0.003024 0.000643 0.000496 0.000449 0.000541
1549800000.000000 0.104195 -0.002137 0.000510 -0.000565 0.000274 0.000258 0.000281 0.000274
1553200000.000000 0.099862 -0.001521 -0.000463 -0.002581 0.000454 0.000382 0.000364 0.000408
1556500000.000000 0.103488 -0.001281 0.000788 0.000146 0.000257 0.000214 0.000209 0.000229
1559800000.000000 0.093112 -0.001063 -0.000855 -0.001589 0.000878 0.000586 0.000554 0.000697
1563200000.000000 0.102516 -0.001314 0.000708 -0.000870 0.000337 0.000270 0.000280 0.000294
1566500000.000000 0.102254 -0.001724 0.000745 -0.000873 0.000228 0.000202 0.000189 0.000183
1569900000.000000 0.100145 -0.001616 0.001014 -0.000555 0.000278 0.000211 0.000231 0.000237
1573200000.000000 0.108195 -0.001130 0.001454 0.001092 0.000521 0.000447 0.000444 0.000446
1576600000.000000 0.104908 0.000745 0.001376 0.000679 0.001978 0.002142 0.002256 0.001537
1579900000.000000 0.099291 -0.001468 0.000826 0.000188 0.000300 0.000222 0.000242 0.000275
1583300000.000000 0.102663 -0.001286 0.000957 -0.000112 0.000219 0.000191 0.000200 0.000198
1586600000.000000 0.104537 -0.001242 0.000787 -0.000135 0.000199 0.000181 0.000188 0.000216
1589900000.000000 0.092731 -0.001146 0.000008 -0.002092 0.000633 0.000459 0.000411 0.000428
1593300000.000000 0.102923 -0.001358 0.001075 -0.000623 0.000233 0.000223 0.000199 0.000211
1596600000.000000 0.103171 -0.001154 0.000948 -0.000260 0.000198 0.000180 0.000165 0.000170
1600000000.000000 0.100613 -0.000734 0.002357 -0.001761 0.000272 0.000232 0.000220 0.000233
1603300000.000000 0.101008 -0.001706 0.000512 -0.000337 0.000251 0.000211 0.000196 0.000199
1606700000.000000 0.102424 -0.001374 0.000686 -0.000272 0.000210 0.000180 0.000181 0.000174
1610000000.000000 0.103725 -0.001036 0.001236 -0.000071 0.000180 0.000156 0.000155 0.000161
1613300000.000000 0.103589 -0.001233 0.001205 0.000065 0.000181 0.000151 0.000152 0.000154
1616700000.000000 0.102548 -0.001081 0.001113 -0.000155 0.000192 0.000183 0.000169 0.000162
1620000000.000000 0.101445 -0.001564 0.000299 -0.001015 0.000230 0.000212 0.000226 0.000227
1623400000.000000 0.093689 -0.002720 -0.001039 0.000116 0.000777 0.000631 0.000715 0.000660
1630100000.000000 0.103810 -0.001009 0.001161 -0.000267 0.000173 0.000153 0.000154 0.000162
1633400000.000000 0.102979 -0.001216 0.000940 -0.000073 0.000171 0.000167 0.000163 0.000164
1636800000.000000 0.103124 -0.001052 0.000650 -0.000214 0.000179 0.000158 0.000152 0.000155
1640100000.000000 0.102929 -0.001126 0.000802 -0.000474 0.000162 0.000146 0.000171 0.000154
1643400000.000000 0.102879 -0.001080 0.000782 -0.000084 0.000175 0.000170 0.000140 0.000162
1646800000.000000 0.103089 -0.001035 0.000891 0.000030 0.000174 0.000159 0.000168 0.000159
