# # SwiftJ1727 QU data converted from polkat JSON output
# # Date (ISO): 2023-11-25T10:55:16.700000
# # Columns: freq(Hz) I(Jy) Q(Jy) U(Jy) V(Jy) dI(Jy) dQ(Jy) dU(Jy) dV(Jy)
# 
901127563.476562 0.008989 0.000158 -0.000816 0.000187 0.000571 0.000551 0.000512 0.000492
904471313.476562 0.008354 0.000564 -0.000872 0.000150 0.000307 0.000276 0.000256 0.000242
907815063.476562 0.008438 0.000701 -0.000257 -0.000288 0.000283 0.000236 0.000220 0.000236
911158813.476562 0.008391 0.000169 -0.000741 -0.000159 0.000287 0.000265 0.000262 0.000250
914502563.476562 0.008764 0.000528 -0.000091 -0.000173 0.000278 0.000263 0.000265 0.000238
917846313.476562 0.008653 0.000212 -0.000063 -0.000078 0.000287 0.000257 0.000258 0.000216
921190063.476562 0.008601 0.000274 -0.001057 -0.000022 0.000317 0.000241 0.000271 0.000256
924533813.476562 0.008327 0.000623 -0.000542 0.000217 0.000308 0.000253 0.000248 0.000249
927877563.476562 0.008919 0.000880 -0.000531 0.000053 0.000281 0.000246 0.000248 0.000263
931221313.476562 0.009114 0.000782 -0.000243 0.000012 0.000293 0.000245 0.000245 0.000244
934565063.476562 0.010124 0.000789 -0.001868 -0.000423 0.000915 0.000964 0.000934 0.000891
937908813.476562 0.059996 -0.033940 0.003904 0.012206 0.013187 0.017869 0.003074 0.012820
944596313.476562 0.009271 0.003117 -0.000967 -0.001816 0.001448 0.001213 0.001309 0.001404
947940063.476562 0.008718 0.000991 -0.000859 0.000255 0.000787 0.000663 0.000735 0.000582
951283813.476562 0.008384 0.000641 -0.000349 0.000180 0.000281 0.000264 0.000277 0.000256
954627563.476562 0.008398 0.000643 0.000141 -0.000023 0.000393 0.000347 0.000350 0.000317
957971313.476562 0.008121 0.000283 -0.000019 0.000193 0.000769 0.000583 0.000780 0.000701
961315063.476562 0.008451 0.000210 -0.000056 0.000216 0.000318 0.000335 0.000292 0.000313
964658813.476562 0.008089 0.000205 0.000131 0.000131 0.000279 0.000232 0.000248 0.000218
968002563.476562 0.008185 0.000341 -0.000220 0.000121 0.000232 0.000249 0.000208 0.000231
971346313.476562 0.008435 0.000718 -0.000730 0.000001 0.000254 0.000233 0.000208 0.000243
974690063.476562 0.008326 0.000532 -0.000313 0.000293 0.000238 0.000235 0.000212 0.000192
978033813.476562 0.008515 0.000331 -0.000367 -0.000164 0.000255 0.000218 0.000237 0.000209
981377563.476562 0.008345 0.001071 -0.000584 -0.000105 0.000234 0.000220 0.000229 0.000229
984721313.476562 0.008336 0.001136 -0.000968 -0.000313 0.000247 0.000233 0.000216 0.000214
988065063.476562 0.008071 -0.000027 -0.000625 0.000260 0.000239 0.000215 0.000209 0.000216
991408813.476562 0.008196 0.000765 -0.000847 -0.000183 0.000232 0.000212 0.000222 0.000193
994752563.476562 0.008280 0.000638 -0.000702 -0.000428 0.000241 0.000216 0.000210 0.000220
998096313.476562 0.008353 0.000670 -0.000284 -0.000058 0.000248 0.000245 0.000212 0.000219
1001440063.476560 0.007877 0.000629 -0.000572 0.000385 0.000224 0.000232 0.000230 0.000214
1004783813.476560 0.008455 0.000657 -0.000362 0.000086 0.000237 0.000225 0.000226 0.000208
1008127563.476560 0.008589 0.000522 -0.000566 -0.000147 0.000242 0.000230 0.000207 0.000200
1011471313.476560 0.007669 0.000825 -0.000250 -0.000059 0.000269 0.000213 0.000226 0.000216
1014815063.476560 0.008552 0.000371 -0.000205 -0.000172 0.000227 0.000218 0.000222 0.000226
1018158813.476560 0.008419 0.000180 -0.000534 0.000164 0.000244 0.000228 0.000208 0.000215
1021502563.476560 0.007837 0.000138 -0.000648 0.000066 0.000223 0.000236 0.000227 0.000237
1024846313.476560 0.008379 0.000358 -0.000355 0.000349 0.000226 0.000219 0.000205 0.000227
1028190063.476560 0.008384 0.000416 -0.000456 -0.000120 0.000280 0.000238 0.000256 0.000229
1031533813.476560 0.007005 0.000285 -0.000102 0.000024 0.000289 0.000270 0.000248 0.000288
1034877563.476560 0.007958 0.000357 -0.000198 0.000146 0.000243 0.000213 0.000202 0.000208
1038221313.476560 0.007821 -0.000004 -0.000230 -0.000268 0.000232 0.000213 0.000217 0.000197
1041565063.476560 0.008083 0.000606 -0.000284 0.000102 0.000242 0.000235 0.000239 0.000192
1044908813.476560 0.008023 0.000467 -0.000042 -0.000102 0.000223 0.000228 0.000240 0.000215
1048252563.476560 0.007655 0.000267 -0.000286 -0.000194 0.000228 0.000196 0.000215 0.000184
1051596313.476560 0.007504 0.000625 -0.000332 0.000225 0.000213 0.000213 0.000211 0.000225
1054940063.476560 0.007702 0.000443 -0.000324 -0.000152 0.000211 0.000208 0.000221 0.000198
1058283813.476560 0.007168 -0.000015 -0.000675 0.000438 0.000241 0.000220 0.000250 0.000236
1061627563.476560 0.007392 0.000178 0.000241 -0.000394 0.000190 0.000223 0.000211 0.000215
1064971313.476560 0.007566 0.000550 -0.000495 -0.000111 0.000213 0.000194 0.000214 0.000198
1068315063.476560 0.008074 0.000465 -0.000189 -0.000051 0.000221 0.000197 0.000213 0.000200
1071658813.476560 0.007165 0.000281 -0.000179 -0.000036 0.000227 0.000201 0.000202 0.000215
1075002563.476560 0.007586 0.000357 -0.000136 0.000114 0.000234 0.000221 0.000200 0.000188
1078346313.476560 0.007935 0.000139 -0.000245 0.000111 0.000220 0.000205 0.000193 0.000209
1081690063.476560 0.007573 0.000400 -0.000303 0.000104 0.000235 0.000231 0.000208 0.000194
1085033813.476560 0.007439 0.000744 -0.000147 -0.000085 0.000237 0.000226 0.000211 0.000218
1088377563.476560 0.008438 -0.000821 -0.000396 -0.001228 0.001437 0.001169 0.001335 0.001104
1091721313.476560 0.008223 -0.001250 0.001555 -0.000510 0.000955 0.000931 0.000866 0.000897
1095065063.476560 0.007130 0.000365 -0.000024 0.000210 0.000202 0.000207 0.000197 0.000191
1098408813.476560 0.007499 0.000556 -0.000156 0.000575 0.000216 0.000219 0.000210 0.000220
1101752563.476560 0.007153 0.000262 -0.000438 -0.000005 0.000219 0.000225 0.000224 0.000221
1105096313.476560 0.007276 0.000433 0.000117 -0.000225 0.000208 0.000188 0.000209 0.000204
1108440063.476560 0.007010 0.000602 -0.000405 0.000027 0.000222 0.000208 0.000209 0.000191
1111783813.476560 0.007558 0.000509 -0.000189 0.000048 0.000230 0.000207 0.000230 0.000227
1115127563.476560 0.007177 0.000441 -0.000537 0.000015 0.000209 0.000199 0.000193 0.000216
1118471313.476560 0.007290 0.000445 -0.000363 0.000237 0.000206 0.000196 0.000193 0.000188
1121815063.476560 0.007297 0.000442 -0.000288 -0.000051 0.000222 0.000229 0.000209 0.000230
1125158813.476560 0.007131 0.000087 0.000165 -0.000120 0.000229 0.000204 0.000198 0.000212
1128502563.476560 0.007335 0.000703 -0.000182 0.000189 0.000197 0.000202 0.000216 0.000209
1131846313.476560 0.007334 0.000691 -0.000159 -0.000290 0.000206 0.000195 0.000192 0.000206
1135190063.476560 0.007150 0.000726 -0.000037 0.000056 0.000221 0.000210 0.000223 0.000215
1138533813.476560 0.006595 0.000559 -0.000196 -0.000027 0.000241 0.000189 0.000207 0.000208
1141877563.476560 0.007148 0.000393 -0.000391 0.000152 0.000229 0.000218 0.000191 0.000199
1145221313.476560 0.006836 0.000815 -0.000087 -0.000127 0.000247 0.000227 0.000215 0.000225
1148565063.476560 0.006806 0.000463 -0.000186 -0.000546 0.000243 0.000226 0.000223 0.000237
1151908813.476560 0.006845 0.000452 -0.000147 0.000037 0.000227 0.000206 0.000211 0.000226
1155252563.476560 0.007152 0.000333 -0.000449 -0.000386 0.000215 0.000187 0.000190 0.000208
1158596313.476560 0.007138 0.000451 -0.000646 0.000211 0.000191 0.000188 0.000207 0.000209
1161940063.476560 0.007062 0.000495 -0.000220 -0.000194 0.000242 0.000220 0.000203 0.000205
1165283813.476560 0.007110 0.000790 -0.000213 0.000106 0.000179 0.000182 0.000185 0.000206
1168627563.476560 0.006689 0.000714 -0.000413 0.000532 0.000317 0.000264 0.000254 0.000278
1171971313.476560 0.005804 0.001290 0.001940 0.000742 0.001880 0.001508 0.001366 0.001680
1182002563.476560 0.008154 0.001292 -0.000747 -0.000247 0.001074 0.000816 0.000894 0.000987
1185346313.476560 0.006444 0.000173 -0.000253 0.000438 0.000252 0.000211 0.000210 0.000216
1188690063.476560 0.006789 0.000587 -0.000301 0.000052 0.000192 0.000186 0.000213 0.000203
1192033813.476560 0.006582 0.000200 -0.000369 -0.000066 0.000223 0.000213 0.000191 0.000210
1195377563.476560 0.006975 0.000220 -0.000648 -0.000093 0.000220 0.000204 0.000199 0.000198
1198721313.476560 0.006636 0.000559 -0.000252 0.000192 0.000266 0.000207 0.000240 0.000246
1202065063.476560 0.005435 0.000310 -0.000353 -0.000424 0.000371 0.000354 0.000361 0.000385
1205408813.476560 0.005620 -0.000451 -0.000702 -0.000037 0.000652 0.000468 0.000543 0.000567
1208752563.476560 0.005707 0.000521 -0.000328 0.000011 0.000586 0.000473 0.000519 0.000526
1212096313.476560 0.006005 0.000904 -0.000019 -0.000180 0.000367 0.000310 0.000331 0.000318
1215440063.476560 0.006420 0.000365 -0.000378 -0.000432 0.000232 0.000228 0.000210 0.000204
1218783813.476560 0.007443 0.000753 -0.000122 -0.000148 0.000224 0.000196 0.000211 0.000211
1222127563.476560 0.007271 0.000532 -0.000097 0.000116 0.000231 0.000204 0.000207 0.000228
1225471313.476560 0.005975 0.000388 -0.000174 -0.000091 0.000282 0.000268 0.000279 0.000265
1228815063.476560 0.006304 0.000043 -0.000396 -0.000072 0.000357 0.000269 0.000308 0.000311
1232158813.476560 0.006588 0.000328 -0.000448 0.000132 0.000257 0.000231 0.000214 0.000220
1235502563.476560 0.006709 0.000519 -0.000287 -0.000554 0.000243 0.000212 0.000231 0.000215
1238846313.476560 0.006803 0.000222 0.000272 -0.000290 0.000233 0.000200 0.000198 0.000211
1242190063.476560 0.006724 0.000020 -0.000407 0.000129 0.000240 0.000223 0.000240 0.000223
1245533813.476560 0.005916 0.000743 -0.000343 -0.000028 0.000430 0.000411 0.000371 0.000412
1248877563.476560 0.006734 0.000423 -0.000317 0.000406 0.000323 0.000316 0.000291 0.000327
1252221313.476560 0.006887 0.000468 -0.000260 -0.000013 0.000201 0.000217 0.000198 0.000196
1255565063.476560 0.006524 0.000555 -0.000111 0.000087 0.000204 0.000210 0.000200 0.000187
1258908813.476560 0.006892 0.000300 0.000264 0.000234 0.000201 0.000196 0.000190 0.000216
1262252563.476560 0.006942 0.000158 -0.000391 -0.000533 0.000334 0.000299 0.000286 0.000336
1265596313.476560 0.005217 0.000647 -0.000059 -0.000627 0.000816 0.000686 0.000647 0.000653
1268940063.476560 0.004466 -0.001870 0.000826 -0.000191 0.001079 0.000992 0.000900 0.001094
1272283813.476560 0.005020 0.000888 0.000572 0.000458 0.000595 0.000498 0.000560 0.000545
1275627563.476560 0.006256 0.000015 -0.000206 -0.000186 0.000382 0.000343 0.000345 0.000371
1278971313.476560 0.005082 0.001135 -0.000454 -0.001272 0.000410 0.000375 0.000362 0.000461
1282315063.476560 0.006028 0.000268 -0.000257 -0.000104 0.000287 0.000287 0.000264 0.000279
1285658813.476560 0.006988 0.000006 -0.000183 -0.000069 0.000300 0.000289 0.000263 0.000305
1289002563.476560 0.006181 0.000430 0.000672 -0.000549 0.000413 0.000358 0.000417 0.000389
1292346313.476560 0.006751 0.000568 -0.000542 -0.000119 0.000319 0.000304 0.000310 0.000296
1295690063.476560 0.006822 0.000375 -0.000144 0.000268 0.000217 0.000214 0.000202 0.000223
1299033813.476560 0.006314 0.000711 -0.000271 0.000202 0.000210 0.000213 0.000207 0.000223
1302377563.476560 0.006513 0.000502 -0.000099 0.000298 0.000219 0.000203 0.000208 0.000216
1305721313.476560 0.006715 0.000405 -0.000236 0.000183 0.000188 0.000203 0.000192 0.000216
1309065063.476560 0.006702 0.000665 -0.000391 0.000003 0.000194 0.000206 0.000199 0.000204
1312408813.476560 0.006787 0.000709 -0.000082 0.000030 0.000190 0.000202 0.000202 0.000186
1315752563.476560 0.006715 0.000548 -0.000322 -0.000093 0.000200 0.000210 0.000193 0.000199
1319096313.476560 0.006522 0.000539 0.000158 0.000119 0.000215 0.000207 0.000206 0.000200
1322440063.476560 0.006807 0.000505 -0.000028 -0.000047 0.000194 0.000191 0.000207 0.000199
1325783813.476560 0.006475 0.000545 -0.000168 0.000053 0.000192 0.000190 0.000192 0.000186
1329127563.476560 0.006296 0.000584 -0.000140 0.000198 0.000195 0.000203 0.000221 0.000182
1332471313.476560 0.005941 0.000616 -0.000254 0.000003 0.000214 0.000207 0.000216 0.000189
1335815063.476560 0.006422 0.000432 -0.000369 0.000154 0.000184 0.000202 0.000202 0.000203
1339158813.476560 0.006166 0.000464 -0.000321 0.000118 0.000201 0.000183 0.000191 0.000189
1342502563.476560 0.006297 0.000681 -0.000102 -0.000010 0.000218 0.000212 0.000187 0.000192
1345846313.476560 0.006140 0.000358 -0.000400 0.000107 0.000188 0.000205 0.000178 0.000185
1349190063.476560 0.005970 0.000417 -0.000213 0.000202 0.000200 0.000195 0.000186 0.000185
1352533813.476560 0.006164 0.000168 -0.000190 0.000073 0.000197 0.000195 0.000168 0.000197
1355877563.476560 0.006218 0.000483 -0.000176 -0.000052 0.000204 0.000188 0.000182 0.000195
1359221313.476560 0.006260 0.000448 -0.000255 0.000242 0.000187 0.000183 0.000183 0.000178
1362565063.476560 0.006415 0.000675 -0.000170 -0.000456 0.000191 0.000195 0.000187 0.000205
1365908813.476560 0.006511 0.000830 0.000050 -0.000268 0.000193 0.000190 0.000202 0.000186
1369252563.476560 0.006077 0.000630 0.000047 0.000133 0.000189 0.000200 0.000167 0.000197
1372596313.476560 0.006268 0.000349 -0.000059 0.000143 0.000210 0.000210 0.000187 0.000196
1375940063.476560 0.006079 0.000467 -0.000030 0.000048 0.000191 0.000191 0.000197 0.000202
1379283813.476560 0.006257 0.000375 -0.000127 -0.000066 0.000189 0.000181 0.000184 0.000179
1382627563.476560 0.005994 0.000610 -0.000173 0.000027 0.000205 0.000192 0.000191 0.000198
1385971313.476560 0.006276 0.000379 -0.000039 0.000040 0.000182 0.000182 0.000185 0.000197
1389315063.476560 0.006488 0.000329 -0.000155 0.000108 0.000190 0.000194 0.000194 0.000197
1392658813.476560 0.006376 0.000563 -0.000222 -0.000110 0.000203 0.000199 0.000202 0.000183
1396002563.476560 0.006251 0.000490 -0.000143 -0.000005 0.000190 0.000202 0.000194 0.000201
1399346313.476560 0.006438 0.000346 0.000146 -0.000026 0.000180 0.000195 0.000192 0.000194
1402690063.476560 0.005890 0.000682 -0.000498 0.000006 0.000191 0.000210 0.000196 0.000185
1406033813.476560 0.006057 0.000399 -0.000270 0.000035 0.000203 0.000178 0.000201 0.000175
1409377563.476560 0.006136 0.000915 0.000054 -0.000111 0.000209 0.000186 0.000196 0.000181
1412721313.476560 0.006043 0.000481 -0.000124 -0.000365 0.000197 0.000194 0.000203 0.000198
1416065063.476560 0.006258 0.000359 0.000060 -0.000011 0.000202 0.000180 0.000202 0.000193
1422752563.476560 0.005635 0.000451 0.000107 -0.000045 0.000270 0.000273 0.000269 0.000264
1426096313.476560 0.005952 0.000506 -0.000326 -0.000145 0.000184 0.000197 0.000188 0.000186
1429440063.476560 0.005880 0.000348 0.000122 -0.000031 0.000188 0.000181 0.000202 0.000191
1432783813.476560 0.006325 0.000474 -0.000199 0.000109 0.000204 0.000197 0.000189 0.000190
1436127563.476560 0.006165 0.000793 -0.000107 -0.000199 0.000198 0.000177 0.000181 0.000185
1439471313.476560 0.006225 0.000519 -0.000251 0.000141 0.000194 0.000206 0.000184 0.000188
1442815063.476560 0.006440 0.000392 -0.000024 -0.000103 0.000189 0.000187 0.000186 0.000188
1446158813.476560 0.006166 0.000366 -0.000090 0.000072 0.000193 0.000190 0.000188 0.000188
1449502563.476560 0.005900 0.000330 0.000063 -0.000041 0.000208 0.000200 0.000182 0.000183
1452846313.476560 0.006310 0.000285 0.000033 0.000095 0.000200 0.000195 0.000199 0.000202
1456190063.476560 0.005803 0.000398 -0.000448 -0.000048 0.000201 0.000199 0.000194 0.000183
1459533813.476560 0.005986 0.000319 -0.000400 -0.000067 0.000185 0.000213 0.000194 0.000193
1462877563.476560 0.006111 0.000577 -0.000151 0.000127 0.000184 0.000192 0.000194 0.000181
1466221313.476560 0.006118 0.000367 -0.000016 0.000031 0.000188 0.000202 0.000176 0.000186
1469565063.476560 0.006204 0.000564 -0.000334 0.000208 0.000189 0.000205 0.000183 0.000200
1472908813.476560 0.006212 0.000355 0.000102 0.000168 0.000191 0.000185 0.000193 0.000199
1476252563.476560 0.005879 0.000374 -0.000056 0.000125 0.000173 0.000210 0.000192 0.000187
1479596313.476560 0.005706 0.000178 0.000193 0.000203 0.000195 0.000216 0.000196 0.000195
1482940063.476560 0.006100 0.000472 0.000038 -0.000263 0.000212 0.000184 0.000198 0.000188
1486283813.476560 0.005775 0.000933 -0.000007 0.000219 0.000184 0.000192 0.000192 0.000202
1489627563.476560 0.005901 0.000574 0.000016 0.000218 0.000190 0.000192 0.000181 0.000190
1492971313.476560 0.005854 0.000581 0.000061 0.000022 0.000192 0.000199 0.000214 0.000191
1496315063.476560 0.006169 0.000608 0.000175 0.000050 0.000200 0.000201 0.000189 0.000190
1499658813.476560 0.006232 0.000342 -0.000043 0.000073 0.000190 0.000167 0.000171 0.000177
1503002563.476560 0.006155 0.000427 0.000120 -0.000302 0.000163 0.000175 0.000163 0.000167
1506346313.476560 0.005763 0.000592 -0.000172 0.000012 0.000163 0.000170 0.000171 0.000166
1509690063.476560 0.006004 0.000469 -0.000213 -0.000225 0.000181 0.000188 0.000169 0.000166
1513033813.476560 0.005881 0.000475 -0.000058 0.000118 0.000169 0.000167 0.000175 0.000168
1516377563.476560 0.005592 0.000340 -0.000185 -0.000362 0.000174 0.000174 0.000179 0.000195
1519721313.476560 0.006000 0.000635 -0.000024 -0.000250 0.000164 0.000174 0.000163 0.000155
1523065063.476560 0.003971 0.001350 -0.000311 -0.000936 0.000506 0.000443 0.000467 0.000526
1526408813.476560 0.005475 0.000058 0.000057 0.000206 0.000578 0.000636 0.000571 0.000619
1529752563.476560 0.005823 0.000344 -0.000477 -0.000166 0.000293 0.000295 0.000259 0.000273
1533096313.476560 0.006611 0.000123 -0.000383 0.000073 0.000385 0.000328 0.000354 0.000363
1536440063.476560 0.005744 0.000360 -0.000292 0.000081 0.000385 0.000346 0.000369 0.000378
1539783813.476560 0.004992 0.000682 0.000451 0.000797 0.000636 0.000550 0.000565 0.000569
1543127563.476560 0.005303 0.000146 -0.000697 -0.000186 0.000528 0.000446 0.000463 0.000512
1546471313.476560 0.005171 0.000087 0.000152 -0.000629 0.000491 0.000441 0.000504 0.000480
1549815063.476560 0.005955 0.000090 0.000113 -0.000184 0.000257 0.000245 0.000247 0.000241
1553158813.476560 0.005120 0.000437 -0.000852 -0.000974 0.000528 0.000498 0.000398 0.000491
1556502563.476560 0.005537 0.000414 -0.000354 0.000408 0.000224 0.000216 0.000214 0.000221
1559846313.476560 0.003657 -0.000036 -0.000791 0.000438 0.000649 0.000597 0.000565 0.000575
1563190063.476560 0.005709 0.000450 -0.000363 0.000174 0.000320 0.000295 0.000284 0.000302
1566533813.476560 0.005629 0.000341 -0.000442 -0.000377 0.000214 0.000188 0.000183 0.000185
1569877563.476560 0.005688 0.000283 0.000012 0.000032 0.000219 0.000206 0.000202 0.000207
1573221313.476560 0.005474 0.000413 -0.000632 -0.000615 0.000446 0.000431 0.000404 0.000408
1579908813.476560 0.006019 0.000383 -0.000156 -0.000006 0.000230 0.000228 0.000218 0.000218
1583252563.476560 0.006008 0.000184 -0.000102 0.000159 0.000204 0.000183 0.000207 0.000196
1586596313.476560 0.005727 0.000389 0.000059 -0.000050 0.000205 0.000197 0.000207 0.000205
1589940063.476560 0.005865 0.000544 -0.000324 -0.000349 0.000404 0.000382 0.000347 0.000353
1593283813.476560 0.005535 0.000315 -0.000166 0.000415 0.000227 0.000238 0.000238 0.000250
1596627563.476560 0.005902 0.000394 -0.000119 -0.000054 0.000191 0.000184 0.000162 0.000177
1599971313.476560 0.005348 0.000285 -0.000365 -0.000063 0.000320 0.000283 0.000302 0.000309
1603315063.476560 0.005288 0.000389 -0.000338 -0.000372 0.000293 0.000290 0.000288 0.000306
1606658813.476560 0.005754 0.000389 0.000022 -0.000049 0.000183 0.000190 0.000191 0.000186
1610002563.476560 0.005715 0.000208 -0.000362 0.000359 0.000154 0.000143 0.000153 0.000162
1613346313.476560 0.005808 0.000479 -0.000079 -0.000220 0.000154 0.000173 0.000152 0.000166
1616690063.476560 0.005392 0.000383 -0.000039 -0.000314 0.000181 0.000175 0.000175 0.000180
1620033813.476560 0.004946 0.000571 0.000173 -0.000144 0.000232 0.000229 0.000228 0.000228
1623377563.476560 0.004579 0.000619 -0.000389 0.000137 0.000678 0.000620 0.000602 0.000647
1630065063.476560 0.005077 0.000238 -0.000309 0.000326 0.000161 0.000164 0.000167 0.000179
1633408813.476560 0.005573 0.000277 -0.000116 -0.000153 0.000163 0.000169 0.000157 0.000175
1636752563.476560 0.005726 0.000570 -0.000366 0.000179 0.000162 0.000152 0.000173 0.000169
1640096313.476560 0.005339 0.000343 -0.000096 -0.000098 0.000164 0.000164 0.000165 0.000163
1643440063.476560 0.005486 0.000212 0.000032 -0.000279 0.000168 0.000154 0.000171 0.000161
1646783813.476560 0.005438 0.000373 0.000146 0.000345 0.000160 0.000178 0.000175 0.000166
