# # SwiftJ1727 QU data converted from polkat JSON output
# # Date (ISO): 2024-02-19T04:21:56.500000
# # Columns: freq(Hz) I(Jy) Q(Jy) U(Jy) V(Jy) dI(Jy) dQ(Jy) dU(Jy) dV(Jy)
# 
902799438.476562 0.003605 -0.000480 0.000170 0.000462 0.000194 0.000164 0.000177 0.000157
916174438.476562 0.003686 -0.000338 0.000289 -0.000154 0.000133 0.000130 0.000113 0.000116
929549438.476562 0.003662 -0.000475 -0.000010 -0.000136 0.000177 0.000154 0.000130 0.000136
942924438.476562 0.003938 0.001431 0.001528 -0.001587 0.001024 0.001177 0.001080 0.001140
956299438.476562 0.003090 -0.000501 -0.000182 0.000013 0.000255 0.000240 0.000224 0.000227
969674438.476562 0.003336 -0.000362 0.000329 0.000195 0.000123 0.000110 0.000112 0.000112
983049438.476562 0.003354 -0.000405 0.000287 -0.000046 0.000118 0.000113 0.000102 0.000107
996424438.476562 0.003196 -0.000473 0.000388 -0.000076 0.000115 0.000109 0.000114 0.000098
1009799438.476560 0.003260 -0.000353 0.000350 -0.000006 0.000116 0.000114 0.000112 0.000098
1023174438.476560 0.003320 -0.000342 0.000151 0.000005 0.000127 0.000113 0.000101 0.000103
1036549438.476560 0.003462 -0.000267 0.000027 0.000161 0.000129 0.000110 0.000115 0.000111
1049924438.476560 0.003172 -0.000412 -0.000084 -0.000154 0.000114 0.000103 0.000110 0.000111
1063299438.476560 0.003384 -0.000350 0.000115 -0.000125 0.000112 0.000108 0.000101 0.000093
1076674438.476560 0.003377 -0.000157 0.000144 0.000033 0.000109 0.000094 0.000095 0.000105
1090049438.476560 0.003277 -0.000535 0.000344 -0.000334 0.000157 0.000141 0.000151 0.000166
1103424438.476560 0.003316 -0.000322 0.000112 0.000019 0.000103 0.000096 0.000102 0.000099
1116799438.476560 0.003194 -0.000380 -0.000049 -0.000080 0.000106 0.000092 0.000099 0.000109
1130174438.476560 0.003166 -0.000336 0.000163 -0.000016 0.000110 0.000105 0.000093 0.000099
1143549438.476560 0.002921 -0.000366 -0.000078 -0.000233 0.000134 0.000103 0.000111 0.000103
1156924438.476560 0.003417 -0.000457 -0.000052 0.000022 0.000122 0.000104 0.000106 0.000107
1170299438.476560 0.002723 -0.000035 -0.000377 -0.000121 0.000180 0.000188 0.000172 0.000187
1183674438.476560 0.002986 -0.000307 0.000089 -0.000011 0.000167 0.000147 0.000169 0.000180
1197049438.476560 0.002932 -0.000264 0.000185 0.000142 0.000137 0.000126 0.000121 0.000138
1210424438.476560 0.002688 -0.000276 0.000311 -0.000204 0.000258 0.000178 0.000204 0.000212
1223799438.476560 0.002412 -0.000377 -0.000031 -0.000031 0.000176 0.000161 0.000155 0.000166
1237174438.476560 0.003079 -0.000415 0.000224 0.000203 0.000132 0.000112 0.000103 0.000127
1250549438.476560 0.002924 -0.000219 0.000121 0.000008 0.000114 0.000104 0.000102 0.000117
1263924438.476560 0.002880 -0.000271 0.000232 0.000197 0.000191 0.000178 0.000196 0.000200
1277299438.476560 0.002817 0.000022 0.000183 -0.000056 0.000254 0.000215 0.000196 0.000237
1290674438.476560 0.002625 -0.000278 0.000132 -0.000083 0.000145 0.000143 0.000151 0.000141
1304049438.476560 0.002820 -0.000276 0.000012 0.000041 0.000099 0.000088 0.000091 0.000097
1317424438.476560 0.002796 -0.000332 0.000044 -0.000057 0.000095 0.000095 0.000094 0.000088
1330799438.476560 0.002771 -0.000416 0.000203 0.000014 0.000094 0.000085 0.000089 0.000083
1344174438.476560 0.002650 -0.000294 0.000266 -0.000068 0.000087 0.000084 0.000086 0.000086
1357549438.476560 0.002755 -0.000337 0.000133 -0.000042 0.000085 0.000081 0.000086 0.000083
1370924438.476560 0.002861 -0.000343 0.000110 -0.000152 0.000088 0.000085 0.000080 0.000076
1384299438.476560 0.002771 -0.000342 -0.000045 0.000074 0.000085 0.000086 0.000083 0.000083
1397674438.476560 0.002863 -0.000391 0.000151 0.000034 0.000088 0.000082 0.000082 0.000083
1411049438.476560 0.002708 -0.000330 0.000037 0.000037 0.000093 0.000084 0.000084 0.000081
1424424438.476560 0.002826 -0.000194 0.000152 0.000167 0.000110 0.000107 0.000117 0.000108
1437799438.476560 0.002579 -0.000268 0.000097 0.000207 0.000083 0.000085 0.000087 0.000083
1451174438.476560 0.002837 -0.000187 0.000134 -0.000034 0.000089 0.000088 0.000082 0.000087
1464549438.476560 0.002711 -0.000115 0.000059 -0.000042 0.000098 0.000079 0.000082 0.000083
1477924438.476560 0.002725 -0.000113 0.000023 0.000081 0.000086 0.000096 0.000085 0.000086
1491299438.476560 0.002639 -0.000341 0.000119 0.000034 0.000083 0.000087 0.000085 0.000085
1504674438.476560 0.002551 -0.000198 -0.000066 -0.000025 0.000100 0.000098 0.000096 0.000094
1518049438.476560 0.002828 -0.000163 0.000151 0.000088 0.000130 0.000123 0.000119 0.000126
1531424438.476560 0.002425 -0.000365 0.000409 -0.000003 0.000232 0.000216 0.000212 0.000187
1544799438.476560 0.002595 0.000055 -0.000006 -0.000017 0.000265 0.000262 0.000233 0.000261
1558174438.476560 0.002478 -0.000337 -0.000022 0.000024 0.000193 0.000161 0.000177 0.000185
1571549438.476560 0.002537 -0.000201 -0.000021 0.000216 0.000187 0.000169 0.000176 0.000180
1584924438.476560 0.002217 -0.000343 -0.000423 -0.000033 0.000156 0.000147 0.000147 0.000139
1598299438.476560 0.002153 -0.000355 0.000099 0.000093 0.000132 0.000130 0.000129 0.000133
1611674438.476560 0.002743 -0.000309 0.000192 0.000136 0.000092 0.000097 0.000098 0.000091
1625049438.476560 0.002468 -0.000410 0.000137 0.000133 0.000161 0.000156 0.000141 0.000140
1638424438.476560 0.002502 -0.000263 -0.000025 0.000030 0.000099 0.000092 0.000087 0.000084
1651799438.476560 0.002699 -0.000123 -0.000059 0.000270 0.000184 0.000190 0.000174 0.000183
