# # SwiftJ1727 QU data converted from polkat JSON output
# # Date (ISO): 2023-11-06T10:22:00.800000
# # Columns: freq(Hz) I(Jy) Q(Jy) U(Jy) V(Jy) dI(Jy) dQ(Jy) dU(Jy) dV(Jy)
# 
901127563.476562 0.072834 0.000409 0.000102 -0.000276 0.000689 0.000574 0.000499 0.000582
904471313.476562 0.073399 0.000896 0.000161 0.000117 0.000390 0.000306 0.000333 0.000303
907815063.476562 0.072558 0.000568 0.000409 0.000085 0.000356 0.000296 0.000346 0.000307
911158813.476562 0.073431 0.000974 -0.000107 -0.000138 0.000341 0.000305 0.000341 0.000322
914502563.476562 0.073287 0.000617 0.000247 -0.000274 0.000304 0.000318 0.000268 0.000258
917846313.476562 0.072704 0.000743 0.000367 -0.000410 0.000376 0.000326 0.000297 0.000280
921190063.476562 0.073143 0.001019 0.000362 0.000003 0.000373 0.000290 0.000304 0.000299
924533813.476562 0.072021 0.000370 0.000025 0.000196 0.000369 0.000296 0.000299 0.000355
927877563.476562 0.072028 0.000810 0.000316 -0.000747 0.000316 0.000354 0.000309 0.000303
931221313.476562 0.071633 0.000636 0.001525 -0.000194 0.000381 0.000293 0.000320 0.000316
934565063.476562 0.075560 0.000886 -0.001399 -0.001309 0.001441 0.001441 0.001165 0.001111
937908813.476562 0.081034 -0.004014 0.006992 -0.012112 0.005675 0.005197 0.005354 0.005159
944596313.476562 0.080207 -0.000446 0.001797 0.002098 0.002143 0.002023 0.002243 0.002392
947940063.476562 0.074141 0.000164 0.002303 -0.000024 0.000869 0.000731 0.000793 0.000735
951283813.476562 0.071670 0.001374 0.001166 -0.000140 0.000382 0.000260 0.000325 0.000312
954627563.476562 0.071636 0.000607 -0.000232 0.000328 0.000347 0.000320 0.000316 0.000320
957971313.476562 0.072304 0.000778 0.000930 -0.000111 0.000445 0.000443 0.000425 0.000389
961315063.476562 0.071284 0.000599 -0.000055 0.000139 0.000346 0.000315 0.000325 0.000310
964658813.476562 0.071461 0.000682 -0.000107 0.000090 0.000325 0.000254 0.000303 0.000345
968002563.476562 0.071022 0.000775 0.000267 0.000265 0.000338 0.000296 0.000288 0.000285
971346313.476562 0.070767 0.000289 0.000297 -0.000243 0.000293 0.000309 0.000295 0.000247
974690063.476562 0.070486 0.000358 0.000537 -0.000254 0.000270 0.000237 0.000292 0.000251
978033813.476562 0.070785 0.000210 0.000235 -0.000053 0.000299 0.000293 0.000275 0.000276
981377563.476562 0.070435 0.000781 0.000225 0.000079 0.000315 0.000280 0.000289 0.000258
984721313.476562 0.070021 0.000693 0.000090 -0.000264 0.000317 0.000273 0.000305 0.000252
988065063.476562 0.070073 0.000571 0.000613 -0.000018 0.000325 0.000271 0.000281 0.000266
991408813.476562 0.070500 0.000742 0.000820 -0.000343 0.000309 0.000288 0.000258 0.000269
994752563.476562 0.069782 0.000463 0.000808 0.000612 0.000277 0.000270 0.000299 0.000286
998096313.476562 0.070402 0.000734 0.000720 0.000204 0.000301 0.000300 0.000275 0.000245
1001440063.476560 0.069696 0.000861 0.000853 0.000079 0.000276 0.000263 0.000282 0.000252
1004783813.476560 0.069251 0.000513 0.000398 -0.000227 0.000303 0.000270 0.000249 0.000292
1008127563.476560 0.069017 0.000971 0.000342 -0.000401 0.000310 0.000283 0.000252 0.000253
1011471313.476560 0.068841 0.000603 0.000505 -0.000103 0.000283 0.000317 0.000273 0.000275
1014815063.476560 0.069216 0.000809 0.000542 0.000129 0.000300 0.000256 0.000318 0.000260
1018158813.476560 0.068930 0.001130 0.000293 -0.000038 0.000315 0.000252 0.000262 0.000263
1021502563.476560 0.069447 0.000609 0.000128 0.000561 0.000291 0.000252 0.000268 0.000271
1024846313.476560 0.068764 0.000003 -0.000386 0.000302 0.000265 0.000258 0.000262 0.000253
1028190063.476560 0.067672 0.000743 0.000097 -0.000412 0.000314 0.000341 0.000300 0.000301
1031533813.476560 0.067386 0.000646 -0.000600 -0.000074 0.000395 0.000308 0.000349 0.000365
1034877563.476560 0.067978 0.000629 0.000562 0.000279 0.000297 0.000285 0.000294 0.000265
1038221313.476560 0.068193 0.000258 -0.000228 0.000061 0.000283 0.000289 0.000252 0.000242
1041565063.476560 0.067452 0.000914 0.000136 -0.000517 0.000333 0.000271 0.000286 0.000280
1044908813.476560 0.067603 0.000755 0.000602 0.000497 0.000286 0.000260 0.000245 0.000261
1048252563.476560 0.067820 0.000777 0.000369 -0.000046 0.000272 0.000252 0.000301 0.000273
1051596313.476560 0.067260 0.001043 -0.000094 0.000184 0.000282 0.000282 0.000264 0.000248
1054940063.476560 0.067002 0.000703 0.000156 0.000140 0.000264 0.000264 0.000250 0.000231
1058283813.476560 0.066817 0.000530 0.000157 -0.000282 0.000348 0.000279 0.000314 0.000273
1061627563.476560 0.067602 0.000471 0.000375 0.000184 0.000262 0.000269 0.000302 0.000258
1064971313.476560 0.067208 0.001380 0.000122 0.000272 0.000275 0.000256 0.000271 0.000233
1068315063.476560 0.067131 0.000672 0.000284 0.000590 0.000270 0.000273 0.000289 0.000288
1071658813.476560 0.067464 0.000926 0.000477 0.000302 0.000303 0.000257 0.000266 0.000251
1075002563.476560 0.067062 0.001092 0.000306 -0.000290 0.000294 0.000241 0.000266 0.000253
1078346313.476560 0.066715 0.000609 0.000379 -0.000509 0.000281 0.000267 0.000258 0.000228
1081690063.476560 0.066687 0.001365 0.000467 -0.000085 0.000275 0.000256 0.000242 0.000245
1085033813.476560 0.065864 0.001491 -0.000590 -0.000203 0.000311 0.000250 0.000278 0.000290
1088377563.476560 0.068598 0.001691 0.000716 -0.000632 0.001926 0.001643 0.001733 0.001721
1091721313.476560 0.067394 0.001414 -0.000403 0.000583 0.001254 0.000970 0.001056 0.001175
1095065063.476560 0.065934 0.001282 -0.000085 0.000068 0.000318 0.000257 0.000297 0.000259
1098408813.476560 0.065945 0.000956 0.000259 -0.000217 0.000237 0.000296 0.000238 0.000253
1101752563.476560 0.065304 0.000965 -0.000023 -0.000694 0.000315 0.000321 0.000267 0.000301
1105096313.476560 0.065933 0.001206 0.000466 0.000038 0.000310 0.000256 0.000257 0.000267
1108440063.476560 0.065364 0.001840 -0.000114 -0.000106 0.000348 0.000274 0.000289 0.000253
1111783813.476560 0.065344 0.000388 0.000104 0.000157 0.000305 0.000249 0.000253 0.000224
1115127563.476560 0.066299 0.000564 0.000507 0.000460 0.000288 0.000243 0.000243 0.000245
1118471313.476560 0.065750 0.000414 0.000667 -0.000051 0.000255 0.000251 0.000244 0.000253
1121815063.476560 0.065675 0.000731 0.000403 -0.000170 0.000282 0.000260 0.000274 0.000223
1125158813.476560 0.065103 0.000972 0.000798 0.000465 0.000231 0.000283 0.000260 0.000280
1128502563.476560 0.065298 0.001310 0.000242 0.000270 0.000254 0.000245 0.000245 0.000242
1131846313.476560 0.065068 0.000850 0.000243 0.000236 0.000282 0.000284 0.000257 0.000267
1135190063.476560 0.062725 0.001868 -0.000512 0.000436 0.000455 0.000348 0.000400 0.000328
1138533813.476560 0.064599 0.000930 0.000256 -0.000324 0.000283 0.000298 0.000321 0.000283
1141877563.476560 0.064690 0.000736 -0.000080 0.000116 0.000282 0.000263 0.000265 0.000253
1145221313.476560 0.064212 0.000222 0.000020 -0.001292 0.000304 0.000249 0.000284 0.000266
1148565063.476560 0.062099 0.000477 0.000119 -0.000913 0.000326 0.000282 0.000320 0.000301
1151908813.476560 0.063797 0.000583 0.000077 -0.000664 0.000296 0.000247 0.000263 0.000297
1155252563.476560 0.064731 0.000693 0.000240 0.000735 0.000240 0.000246 0.000278 0.000268
1158596313.476560 0.064595 0.000793 0.000073 -0.000490 0.000274 0.000265 0.000241 0.000295
1161940063.476560 0.062459 0.000609 0.000840 -0.001111 0.000332 0.000279 0.000289 0.000244
1165283813.476560 0.064206 0.000751 0.000782 -0.000339 0.000330 0.000243 0.000253 0.000266
1168627563.476560 0.065320 0.000393 0.000918 0.000197 0.000470 0.000396 0.000415 0.000445
1171971313.476560 0.041004 0.003915 0.021854 -0.007430 0.018279 0.008739 0.015270 0.009375
1182002563.476560 0.061468 -0.002118 -0.000278 -0.001250 0.002557 0.001731 0.001825 0.001976
1185346313.476560 0.064438 0.001401 -0.000986 -0.000942 0.000347 0.000312 0.000349 0.000317
1188690063.476560 0.062877 0.000748 0.000159 -0.000337 0.000296 0.000270 0.000305 0.000312
1192033813.476560 0.061256 0.001136 0.000109 -0.000812 0.000320 0.000294 0.000312 0.000293
1195377563.476560 0.063878 0.000593 -0.000030 0.000065 0.000305 0.000253 0.000292 0.000273
1198721313.476560 0.061711 0.000385 0.000836 -0.000755 0.000336 0.000293 0.000314 0.000323
1202065063.476560 0.057558 -0.000892 0.002037 -0.001983 0.000635 0.000561 0.000548 0.000624
1205408813.476560 0.048345 -0.003595 0.002318 -0.003151 0.001350 0.000867 0.000863 0.001065
1208752563.476560 0.050823 -0.002037 0.003008 -0.001536 0.001164 0.000865 0.000894 0.001055
1212096313.476560 0.059445 -0.000017 0.000468 -0.000633 0.000537 0.000461 0.000457 0.000476
1215440063.476560 0.063230 0.000800 -0.000290 -0.000161 0.000443 0.000334 0.000313 0.000357
1218783813.476560 0.061800 0.000584 -0.000017 -0.000552 0.000458 0.000348 0.000331 0.000447
1222127563.476560 0.062860 0.000678 0.001139 0.000065 0.000366 0.000398 0.000396 0.000437
1225471313.476560 0.057350 -0.000755 0.001524 -0.003406 0.000733 0.000570 0.000549 0.000618
1228815063.476560 0.055714 -0.000309 0.002087 -0.002159 0.000756 0.000669 0.000674 0.000806
1232158813.476560 0.060151 0.000115 0.001119 -0.000497 0.000480 0.000344 0.000366 0.000379
1235502563.476560 0.059886 -0.000044 0.001276 -0.000975 0.000469 0.000336 0.000367 0.000380
1238846313.476560 0.061335 0.000194 0.000301 0.000100 0.000368 0.000309 0.000311 0.000351
1242190063.476560 0.060990 0.000653 -0.000074 -0.000359 0.000316 0.000319 0.000261 0.000315
1245533813.476560 0.054861 0.000728 0.000784 -0.003938 0.000468 0.000349 0.000306 0.000406
1248877563.476560 0.060661 0.000969 0.000424 -0.000388 0.000316 0.000297 0.000278 0.000303
1252221313.476560 0.061463 0.000990 0.000493 -0.001161 0.000282 0.000266 0.000241 0.000279
1255565063.476560 0.060868 0.001097 0.001131 -0.000401 0.000241 0.000250 0.000245 0.000231
1258908813.476560 0.062086 0.001113 0.000391 0.000198 0.000280 0.000243 0.000266 0.000249
1262252563.476560 0.057502 0.000257 0.002835 -0.000898 0.000481 0.000399 0.000480 0.000436
1265596313.476560 0.048490 -0.001659 0.005914 -0.005144 0.001231 0.000967 0.000939 0.001066
1268940063.476560 0.038006 -0.001593 0.003122 -0.006383 0.002430 0.001613 0.001740 0.002139
1272283813.476560 0.052541 -0.000167 0.004083 -0.002212 0.000825 0.000704 0.000760 0.000899
1275627563.476560 0.056156 -0.000954 0.002130 -0.000531 0.000689 0.000597 0.000549 0.000581
1278971313.476560 0.045416 -0.002282 0.005890 -0.000827 0.001174 0.000875 0.000939 0.001024
1282315063.476560 0.059051 -0.000360 0.001372 -0.000543 0.000416 0.000354 0.000379 0.000385
1285658813.476560 0.060928 0.000176 0.000045 0.000397 0.000407 0.000427 0.000365 0.000395
1289002563.476560 0.056482 0.000788 0.002615 0.001051 0.000718 0.000577 0.000744 0.000687
1292346313.476560 0.060881 0.000811 0.002011 0.000204 0.000400 0.000392 0.000428 0.000433
1295690063.476560 0.060674 0.000967 0.000714 -0.000898 0.000253 0.000219 0.000265 0.000223
1299033813.476560 0.061623 0.000803 -0.000060 -0.000168 0.000210 0.000249 0.000239 0.000239
1302377563.476560 0.061038 0.000118 0.000183 -0.000232 0.000252 0.000225 0.000256 0.000235
1305721313.476560 0.060889 0.000579 0.000657 -0.000275 0.000243 0.000201 0.000235 0.000252
1309065063.476560 0.060864 0.000787 0.000627 -0.000168 0.000225 0.000221 0.000210 0.000228
1312408813.476560 0.060597 0.000774 0.000572 0.000100 0.000222 0.000242 0.000225 0.000213
1315752563.476560 0.060887 0.000443 0.000681 -0.000331 0.000236 0.000239 0.000227 0.000207
1319096313.476560 0.061214 0.000781 0.000204 -0.000296 0.000228 0.000208 0.000231 0.000213
1322440063.476560 0.060600 0.000892 0.000414 -0.000200 0.000230 0.000219 0.000240 0.000240
1325783813.476560 0.060629 0.000982 0.000018 -0.000421 0.000250 0.000205 0.000196 0.000201
1329127563.476560 0.060807 0.001124 0.000433 0.000376 0.000241 0.000234 0.000224 0.000197
1332471313.476560 0.059922 0.000900 0.000359 -0.000302 0.000205 0.000233 0.000208 0.000228
1335815063.476560 0.060393 0.000863 0.000373 -0.000313 0.000213 0.000194 0.000202 0.000226
1339158813.476560 0.059666 0.000980 0.000472 0.000055 0.000211 0.000234 0.000224 0.000214
1342502563.476560 0.060209 0.000802 0.000004 -0.000305 0.000216 0.000213 0.000227 0.000200
1345846313.476560 0.059744 0.001131 0.000102 -0.000442 0.000203 0.000191 0.000211 0.000227
1349190063.476560 0.060228 0.000972 0.000557 0.000084 0.000217 0.000229 0.000214 0.000200
1352533813.476560 0.059748 0.000905 -0.000211 -0.000320 0.000215 0.000211 0.000239 0.000231
1355877563.476560 0.059704 0.000786 0.000548 -0.000294 0.000235 0.000198 0.000212 0.000209
1359221313.476560 0.060162 0.000268 0.000735 -0.000237 0.000230 0.000215 0.000221 0.000199
1362565063.476560 0.060169 0.000712 0.000148 -0.000292 0.000215 0.000199 0.000201 0.000233
1365908813.476560 0.059643 0.000866 0.000150 -0.000126 0.000199 0.000205 0.000202 0.000196
1369252563.476560 0.059758 0.000923 0.000504 -0.000197 0.000198 0.000207 0.000215 0.000204
1372596313.476560 0.059489 0.000640 0.000172 0.000470 0.000194 0.000213 0.000210 0.000222
1375940063.476560 0.059730 0.000554 0.000048 -0.000153 0.000193 0.000215 0.000211 0.000218
1379283813.476560 0.059213 0.000725 -0.000358 -0.000036 0.000205 0.000223 0.000213 0.000222
1382627563.476560 0.059326 0.000779 0.000096 0.000086 0.000213 0.000211 0.000208 0.000209
1385971313.476560 0.058951 0.001188 0.000318 0.000020 0.000205 0.000184 0.000209 0.000197
1389315063.476560 0.059456 0.000620 0.000079 0.000020 0.000222 0.000206 0.000208 0.000205
1392658813.476560 0.059545 0.000328 -0.000315 0.000419 0.000211 0.000209 0.000198 0.000214
1396002563.476560 0.058947 0.000629 0.000183 -0.000140 0.000219 0.000210 0.000202 0.000207
1399346313.476560 0.058959 0.000612 0.000295 0.000298 0.000210 0.000230 0.000229 0.000214
1402690063.476560 0.058818 0.001034 0.000936 -0.000029 0.000200 0.000211 0.000215 0.000202
1406033813.476560 0.058979 0.000762 0.000400 -0.000195 0.000228 0.000196 0.000216 0.000209
1409377563.476560 0.058939 0.000511 0.000627 -0.000131 0.000210 0.000205 0.000215 0.000184
1412721313.476560 0.059221 0.000830 0.000550 0.000086 0.000236 0.000201 0.000238 0.000193
1416065063.476560 0.058373 0.000449 0.000155 -0.000081 0.000209 0.000193 0.000218 0.000217
1422752563.476560 0.058712 0.000656 0.000113 0.000463 0.000268 0.000274 0.000306 0.000296
1426096313.476560 0.058569 0.000834 0.000557 -0.000161 0.000235 0.000194 0.000201 0.000203
1429440063.476560 0.058466 0.001182 0.001130 -0.000359 0.000214 0.000198 0.000181 0.000216
1432783813.476560 0.058171 0.001352 0.000367 0.000041 0.000216 0.000210 0.000205 0.000199
1436127563.476560 0.058249 0.001114 0.000021 -0.000124 0.000200 0.000207 0.000219 0.000202
1439471313.476560 0.058527 0.000849 0.000717 -0.000064 0.000212 0.000223 0.000213 0.000216
1442815063.476560 0.057991 0.000517 0.000285 0.000475 0.000218 0.000191 0.000219 0.000230
1446158813.476560 0.058223 0.001021 0.000141 0.000212 0.000227 0.000218 0.000212 0.000220
1449502563.476560 0.058106 0.000826 0.000547 -0.000093 0.000219 0.000215 0.000215 0.000189
1452846313.476560 0.058284 0.000398 -0.000096 -0.000193 0.000212 0.000182 0.000222 0.000202
1456190063.476560 0.057999 0.000975 0.000182 -0.000083 0.000198 0.000234 0.000210 0.000219
1459533813.476560 0.057611 0.000902 0.000323 -0.000025 0.000203 0.000243 0.000226 0.000214
1462877563.476560 0.057784 0.000742 0.000271 0.000085 0.000200 0.000210 0.000199 0.000173
1466221313.476560 0.057974 0.000774 0.000427 -0.000014 0.000236 0.000209 0.000207 0.000218
1469565063.476560 0.058406 0.001061 0.000579 -0.000408 0.000236 0.000215 0.000200 0.000233
1472908813.476560 0.058099 0.001194 0.000346 0.000271 0.000202 0.000210 0.000203 0.000207
1476252563.476560 0.057824 0.000819 0.000065 -0.000175 0.000227 0.000206 0.000214 0.000216
1479596313.476560 0.057609 0.001391 0.000053 0.000257 0.000204 0.000205 0.000220 0.000215
1482940063.476560 0.057652 0.000881 0.000593 -0.000103 0.000190 0.000219 0.000217 0.000193
1486283813.476560 0.057376 0.000524 0.000644 0.000175 0.000211 0.000194 0.000219 0.000198
1489627563.476560 0.057263 0.000923 0.000465 -0.000297 0.000200 0.000207 0.000207 0.000194
1492971313.476560 0.057332 0.000874 0.000169 -0.000031 0.000211 0.000211 0.000201 0.000212
1496315063.476560 0.057641 0.000761 0.000304 -0.000214 0.000202 0.000210 0.000221 0.000209
1499658813.476560 0.057117 0.001086 0.000105 0.000167 0.000234 0.000224 0.000229 0.000223
1503002563.476560 0.057057 0.000671 0.000069 0.000374 0.000235 0.000206 0.000249 0.000243
1506346313.476560 0.057211 0.000776 0.000069 0.000181 0.000241 0.000216 0.000216 0.000237
1509690063.476560 0.057472 0.000801 0.000079 -0.000254 0.000240 0.000213 0.000263 0.000218
1513033813.476560 0.057670 0.000869 0.000058 0.000151 0.000230 0.000252 0.000253 0.000236
1516377563.476560 0.058078 0.001000 0.000706 0.000206 0.000292 0.000276 0.000277 0.000268
1519721313.476560 0.058397 0.000983 -0.000080 -0.000545 0.000306 0.000309 0.000311 0.000319
1523065063.476560 0.057964 0.001360 0.000754 -0.000135 0.000286 0.000277 0.000288 0.000279
1526408813.476560 0.059044 -0.000883 -0.000494 -0.000177 0.001102 0.000955 0.000995 0.000866
1529752563.476560 0.060673 0.001831 0.000020 0.001959 0.000963 0.000891 0.000798 0.000857
1533096313.476560 0.067162 0.000772 -0.001462 0.004407 0.000729 0.000620 0.000613 0.000727
1536440063.476560 0.058592 0.001370 0.002146 -0.002219 0.001429 0.001143 0.001303 0.001427
1543127563.476560 0.054607 0.000798 0.001053 -0.000943 0.000899 0.000747 0.000696 0.000679
1546471313.476560 0.057252 0.001954 -0.000851 -0.000760 0.000588 0.000561 0.000580 0.000653
1549815063.476560 0.060691 0.000167 -0.000282 -0.000255 0.000501 0.000461 0.000406 0.000387
1553158813.476560 0.058291 0.000539 -0.000658 -0.001053 0.000377 0.000381 0.000350 0.000378
1556502563.476560 0.057630 0.000825 0.000537 -0.000597 0.000327 0.000329 0.000317 0.000298
1559846313.476560 0.055832 -0.000226 -0.000135 -0.001523 0.001962 0.001630 0.001923 0.001575
1563190063.476560 0.057881 0.000015 -0.000101 0.000606 0.000557 0.000469 0.000505 0.000567
1566533813.476560 0.056732 -0.000207 0.000589 0.000514 0.000353 0.000334 0.000344 0.000385
1569877563.476560 0.056656 0.001334 0.000633 0.000048 0.000406 0.000335 0.000330 0.000427
1573221313.476560 0.054153 0.000843 -0.001337 0.000043 0.000827 0.000802 0.000681 0.000739
1576565063.476560 0.041294 -0.007401 -0.009147 0.023249 0.012401 0.006424 0.007729 0.029895
1579908813.476560 0.054466 0.000390 -0.001029 -0.000017 0.000419 0.000362 0.000373 0.000430
1583252563.476560 0.056056 0.000997 -0.000041 0.000363 0.000354 0.000300 0.000280 0.000348
1586596313.476560 0.056897 0.001079 0.000267 0.000188 0.000349 0.000316 0.000293 0.000325
1589940063.476560 0.051931 0.000938 0.000290 -0.000998 0.000674 0.000670 0.000547 0.000642
1593283813.476560 0.055248 0.000653 -0.000036 -0.000306 0.000302 0.000323 0.000338 0.000303
1596627563.476560 0.056195 0.001021 0.000393 0.000201 0.000243 0.000251 0.000243 0.000234
1599971313.476560 0.053639 0.000733 0.000181 -0.000906 0.000380 0.000317 0.000340 0.000338
1603315063.476560 0.051286 0.000316 0.000781 -0.002195 0.000373 0.000351 0.000326 0.000387
1606658813.476560 0.056066 0.000969 0.000178 -0.000195 0.000241 0.000234 0.000250 0.000248
1610002563.476560 0.056137 0.000925 0.000330 -0.000426 0.000242 0.000220 0.000222 0.000220
1613346313.476560 0.055904 0.001197 -0.000042 0.000077 0.000205 0.000233 0.000232 0.000227
1616690063.476560 0.055049 0.000776 -0.000149 -0.000098 0.000268 0.000213 0.000215 0.000212
1620033813.476560 0.052770 0.001242 -0.000050 -0.000012 0.000354 0.000326 0.000342 0.000336
1623377563.476560 0.047767 -0.000229 0.000563 0.000782 0.001894 0.001542 0.001319 0.001889
1630065063.476560 0.055355 0.000943 -0.000011 0.000067 0.000250 0.000222 0.000226 0.000241
1633408813.476560 0.055158 0.000777 0.000443 0.000187 0.000232 0.000206 0.000196 0.000206
1636752563.476560 0.054979 0.000544 0.000147 0.000044 0.000215 0.000215 0.000219 0.000227
1640096313.476560 0.054928 0.001231 0.000217 -0.000183 0.000214 0.000207 0.000242 0.000235
1643440063.476560 0.055133 0.000416 0.000350 -0.000110 0.000234 0.000198 0.000204 0.000218
1646783813.476560 0.055716 0.000256 0.000457 -0.000256 0.000225 0.000246 0.000223 0.000225
