# # SwiftJ1727 QU data converted from polkat JSON output
# # Date (ISO): 2023-10-28T12:22:50.399999
# # Columns: freq(Hz) I(Jy) Q(Jy) U(Jy) V(Jy) dI(Jy) dQ(Jy) dU(Jy) dV(Jy)
# 
901127563.476562 0.066255 0.003230 -0.000680 -0.000303 0.000538 0.000450 0.000449 0.000445
904471313.476562 0.065875 0.002502 -0.000939 0.000355 0.000286 0.000231 0.000239 0.000272
907815063.476562 0.065041 0.002772 -0.000840 0.000233 0.000276 0.000239 0.000236 0.000258
911158813.476562 0.065148 0.002178 -0.000679 0.000167 0.000265 0.000211 0.000215 0.000261
914502563.476562 0.065045 0.002409 -0.000411 0.000161 0.000275 0.000241 0.000222 0.000223
917846313.476562 0.064968 0.002293 -0.000524 0.000377 0.000278 0.000222 0.000234 0.000241
921190063.476562 0.064720 0.002293 -0.000789 0.000349 0.000285 0.000225 0.000234 0.000252
924533813.476562 0.064667 0.002420 -0.000871 -0.000290 0.000289 0.000232 0.000214 0.000239
927877563.476562 0.064544 0.002355 -0.000568 0.000494 0.000298 0.000217 0.000215 0.000225
931221313.476562 0.064547 0.002451 -0.000400 -0.000030 0.000279 0.000231 0.000224 0.000240
934565063.476562 0.066200 0.002662 0.001180 -0.000467 0.001224 0.000850 0.000955 0.001026
944596313.476562 0.066727 0.000814 -0.000629 0.001578 0.001769 0.001503 0.001692 0.001558
947940063.476562 0.064110 0.003443 -0.001981 0.000310 0.000578 0.000484 0.000520 0.000512
951283813.476562 0.064196 0.002473 -0.000352 -0.000209 0.000261 0.000245 0.000250 0.000253
954627563.476562 0.063773 0.002893 -0.000935 0.000133 0.000290 0.000245 0.000257 0.000290
957971313.476562 0.064266 0.001993 -0.000919 0.000262 0.000379 0.000285 0.000287 0.000293
961315063.476562 0.064531 0.002568 -0.000640 0.000117 0.000279 0.000236 0.000249 0.000274
964658813.476562 0.064257 0.002352 -0.000423 -0.000333 0.000258 0.000205 0.000211 0.000220
968002563.476562 0.063589 0.002437 -0.000907 -0.000389 0.000267 0.000224 0.000211 0.000225
971346313.476562 0.063720 0.002784 -0.000601 0.000230 0.000273 0.000200 0.000201 0.000233
974690063.476562 0.063390 0.002654 -0.000932 0.000121 0.000259 0.000199 0.000195 0.000234
978033813.476562 0.063484 0.002304 -0.000475 0.000144 0.000240 0.000200 0.000214 0.000230
981377563.476562 0.062853 0.002229 -0.000488 -0.000105 0.000244 0.000212 0.000210 0.000237
984721313.476562 0.062845 0.002646 -0.000438 0.000213 0.000251 0.000202 0.000205 0.000237
988065063.476562 0.063048 0.002399 -0.000424 0.000225 0.000227 0.000209 0.000224 0.000237
991408813.476562 0.063248 0.002477 -0.000407 0.000182 0.000241 0.000204 0.000216 0.000218
994752563.476562 0.063243 0.002661 -0.000514 0.000611 0.000248 0.000215 0.000190 0.000227
998096313.476562 0.062791 0.002390 -0.000520 0.000187 0.000270 0.000189 0.000206 0.000243
1001440063.476560 0.062599 0.002379 -0.000190 0.000289 0.000272 0.000211 0.000200 0.000217
1004783813.476560 0.062612 0.002355 -0.000862 -0.000237 0.000263 0.000200 0.000186 0.000267
1008127563.476560 0.062458 0.002503 -0.000612 0.000030 0.000246 0.000211 0.000194 0.000249
1011471313.476560 0.062498 0.002433 -0.000184 0.000073 0.000250 0.000197 0.000198 0.000244
1014815063.476560 0.062730 0.002164 -0.000398 0.000004 0.000232 0.000211 0.000205 0.000221
1018158813.476560 0.062212 0.002099 -0.000510 0.000132 0.000258 0.000200 0.000213 0.000245
1021502563.476560 0.062216 0.002160 -0.000571 0.000007 0.000267 0.000199 0.000197 0.000227
1024846313.476560 0.061843 0.002772 -0.000132 0.000281 0.000255 0.000197 0.000211 0.000237
1028190063.476560 0.061349 0.001835 -0.000794 -0.000195 0.000283 0.000208 0.000204 0.000234
1031533813.476560 0.061183 0.002459 -0.000597 -0.000180 0.000247 0.000209 0.000216 0.000204
1034877563.476560 0.061444 0.002259 -0.000124 0.000194 0.000238 0.000211 0.000203 0.000238
1038221313.476560 0.061259 0.002348 -0.000170 -0.000046 0.000233 0.000206 0.000200 0.000223
1041565063.476560 0.060963 0.002696 -0.000017 0.000288 0.000248 0.000194 0.000197 0.000227
1044908813.476560 0.061013 0.002221 -0.000077 0.000474 0.000254 0.000205 0.000183 0.000240
1048252563.476560 0.060879 0.002510 -0.000521 0.000185 0.000231 0.000191 0.000199 0.000242
1051596313.476560 0.060509 0.002274 -0.000009 0.000353 0.000254 0.000181 0.000204 0.000231
1054940063.476560 0.060279 0.002306 -0.000156 -0.000279 0.000231 0.000185 0.000208 0.000227
1058283813.476560 0.059950 0.002152 -0.000159 -0.000106 0.000247 0.000193 0.000186 0.000242
1061627563.476560 0.059679 0.002327 -0.000055 -0.000579 0.000242 0.000199 0.000193 0.000212
1064971313.476560 0.060004 0.002049 -0.000337 -0.000074 0.000267 0.000203 0.000185 0.000220
1068315063.476560 0.059667 0.002504 -0.000321 0.000042 0.000237 0.000198 0.000195 0.000239
1071658813.476560 0.059779 0.002256 -0.000598 0.000088 0.000232 0.000183 0.000196 0.000241
1075002563.476560 0.059880 0.002312 -0.000171 0.000094 0.000225 0.000195 0.000194 0.000223
1078346313.476560 0.059542 0.001988 -0.000069 -0.000040 0.000225 0.000210 0.000192 0.000222
1081690063.476560 0.059374 0.001901 -0.000413 0.000110 0.000236 0.000183 0.000184 0.000212
1085033813.476560 0.059289 0.002326 -0.000203 -0.000081 0.000232 0.000188 0.000184 0.000234
1088377563.476560 0.057987 0.002642 0.000058 0.000975 0.000564 0.000523 0.000526 0.000493
1091721313.476560 0.058465 0.002452 -0.000466 -0.000590 0.000537 0.000485 0.000503 0.000505
1095065063.476560 0.058433 0.002374 -0.000013 -0.000263 0.000254 0.000194 0.000191 0.000213
1098408813.476560 0.059008 0.001975 -0.000345 0.000318 0.000218 0.000191 0.000183 0.000225
1101752563.476560 0.059204 0.002293 -0.000221 0.000278 0.000206 0.000188 0.000196 0.000211
1105096313.476560 0.059497 0.002094 -0.000209 0.000272 0.000253 0.000187 0.000204 0.000218
1108440063.476560 0.058758 0.002056 0.000106 -0.000293 0.000242 0.000185 0.000186 0.000201
1111783813.476560 0.058667 0.001840 0.000204 -0.000207 0.000234 0.000168 0.000211 0.000206
1115127563.476560 0.058203 0.002361 0.000035 0.000297 0.000220 0.000203 0.000175 0.000210
1118471313.476560 0.058740 0.002459 -0.000357 0.000156 0.000244 0.000196 0.000185 0.000201
1121815063.476560 0.059128 0.002232 -0.000151 -0.000020 0.000214 0.000201 0.000174 0.000218
1125158813.476560 0.058615 0.002014 -0.000199 0.000057 0.000245 0.000177 0.000188 0.000201
1128502563.476560 0.058172 0.002548 -0.000167 0.000343 0.000214 0.000196 0.000199 0.000216
1131846313.476560 0.058433 0.002373 -0.000097 0.000418 0.000223 0.000189 0.000190 0.000213
1135190063.476560 0.058201 0.002355 -0.000899 0.000067 0.000231 0.000195 0.000192 0.000217
1138533813.476560 0.058076 0.002207 -0.000143 0.000195 0.000220 0.000168 0.000182 0.000219
1141877563.476560 0.058384 0.002479 -0.000281 0.000155 0.000221 0.000190 0.000208 0.000234
1145221313.476560 0.057768 0.002062 -0.000333 0.000018 0.000254 0.000216 0.000220 0.000241
1148565063.476560 0.056019 0.002268 -0.000058 -0.001139 0.000308 0.000216 0.000231 0.000278
1151908813.476560 0.057023 0.002335 -0.000247 -0.000270 0.000243 0.000203 0.000212 0.000247
1155252563.476560 0.058302 0.002107 -0.000069 0.000024 0.000216 0.000192 0.000183 0.000196
1158596313.476560 0.058099 0.002167 -0.000106 0.000017 0.000233 0.000204 0.000192 0.000196
1161940063.476560 0.056675 0.002447 -0.000339 -0.000276 0.000247 0.000198 0.000213 0.000241
1165283813.476560 0.057964 0.002352 0.000090 -0.000294 0.000236 0.000210 0.000180 0.000188
1168627563.476560 0.058376 0.002288 0.000021 -0.000050 0.000323 0.000286 0.000290 0.000296
1171971313.476560 0.055926 0.000993 -0.001460 -0.002758 0.003559 0.002175 0.002857 0.002851
1178658813.476560 0.038955 -0.005060 0.001920 -0.003973 0.020844 0.003212 0.004567 0.007308
1182002563.476560 0.056319 0.003365 -0.000734 0.000800 0.001150 0.000999 0.001100 0.001151
1185346313.476560 0.057971 0.002207 0.000114 -0.000024 0.000253 0.000230 0.000203 0.000253
1188690063.476560 0.056867 0.002368 0.000082 -0.000324 0.000228 0.000209 0.000208 0.000212
1192033813.476560 0.055353 0.002006 0.000059 -0.001040 0.000242 0.000187 0.000203 0.000233
1195377563.476560 0.057194 0.002308 -0.000019 -0.000330 0.000223 0.000174 0.000188 0.000203
1198721313.476560 0.056228 0.001824 0.000252 0.000272 0.000241 0.000202 0.000218 0.000234
1202065063.476560 0.051252 0.001736 -0.000377 -0.002832 0.000361 0.000295 0.000296 0.000325
1205408813.476560 0.047548 0.001149 0.000360 -0.003948 0.000543 0.000394 0.000400 0.000454
1208752563.476560 0.047890 0.001342 0.000554 -0.003144 0.000542 0.000392 0.000395 0.000459
1212096313.476560 0.053546 0.002015 0.000264 -0.001870 0.000334 0.000273 0.000278 0.000296
1215440063.476560 0.056517 0.002269 0.000056 -0.000265 0.000228 0.000208 0.000195 0.000214
1218783813.476560 0.056726 0.002341 -0.000218 -0.000101 0.000231 0.000199 0.000213 0.000213
1222127563.476560 0.054968 0.002606 0.000020 -0.000257 0.000268 0.000217 0.000209 0.000230
1225471313.476560 0.053818 0.002033 -0.000041 -0.000985 0.000315 0.000253 0.000262 0.000307
1228815063.476560 0.051576 0.002559 0.000764 -0.002253 0.000361 0.000326 0.000308 0.000342
1232158813.476560 0.054683 0.002306 -0.000265 -0.001043 0.000294 0.000240 0.000216 0.000266
1235502563.476560 0.055208 0.001470 0.000430 0.000191 0.000234 0.000225 0.000201 0.000218
1238846313.476560 0.056531 0.001675 0.000158 -0.000085 0.000208 0.000179 0.000184 0.000193
1242190063.476560 0.054887 0.002141 -0.000502 -0.001083 0.000250 0.000231 0.000205 0.000230
1245533813.476560 0.051734 0.001303 -0.000016 -0.002460 0.000295 0.000278 0.000264 0.000303
1248877563.476560 0.054175 0.002606 -0.000414 -0.001019 0.000265 0.000218 0.000221 0.000232
1252221313.476560 0.054655 0.002469 -0.000411 -0.001123 0.000201 0.000189 0.000194 0.000198
1255565063.476560 0.055418 0.001738 -0.000067 -0.000677 0.000201 0.000175 0.000177 0.000182
1258908813.476560 0.056379 0.002072 0.000046 0.000011 0.000219 0.000181 0.000171 0.000181
1262252563.476560 0.053213 0.001565 0.000495 -0.001623 0.000279 0.000219 0.000239 0.000274
1265596313.476560 0.045410 0.001750 0.001511 -0.004585 0.000591 0.000446 0.000513 0.000499
1268940063.476560 0.038974 0.001900 0.002335 -0.005013 0.001014 0.000670 0.000625 0.000714
1272283813.476560 0.048293 0.001879 0.001136 -0.002603 0.000430 0.000379 0.000342 0.000386
1275627563.476560 0.050246 0.001185 0.001155 -0.001147 0.000366 0.000285 0.000308 0.000335
1278971313.476560 0.044201 0.000134 0.000446 -0.002601 0.000516 0.000386 0.000425 0.000420
1282315063.476560 0.052609 0.001722 0.000290 -0.000585 0.000263 0.000244 0.000225 0.000235
1285658813.476560 0.054059 0.002408 0.000379 -0.000496 0.000238 0.000238 0.000224 0.000244
1289002563.476560 0.051733 0.001783 -0.000093 -0.001719 0.000369 0.000296 0.000308 0.000337
1292346313.476560 0.054277 0.001844 0.000389 -0.000048 0.000264 0.000241 0.000250 0.000237
1295690063.476560 0.054891 0.001886 -0.000070 0.000194 0.000178 0.000172 0.000172 0.000167
1299033813.476560 0.054605 0.001864 0.000386 -0.000050 0.000182 0.000171 0.000171 0.000176
1302377563.476560 0.054805 0.002159 0.000129 0.000108 0.000176 0.000162 0.000171 0.000170
1305721313.476560 0.054778 0.002102 0.000173 0.000029 0.000165 0.000151 0.000166 0.000158
1309065063.476560 0.054848 0.002038 0.000088 0.000090 0.000171 0.000175 0.000156 0.000156
1312408813.476560 0.054822 0.002115 0.000060 -0.000123 0.000179 0.000143 0.000163 0.000176
1315752563.476560 0.054552 0.002144 -0.000055 -0.000002 0.000171 0.000163 0.000163 0.000170
1319096313.476560 0.054300 0.002158 0.000153 -0.000030 0.000161 0.000157 0.000160 0.000170
1322440063.476560 0.054491 0.001957 0.000619 -0.000031 0.000165 0.000168 0.000163 0.000166
1325783813.476560 0.054186 0.001767 0.000083 0.000123 0.000169 0.000163 0.000139 0.000169
1329127563.476560 0.054278 0.002080 0.000332 -0.000029 0.000174 0.000159 0.000161 0.000181
1332471313.476560 0.053890 0.002033 0.000158 -0.000200 0.000169 0.000156 0.000163 0.000154
1335815063.476560 0.053920 0.001958 0.000228 -0.000092 0.000171 0.000161 0.000151 0.000169
1339158813.476560 0.053715 0.001960 0.000143 0.000065 0.000178 0.000154 0.000156 0.000161
1342502563.476560 0.054206 0.001882 -0.000055 0.000053 0.000166 0.000161 0.000153 0.000160
1345846313.476560 0.053906 0.001954 -0.000071 0.000042 0.000165 0.000170 0.000147 0.000152
1349190063.476560 0.053673 0.001822 0.000026 -0.000022 0.000174 0.000161 0.000162 0.000153
1352533813.476560 0.053543 0.002072 0.000085 0.000147 0.000160 0.000165 0.000167 0.000167
1355877563.476560 0.053785 0.002079 0.000200 0.000044 0.000163 0.000150 0.000158 0.000151
1359221313.476560 0.053538 0.002181 0.000218 -0.000080 0.000153 0.000152 0.000152 0.000145
1362565063.476560 0.053846 0.001946 0.000082 -0.000082 0.000162 0.000150 0.000158 0.000165
1365908813.476560 0.053663 0.002179 0.000502 -0.000132 0.000157 0.000166 0.000167 0.000155
1369252563.476560 0.053746 0.001932 0.000273 -0.000227 0.000174 0.000161 0.000158 0.000169
1372596313.476560 0.053443 0.001770 0.000077 -0.000253 0.000165 0.000151 0.000155 0.000156
1375940063.476560 0.053231 0.002016 0.000033 -0.000371 0.000175 0.000163 0.000164 0.000162
1379283813.476560 0.053182 0.002231 -0.000084 -0.000406 0.000175 0.000158 0.000178 0.000168
1382627563.476560 0.052839 0.001856 0.000109 -0.000036 0.000171 0.000159 0.000164 0.000157
1385971313.476560 0.053588 0.001830 0.000211 0.000095 0.000167 0.000161 0.000156 0.000150
1389315063.476560 0.053279 0.001980 0.000274 0.000124 0.000167 0.000152 0.000141 0.000179
1392658813.476560 0.053163 0.002062 0.000082 0.000029 0.000164 0.000167 0.000152 0.000164
1396002563.476560 0.053000 0.002125 0.000358 0.000130 0.000169 0.000160 0.000162 0.000157
1399346313.476560 0.053295 0.001825 0.000251 -0.000247 0.000154 0.000148 0.000170 0.000162
1402690063.476560 0.053023 0.001570 0.000189 -0.000034 0.000162 0.000148 0.000158 0.000153
1406033813.476560 0.052939 0.002037 0.000467 -0.000078 0.000163 0.000163 0.000167 0.000156
1409377563.476560 0.053052 0.002065 0.000209 -0.000010 0.000171 0.000154 0.000173 0.000160
1412721313.476560 0.052577 0.001996 0.000227 -0.000175 0.000155 0.000156 0.000166 0.000158
1416065063.476560 0.052988 0.001854 0.000551 0.000079 0.000164 0.000151 0.000162 0.000150
1422752563.476560 0.053198 0.001828 0.000448 0.000573 0.000230 0.000229 0.000217 0.000228
1426096313.476560 0.052538 0.001805 0.000362 0.000214 0.000162 0.000166 0.000155 0.000149
1429440063.476560 0.052838 0.002040 0.000367 -0.000223 0.000161 0.000160 0.000151 0.000151
1432783813.476560 0.052468 0.001999 0.000292 -0.000017 0.000163 0.000163 0.000156 0.000155
1436127563.476560 0.052617 0.001956 0.000259 -0.000173 0.000160 0.000151 0.000151 0.000148
1439471313.476560 0.052513 0.002140 0.000222 0.000232 0.000163 0.000161 0.000168 0.000153
1442815063.476560 0.052211 0.002028 0.000562 -0.000177 0.000163 0.000160 0.000157 0.000153
1446158813.476560 0.052142 0.001921 0.000305 -0.000247 0.000168 0.000166 0.000149 0.000161
1449502563.476560 0.052275 0.001859 0.000244 0.000188 0.000160 0.000155 0.000170 0.000162
1452846313.476560 0.052129 0.001767 0.000513 -0.000042 0.000168 0.000158 0.000149 0.000168
1456190063.476560 0.052084 0.001965 0.000094 0.000061 0.000180 0.000151 0.000156 0.000156
1459533813.476560 0.051954 0.002125 0.000067 0.000132 0.000166 0.000164 0.000159 0.000162
1462877563.476560 0.052268 0.001600 0.000573 -0.000045 0.000163 0.000158 0.000161 0.000161
1466221313.476560 0.051699 0.001915 0.000574 0.000156 0.000166 0.000160 0.000159 0.000155
1469565063.476560 0.052220 0.001948 0.000417 -0.000020 0.000163 0.000156 0.000155 0.000149
1472908813.476560 0.051994 0.002010 0.000190 0.000266 0.000165 0.000163 0.000176 0.000156
1476252563.476560 0.051936 0.001952 0.000614 -0.000234 0.000166 0.000159 0.000159 0.000172
1479596313.476560 0.051872 0.001953 0.000326 0.000024 0.000159 0.000157 0.000154 0.000168
1482940063.476560 0.051761 0.001663 0.000239 -0.000304 0.000159 0.000152 0.000156 0.000152
1486283813.476560 0.051678 0.001688 0.000592 -0.000179 0.000168 0.000165 0.000155 0.000161
1489627563.476560 0.051747 0.001608 0.000417 0.000046 0.000153 0.000150 0.000165 0.000154
1492971313.476560 0.051612 0.002158 0.000292 -0.000067 0.000155 0.000155 0.000163 0.000163
1496315063.476560 0.051497 0.001645 0.000419 -0.000069 0.000161 0.000162 0.000160 0.000162
1499658813.476560 0.051399 0.002184 0.000315 -0.000307 0.000181 0.000183 0.000168 0.000169
1503002563.476560 0.051398 0.002099 0.000402 -0.000238 0.000177 0.000178 0.000167 0.000185
1506346313.476560 0.051612 0.001793 0.000156 -0.000139 0.000177 0.000176 0.000170 0.000172
1509690063.476560 0.051407 0.001927 0.000338 0.000162 0.000180 0.000179 0.000170 0.000168
1513033813.476560 0.051555 0.001619 0.000551 -0.000170 0.000183 0.000174 0.000174 0.000177
1516377563.476560 0.051754 0.001885 0.000410 0.000241 0.000173 0.000170 0.000184 0.000172
1519721313.476560 0.051648 0.001846 0.000880 -0.000102 0.000199 0.000184 0.000176 0.000170
1523065063.476560 0.051515 0.001835 0.000831 -0.000355 0.000322 0.000302 0.000302 0.000291
1526408813.476560 0.051750 0.001774 0.000855 -0.001024 0.000460 0.000400 0.000379 0.000405
1529752563.476560 0.051877 0.001962 0.000361 -0.000724 0.000416 0.000435 0.000386 0.000427
1533096313.476560 0.050063 0.002159 0.002081 -0.000968 0.000550 0.000450 0.000472 0.000490
1536440063.476560 0.050533 0.001374 0.002106 -0.000397 0.000486 0.000455 0.000438 0.000484
1539783813.476560 0.049102 0.001880 0.005191 -0.001696 0.000774 0.000677 0.000801 0.000641
1543127563.476560 0.047261 0.002130 0.001629 -0.000225 0.000602 0.000548 0.000546 0.000599
1546471313.476560 0.047265 0.002295 0.001062 0.000608 0.000611 0.000578 0.000538 0.000588
1549815063.476560 0.052171 0.002099 0.000374 0.000075 0.000334 0.000325 0.000309 0.000305
1553158813.476560 0.049975 0.002000 0.000557 -0.000604 0.000403 0.000377 0.000369 0.000365
1556502563.476560 0.051395 0.001657 -0.000445 0.000350 0.000295 0.000258 0.000244 0.000254
1559846313.476560 0.044962 0.001566 0.001388 -0.002574 0.000545 0.000460 0.000525 0.000522
1563190063.476560 0.050699 0.000894 0.000646 -0.000599 0.000274 0.000278 0.000261 0.000284
1566533813.476560 0.051066 0.002041 0.000277 -0.000282 0.000218 0.000187 0.000194 0.000184
1569877563.476560 0.049580 0.001370 -0.000612 -0.000777 0.000255 0.000231 0.000219 0.000246
1573221313.476560 0.049094 0.001383 -0.001022 -0.001978 0.000496 0.000465 0.000440 0.000484
1576565063.476560 0.050694 0.001762 -0.000729 -0.000741 0.001331 0.001174 0.000882 0.001183
1579908813.476560 0.048444 0.001432 -0.000808 -0.001095 0.000277 0.000222 0.000265 0.000254
1583252563.476560 0.050435 0.001812 -0.000257 -0.000350 0.000225 0.000197 0.000203 0.000200
1586596313.476560 0.050684 0.002086 -0.000159 -0.000009 0.000206 0.000191 0.000183 0.000186
1589940063.476560 0.046376 0.001568 -0.000698 -0.001017 0.000393 0.000347 0.000375 0.000379
1593283813.476560 0.050501 0.001422 0.000400 -0.000453 0.000221 0.000213 0.000204 0.000246
1596627563.476560 0.050649 0.001540 0.000542 -0.000174 0.000197 0.000195 0.000194 0.000197
1599971313.476560 0.047313 0.001435 -0.000954 -0.000831 0.000298 0.000252 0.000249 0.000272
1603315063.476560 0.046833 0.000999 0.000075 -0.000999 0.000295 0.000259 0.000291 0.000281
1606658813.476560 0.049963 0.001927 0.000134 -0.000164 0.000215 0.000203 0.000198 0.000206
1610002563.476560 0.050640 0.001580 0.000590 0.000080 0.000183 0.000170 0.000159 0.000174
1613346313.476560 0.050445 0.001956 0.000548 0.000071 0.000177 0.000170 0.000170 0.000164
1616690063.476560 0.049764 0.001399 0.000230 -0.000361 0.000224 0.000210 0.000209 0.000201
1620033813.476560 0.042041 0.001100 -0.000348 -0.000940 0.000624 0.000570 0.000759 0.000537
1630065063.476560 0.050606 0.001763 0.000633 -0.000048 0.000173 0.000162 0.000192 0.000174
1633408813.476560 0.050004 0.001753 0.000310 -0.000135 0.000174 0.000165 0.000175 0.000168
1636752563.476560 0.049736 0.001588 0.000142 -0.000165 0.000179 0.000181 0.000170 0.000160
1640096313.476560 0.049611 0.001247 0.000204 -0.000499 0.000166 0.000187 0.000168 0.000177
1643440063.476560 0.049634 0.001752 0.000273 -0.000344 0.000175 0.000172 0.000173 0.000177
1646783813.476560 0.050170 0.001876 0.000147 -0.000329 0.000187 0.000184 0.000169 0.000171
