# # SwiftJ1727 QU data converted from polkat JSON output
# # Date (ISO): 2023-10-01T12:50:12.400000
# # Columns: freq(Hz) I(Jy) Q(Jy) U(Jy) V(Jy) dI(Jy) dQ(Jy) dU(Jy) dV(Jy)
# 
901127563.476562 0.030385 0.000337 -0.000675 0.000409 0.000496 0.000466 0.000541 0.000459
904471313.476562 0.030993 0.001107 -0.000929 -0.000269 0.000305 0.000239 0.000241 0.000277
907815063.476562 0.030893 0.000590 -0.001132 0.000226 0.000279 0.000268 0.000252 0.000242
911158813.476562 0.030374 0.000937 -0.000684 -0.000383 0.000279 0.000256 0.000264 0.000223
914502563.476562 0.031465 0.001634 -0.000687 -0.000128 0.000263 0.000243 0.000245 0.000247
917846313.476562 0.031180 0.001213 -0.000952 -0.000280 0.000269 0.000252 0.000266 0.000256
921190063.476562 0.030517 0.001047 -0.000340 -0.000104 0.000265 0.000242 0.000253 0.000219
924533813.476562 0.030990 0.000808 -0.001284 0.000568 0.000297 0.000271 0.000236 0.000242
927877563.476562 0.030351 0.001004 -0.000774 -0.000073 0.000289 0.000249 0.000238 0.000222
931221313.476562 0.030615 0.000721 -0.001042 -0.000283 0.000298 0.000264 0.000259 0.000220
934565063.476562 0.032977 -0.000278 -0.001896 0.001367 0.001369 0.001170 0.001157 0.001413
944596313.476562 0.040184 -0.024634 0.017162 0.010547 0.008624 0.007885 0.006379 0.009724
947940063.476562 0.031178 0.001621 0.000245 -0.001425 0.000818 0.000747 0.000687 0.000974
951283813.476562 0.030085 0.000642 -0.001287 0.000254 0.000269 0.000238 0.000255 0.000240
954627563.476562 0.030564 0.000930 -0.001096 -0.000169 0.000282 0.000279 0.000260 0.000271
957971313.476562 0.030675 0.000467 -0.001543 0.000322 0.000317 0.000289 0.000312 0.000284
961315063.476562 0.030534 0.001126 -0.000877 0.000232 0.000238 0.000265 0.000267 0.000273
964658813.476562 0.030231 0.001231 -0.000667 -0.000340 0.000229 0.000240 0.000244 0.000257
968002563.476562 0.029902 0.001315 -0.000931 -0.000287 0.000254 0.000226 0.000244 0.000204
971346313.476562 0.029466 0.001125 -0.000742 0.000438 0.000230 0.000230 0.000223 0.000239
974690063.476562 0.029753 0.000877 -0.001072 -0.000446 0.000233 0.000233 0.000197 0.000218
978033813.476562 0.029800 0.001511 -0.000515 -0.000080 0.000248 0.000238 0.000240 0.000236
981377563.476562 0.029602 0.001299 -0.000561 0.000333 0.000244 0.000223 0.000231 0.000232
984721313.476562 0.029594 0.001238 -0.000298 -0.000265 0.000235 0.000261 0.000216 0.000233
988065063.476562 0.029446 0.001279 -0.000905 0.000202 0.000276 0.000248 0.000223 0.000221
991408813.476562 0.029625 0.000717 -0.000748 0.000206 0.000228 0.000224 0.000238 0.000210
994752563.476562 0.029390 0.001023 -0.000695 0.000068 0.000228 0.000250 0.000224 0.000241
998096313.476562 0.029456 0.001006 -0.001154 -0.000032 0.000227 0.000202 0.000232 0.000238
1001440063.476560 0.029601 0.000798 -0.001018 0.000592 0.000250 0.000260 0.000239 0.000242
1004783813.476560 0.028779 0.001265 -0.000801 0.000157 0.000244 0.000241 0.000231 0.000229
1008127563.476560 0.029066 0.001090 -0.000601 -0.000003 0.000249 0.000235 0.000247 0.000214
1011471313.476560 0.029202 0.001089 -0.000325 0.000081 0.000219 0.000232 0.000216 0.000223
1014815063.476560 0.029323 0.000996 -0.000645 0.000158 0.000239 0.000226 0.000268 0.000212
1018158813.476560 0.029172 0.001188 -0.000758 0.000115 0.000246 0.000269 0.000230 0.000235
1021502563.476560 0.028943 0.000485 -0.000621 -0.000214 0.000253 0.000211 0.000229 0.000220
1024846313.476560 0.028827 0.001096 -0.000725 0.000324 0.000232 0.000224 0.000233 0.000222
1028190063.476560 0.028914 0.001003 -0.000331 0.000131 0.000256 0.000228 0.000252 0.000249
1031533813.476560 0.028369 0.001089 -0.000663 0.000129 0.000283 0.000237 0.000258 0.000236
1034877563.476560 0.028316 0.000659 -0.000324 -0.000312 0.000238 0.000244 0.000229 0.000221
1038221313.476560 0.028650 0.000872 -0.000588 0.000007 0.000239 0.000219 0.000225 0.000222
1041565063.476560 0.028363 0.001078 -0.000740 -0.000038 0.000253 0.000229 0.000244 0.000243
1044908813.476560 0.028705 0.001222 -0.000535 -0.000510 0.000226 0.000228 0.000244 0.000196
1048252563.476560 0.028459 0.001067 -0.000679 -0.000249 0.000237 0.000244 0.000210 0.000230
1051596313.476560 0.028350 0.001235 -0.000606 -0.000072 0.000279 0.000240 0.000253 0.000256
1054940063.476560 0.028427 0.000929 -0.000127 0.000382 0.000234 0.000218 0.000232 0.000240
1058283813.476560 0.028174 0.000560 -0.000708 0.000225 0.000216 0.000206 0.000198 0.000227
1061627563.476560 0.028652 0.001113 -0.000526 -0.000013 0.000252 0.000202 0.000207 0.000204
1064971313.476560 0.028119 0.000877 -0.000893 -0.000015 0.000229 0.000240 0.000214 0.000221
1068315063.476560 0.028933 0.001280 -0.000046 0.000044 0.000228 0.000214 0.000253 0.000222
1071658813.476560 0.027891 0.000696 -0.000754 0.000334 0.000251 0.000240 0.000205 0.000208
1075002563.476560 0.028488 0.001431 -0.000324 0.000502 0.000238 0.000213 0.000219 0.000195
1078346313.476560 0.028341 0.000859 -0.000379 0.000036 0.000257 0.000212 0.000231 0.000191
1081690063.476560 0.027691 0.001167 -0.000595 -0.000251 0.000242 0.000241 0.000212 0.000213
1085033813.476560 0.027711 0.001193 -0.000453 0.000077 0.000239 0.000230 0.000191 0.000221
1088377563.476560 0.027734 0.000910 -0.001708 -0.000843 0.000860 0.000717 0.000731 0.000737
1091721313.476560 0.027566 0.001290 0.000291 -0.000978 0.000800 0.000663 0.000747 0.000651
1095065063.476560 0.027463 0.001445 -0.000220 0.000318 0.000246 0.000210 0.000244 0.000235
1098408813.476560 0.027715 0.001288 -0.000536 -0.000137 0.000199 0.000202 0.000239 0.000199
1101752563.476560 0.027758 0.001390 -0.000564 0.000303 0.000249 0.000238 0.000259 0.000207
1105096313.476560 0.027485 0.000872 -0.000233 0.000014 0.000223 0.000221 0.000241 0.000212
1108440063.476560 0.027478 0.001515 -0.001041 -0.000120 0.000230 0.000245 0.000246 0.000257
1111783813.476560 0.027620 0.001535 -0.000736 0.000192 0.000242 0.000247 0.000233 0.000228
1115127563.476560 0.027531 0.000904 -0.000235 -0.000098 0.000219 0.000199 0.000204 0.000193
1118471313.476560 0.027440 0.000792 -0.000227 0.000131 0.000224 0.000208 0.000224 0.000220
1121815063.476560 0.027241 0.001063 -0.001063 0.000125 0.000229 0.000195 0.000218 0.000216
1125158813.476560 0.027142 0.001411 -0.000588 -0.000141 0.000216 0.000210 0.000221 0.000205
1128502563.476560 0.027425 0.001302 -0.000830 0.000615 0.000259 0.000230 0.000246 0.000220
1131846313.476560 0.027258 0.001136 -0.000447 0.000120 0.000233 0.000218 0.000221 0.000192
1135190063.476560 0.026889 0.001798 -0.000786 0.000054 0.000254 0.000224 0.000237 0.000252
1138533813.476560 0.027104 0.001712 -0.000393 -0.000089 0.000236 0.000213 0.000239 0.000232
1141877563.476560 0.027180 0.001330 -0.000087 -0.000377 0.000247 0.000230 0.000210 0.000226
1145221313.476560 0.026645 0.001690 -0.000410 -0.000105 0.000266 0.000235 0.000229 0.000205
1148565063.476560 0.025502 0.001579 -0.000568 -0.000974 0.000324 0.000272 0.000263 0.000274
1151908813.476560 0.026602 0.001518 -0.000745 0.000135 0.000249 0.000216 0.000218 0.000250
1155252563.476560 0.027290 0.000770 -0.000388 -0.000285 0.000214 0.000211 0.000217 0.000207
1158596313.476560 0.026904 0.001054 -0.000224 0.000126 0.000219 0.000222 0.000220 0.000215
1161940063.476560 0.026105 0.001472 -0.000112 -0.000247 0.000264 0.000221 0.000245 0.000222
1165283813.476560 0.026567 0.001191 -0.000648 -0.000244 0.000229 0.000242 0.000236 0.000242
1168627563.476560 0.027171 0.001408 -0.000496 0.000194 0.000411 0.000366 0.000316 0.000312
1171971313.476560 0.026162 -0.000801 -0.002923 -0.001915 0.005879 0.006992 0.005162 0.005223
1182002563.476560 0.021937 0.000545 -0.001661 -0.002378 0.001514 0.001223 0.001683 0.001580
1185346313.476560 0.026981 0.001104 -0.000775 0.000060 0.000309 0.000260 0.000244 0.000285
1188690063.476560 0.026324 0.001766 -0.000345 -0.000160 0.000264 0.000229 0.000248 0.000246
1192033813.476560 0.025542 0.001226 -0.000306 0.000318 0.000287 0.000238 0.000257 0.000286
1195377563.476560 0.026706 0.001149 -0.000936 0.000175 0.000244 0.000236 0.000228 0.000223
1198721313.476560 0.026073 0.001516 -0.000548 0.000145 0.000261 0.000232 0.000269 0.000271
1202065063.476560 0.022524 0.000615 0.000101 -0.001364 0.000512 0.000439 0.000374 0.000445
1205408813.476560 0.019349 0.002263 -0.000649 -0.000885 0.000923 0.000651 0.000766 0.000823
1208752563.476560 0.018182 0.001973 0.001006 -0.000254 0.000981 0.000701 0.000772 0.000871
1212096313.476560 0.023670 0.000929 -0.000556 -0.000474 0.000441 0.000374 0.000340 0.000422
1215440063.476560 0.026136 0.001733 -0.000182 -0.000105 0.000303 0.000256 0.000271 0.000326
1218783813.476560 0.024388 0.001343 -0.001153 -0.000483 0.000363 0.000274 0.000277 0.000336
1222127563.476560 0.025787 0.000980 -0.000640 -0.000447 0.000327 0.000257 0.000293 0.000326
1225471313.476560 0.023924 0.000710 -0.000495 -0.000271 0.000492 0.000363 0.000418 0.000451
1228815063.476560 0.023429 -0.000334 0.000410 0.000032 0.000588 0.000515 0.000498 0.000552
1232158813.476560 0.024587 0.000622 0.000298 0.000179 0.000336 0.000270 0.000300 0.000292
1235502563.476560 0.024545 0.001543 0.000029 0.000090 0.000322 0.000284 0.000290 0.000357
1238846313.476560 0.024905 0.000793 -0.000384 -0.000174 0.000298 0.000268 0.000232 0.000259
1242190063.476560 0.026052 0.001225 -0.000282 -0.000398 0.000250 0.000245 0.000216 0.000227
1245533813.476560 0.023296 0.001676 -0.000189 -0.000040 0.000357 0.000310 0.000339 0.000367
1248877563.476560 0.025234 0.001611 -0.000776 0.000263 0.000263 0.000258 0.000255 0.000273
1252221313.476560 0.025947 0.001107 -0.000183 -0.000444 0.000210 0.000215 0.000200 0.000216
1255565063.476560 0.025307 0.001000 -0.000768 -0.000340 0.000230 0.000221 0.000221 0.000201
1258908813.476560 0.025851 0.001261 -0.000400 0.000406 0.000244 0.000203 0.000218 0.000221
1262252563.476560 0.024077 0.000371 -0.000258 -0.000298 0.000327 0.000290 0.000321 0.000296
1265596313.476560 0.019381 0.000040 0.000577 -0.002294 0.000852 0.000796 0.000858 0.000904
1268940063.476560 0.011577 0.001837 -0.001328 -0.002132 0.001861 0.001426 0.001517 0.001484
1272283813.476560 0.021535 0.001458 0.001350 0.000094 0.000644 0.000505 0.000546 0.000557
1275627563.476560 0.021870 0.000904 0.000722 -0.000644 0.000511 0.000455 0.000510 0.000509
1278971313.476560 0.014426 -0.001507 0.000454 0.001531 0.001183 0.001154 0.001265 0.001125
1282315063.476560 0.023991 0.001296 0.000147 -0.000126 0.000374 0.000336 0.000354 0.000349
1285658813.476560 0.025275 0.000752 -0.001018 -0.000106 0.000356 0.000355 0.000350 0.000360
1289002563.476560 0.020467 -0.001050 0.001332 -0.000961 0.001628 0.001226 0.001221 0.001166
1292346313.476560 0.025505 0.001038 -0.000111 -0.000955 0.000494 0.000447 0.000453 0.000511
1295690063.476560 0.025009 0.001454 -0.000831 0.000038 0.000243 0.000216 0.000215 0.000223
1299033813.476560 0.025698 0.001418 -0.000372 -0.000431 0.000222 0.000210 0.000210 0.000218
1302377563.476560 0.025553 0.001451 -0.000247 -0.000023 0.000223 0.000197 0.000196 0.000211
1305721313.476560 0.025448 0.001167 -0.000790 -0.000017 0.000207 0.000183 0.000176 0.000194
1309065063.476560 0.025099 0.001188 -0.000206 -0.000093 0.000168 0.000180 0.000197 0.000189
1312408813.476560 0.025494 0.001437 -0.000564 0.000171 0.000171 0.000170 0.000179 0.000177
1315752563.476560 0.025179 0.001017 -0.000162 -0.000030 0.000191 0.000169 0.000199 0.000178
1319096313.476560 0.025325 0.001082 -0.000202 0.000288 0.000182 0.000170 0.000181 0.000184
1322440063.476560 0.025149 0.001229 -0.000619 -0.000014 0.000192 0.000173 0.000196 0.000186
1325783813.476560 0.024842 0.001092 -0.000367 -0.000123 0.000176 0.000196 0.000176 0.000189
1329127563.476560 0.025203 0.001572 -0.000741 0.000095 0.000180 0.000197 0.000178 0.000176
1332471313.476560 0.025061 0.001230 -0.000425 -0.000169 0.000187 0.000187 0.000187 0.000183
1335815063.476560 0.024805 0.001222 -0.000598 -0.000360 0.000178 0.000193 0.000168 0.000178
1339158813.476560 0.025209 0.001279 -0.000215 0.000080 0.000190 0.000188 0.000177 0.000191
1342502563.476560 0.024894 0.001212 -0.000214 0.000079 0.000199 0.000175 0.000198 0.000172
1345846313.476560 0.024929 0.001254 -0.000042 0.000045 0.000197 0.000171 0.000171 0.000191
1349190063.476560 0.025360 0.001544 -0.000602 0.000061 0.000189 0.000176 0.000177 0.000173
1352533813.476560 0.024611 0.001264 -0.000417 0.000175 0.000191 0.000176 0.000177 0.000182
1355877563.476560 0.025299 0.001459 0.000005 -0.000179 0.000180 0.000193 0.000181 0.000182
1359221313.476560 0.024722 0.001266 -0.000257 -0.000021 0.000175 0.000188 0.000180 0.000171
1362565063.476560 0.024561 0.001206 -0.000515 -0.000013 0.000187 0.000193 0.000186 0.000176
1365908813.476560 0.024922 0.001452 -0.000208 -0.000008 0.000163 0.000179 0.000157 0.000184
1369252563.476560 0.024803 0.001276 -0.000195 -0.000080 0.000183 0.000177 0.000179 0.000184
1372596313.476560 0.024605 0.001282 -0.000460 -0.000042 0.000160 0.000171 0.000170 0.000185
1375940063.476560 0.024913 0.001258 -0.000423 -0.000571 0.000179 0.000164 0.000170 0.000178
1379283813.476560 0.024781 0.001657 -0.000478 -0.000034 0.000240 0.000191 0.000224 0.000209
1382627563.476560 0.024810 0.000919 -0.000173 -0.000012 0.000217 0.000219 0.000239 0.000213
1385971313.476560 0.024625 0.001379 -0.000361 -0.000013 0.000181 0.000179 0.000199 0.000188
1389315063.476560 0.024435 0.001170 -0.000404 0.000162 0.000161 0.000170 0.000164 0.000186
1392658813.476560 0.024630 0.001262 -0.000105 -0.000057 0.000187 0.000177 0.000203 0.000173
1396002563.476560 0.024888 0.000891 -0.000120 -0.000340 0.000201 0.000175 0.000172 0.000189
1399346313.476560 0.024589 0.001169 -0.000119 -0.000050 0.000177 0.000154 0.000174 0.000173
1402690063.476560 0.024560 0.001098 -0.000129 0.000043 0.000185 0.000182 0.000192 0.000182
1406033813.476560 0.024866 0.001398 -0.000230 -0.000045 0.000168 0.000188 0.000177 0.000171
1409377563.476560 0.024710 0.001587 -0.000089 -0.000302 0.000165 0.000158 0.000174 0.000181
1412721313.476560 0.024286 0.000896 -0.000357 0.000069 0.000193 0.000186 0.000176 0.000179
1416065063.476560 0.024260 0.001163 -0.000252 -0.000244 0.000175 0.000181 0.000176 0.000188
1422752563.476560 0.024394 0.001649 0.000018 -0.000097 0.000252 0.000248 0.000252 0.000238
1426096313.476560 0.024406 0.000780 -0.000355 0.000393 0.000186 0.000178 0.000177 0.000184
1429440063.476560 0.024494 0.001334 0.000002 -0.000028 0.000172 0.000166 0.000183 0.000177
1432783813.476560 0.024262 0.001255 -0.000204 -0.000009 0.000194 0.000168 0.000187 0.000188
1436127563.476560 0.024203 0.000958 -0.000088 -0.000031 0.000178 0.000181 0.000207 0.000192
1439471313.476560 0.024309 0.001277 -0.000199 -0.000201 0.000190 0.000174 0.000175 0.000184
1442815063.476560 0.024069 0.001253 0.000260 -0.000244 0.000190 0.000180 0.000199 0.000177
1446158813.476560 0.024080 0.001435 -0.000332 0.000301 0.000178 0.000173 0.000190 0.000176
1449502563.476560 0.024012 0.001308 -0.000437 0.000099 0.000179 0.000195 0.000194 0.000184
1452846313.476560 0.024389 0.001203 -0.000355 0.000058 0.000174 0.000178 0.000184 0.000191
1456190063.476560 0.023960 0.001310 -0.000752 0.000135 0.000178 0.000183 0.000184 0.000184
1459533813.476560 0.023671 0.001510 -0.000195 0.000063 0.000176 0.000197 0.000198 0.000187
1462877563.476560 0.023895 0.001338 -0.000294 0.000165 0.000191 0.000178 0.000193 0.000171
1466221313.476560 0.024166 0.001564 -0.000575 0.000208 0.000190 0.000181 0.000167 0.000178
1469565063.476560 0.024460 0.000947 -0.000667 0.000380 0.000181 0.000186 0.000189 0.000170
1472908813.476560 0.023952 0.001312 0.000085 -0.000069 0.000196 0.000183 0.000189 0.000176
1476252563.476560 0.024216 0.001101 -0.000046 0.000133 0.000181 0.000182 0.000187 0.000173
1479596313.476560 0.023856 0.001058 -0.000464 0.000153 0.000176 0.000165 0.000174 0.000190
1482940063.476560 0.023863 0.001144 -0.000275 0.000317 0.000191 0.000166 0.000193 0.000189
1486283813.476560 0.024171 0.001112 -0.000150 0.000321 0.000190 0.000168 0.000178 0.000172
1489627563.476560 0.023937 0.001130 -0.000165 -0.000177 0.000174 0.000180 0.000197 0.000173
1492971313.476560 0.023825 0.001109 -0.000283 -0.000011 0.000192 0.000174 0.000185 0.000182
1496315063.476560 0.023981 0.001130 -0.000266 0.000200 0.000182 0.000182 0.000183 0.000175
1499658813.476560 0.023737 0.001303 -0.000355 0.000152 0.000174 0.000173 0.000190 0.000183
1503002563.476560 0.023928 0.001593 -0.000248 0.000049 0.000175 0.000197 0.000170 0.000193
1506346313.476560 0.023579 0.001287 -0.000053 -0.000033 0.000184 0.000184 0.000190 0.000171
1509690063.476560 0.023773 0.001507 -0.000382 -0.000275 0.000184 0.000187 0.000180 0.000184
1513033813.476560 0.024031 0.001245 -0.000155 -0.000065 0.000184 0.000187 0.000183 0.000196
1516377563.476560 0.024247 0.001268 0.000027 0.000025 0.000189 0.000178 0.000189 0.000181
1519721313.476560 0.024435 0.001757 0.000725 -0.000367 0.000333 0.000327 0.000344 0.000312
1523065063.476560 0.023979 0.000992 0.000291 0.000601 0.000270 0.000300 0.000274 0.000277
1526408813.476560 0.026840 -0.003901 -0.000490 0.000513 0.001373 0.001432 0.001559 0.001412
1529752563.476560 0.024490 0.001064 -0.001178 0.000977 0.000694 0.000639 0.000735 0.000717
1533096313.476560 0.027208 0.001424 -0.001223 0.000251 0.000684 0.000702 0.000724 0.000685
1536440063.476560 0.027562 0.000300 -0.001076 0.001625 0.000671 0.000554 0.000639 0.000564
1539783813.476560 0.025267 -0.002566 -0.002634 0.006851 0.002548 0.002939 0.005251 0.003813
1543127563.476560 0.023595 0.000279 -0.000704 -0.000328 0.000627 0.000594 0.000572 0.000672
1546471313.476560 0.023474 0.000692 0.000209 0.000787 0.000551 0.000489 0.000421 0.000533
1549815063.476560 0.023438 0.001269 -0.000408 -0.000004 0.000375 0.000372 0.000395 0.000366
1553158813.476560 0.024580 0.001366 -0.000142 0.000048 0.000257 0.000222 0.000251 0.000244
1556502563.476560 0.024609 0.001182 -0.000594 -0.000245 0.000265 0.000224 0.000243 0.000239
1559846313.476560 0.022979 0.002104 0.001616 -0.002699 0.001761 0.001551 0.001789 0.001739
1563190063.476560 0.024007 0.001051 -0.000993 -0.000175 0.000459 0.000395 0.000359 0.000404
1566533813.476560 0.022995 0.001873 -0.000647 0.000106 0.000307 0.000251 0.000265 0.000299
1569877563.476560 0.023583 0.000801 -0.000901 0.000166 0.000302 0.000247 0.000285 0.000299
1573221313.476560 0.020863 0.000940 -0.000617 0.000810 0.000649 0.000572 0.000602 0.000608
1576565063.476560 0.023886 0.004534 0.004508 -0.001713 0.006192 0.002871 0.003252 0.004168
1579908813.476560 0.022687 0.000958 -0.000331 0.000217 0.000322 0.000299 0.000274 0.000295
1583252563.476560 0.023400 0.001113 0.000047 -0.000117 0.000277 0.000246 0.000253 0.000263
1586596313.476560 0.023797 0.001369 -0.000576 0.000135 0.000264 0.000240 0.000234 0.000252
1589940063.476560 0.021433 0.000783 -0.000934 0.000338 0.000675 0.000648 0.000697 0.000679
1593283813.476560 0.023025 0.000937 -0.000169 -0.000280 0.000265 0.000260 0.000287 0.000284
1596627563.476560 0.023587 0.001289 -0.000349 -0.000187 0.000217 0.000199 0.000207 0.000197
1599971313.476560 0.022225 0.001390 0.000504 -0.000091 0.000271 0.000290 0.000299 0.000298
1603315063.476560 0.021653 0.000914 0.000015 -0.001078 0.000300 0.000294 0.000285 0.000293
1606658813.476560 0.023468 0.001046 0.000068 0.000141 0.000197 0.000179 0.000188 0.000195
1610002563.476560 0.023391 0.001452 -0.000088 0.000187 0.000188 0.000169 0.000164 0.000170
1613346313.476560 0.023529 0.001212 -0.000423 0.000036 0.000188 0.000185 0.000183 0.000168
1616690063.476560 0.022716 0.001131 -0.000229 -0.000135 0.000189 0.000180 0.000193 0.000178
1620033813.476560 0.021846 0.000935 -0.000527 -0.000085 0.000409 0.000363 0.000379 0.000380
1623377563.476560 0.015512 -0.001143 -0.003544 -0.001290 0.002617 0.001956 0.002123 0.001893
1630065063.476560 0.023490 0.001095 -0.000574 -0.000171 0.000182 0.000189 0.000180 0.000178
1633408813.476560 0.022952 0.001249 -0.000130 0.000139 0.000180 0.000185 0.000184 0.000188
1636752563.476560 0.023153 0.001109 -0.000106 0.000094 0.000207 0.000169 0.000178 0.000166
1640096313.476560 0.022901 0.001320 0.000048 -0.000112 0.000177 0.000178 0.000179 0.000161
1643440063.476560 0.022918 0.001283 -0.000340 -0.000042 0.000172 0.000179 0.000184 0.000196
1646783813.476560 0.023433 0.001467 -0.000205 -0.000508 0.000174 0.000178 0.000190 0.000192
