# # SwiftJ1727 QU data converted from polkat JSON output
# # Date (ISO): 2023-11-12T11:26:06.800000
# # Columns: freq(Hz) I(Jy) Q(Jy) U(Jy) V(Jy) dI(Jy) dQ(Jy) dU(Jy) dV(Jy)
# 
901127563.476562 0.037825 0.000102 0.000581 0.000670 0.000497 0.000499 0.000488 0.000429
904471313.476562 0.038266 -0.000011 -0.000324 0.000402 0.000281 0.000205 0.000234 0.000231
907815063.476562 0.036854 0.000136 0.000263 0.000222 0.000253 0.000225 0.000232 0.000242
911158813.476562 0.037500 -0.000072 0.000047 -0.000208 0.000266 0.000263 0.000263 0.000229
914502563.476562 0.037526 -0.000326 0.000130 -0.000165 0.000259 0.000217 0.000255 0.000226
917846313.476562 0.037721 -0.000190 -0.000030 -0.000192 0.000241 0.000235 0.000226 0.000209
921190063.476562 0.037462 0.000325 0.000056 -0.000131 0.000262 0.000234 0.000237 0.000231
924533813.476562 0.036954 0.000291 -0.000087 -0.000167 0.000265 0.000226 0.000248 0.000225
927877563.476562 0.036516 0.000302 -0.000433 0.000193 0.000283 0.000225 0.000276 0.000223
931221313.476562 0.037204 -0.000447 -0.000203 -0.000002 0.000281 0.000220 0.000235 0.000212
934565063.476562 0.036428 0.001162 -0.001063 -0.001600 0.000946 0.001058 0.000959 0.000961
944596313.476562 0.035450 -0.001334 0.001270 0.001611 0.001489 0.001326 0.001437 0.001356
947940063.476562 0.036347 0.000002 0.000565 0.000247 0.000528 0.000488 0.000538 0.000522
951283813.476562 0.036415 -0.000254 -0.000264 0.000138 0.000243 0.000218 0.000236 0.000227
954627563.476562 0.035866 -0.000341 -0.000595 -0.000184 0.000273 0.000245 0.000267 0.000250
957971313.476562 0.036758 -0.000337 -0.000445 0.000304 0.000305 0.000270 0.000319 0.000275
961315063.476562 0.036724 0.000314 -0.000021 0.000033 0.000265 0.000219 0.000267 0.000232
964658813.476562 0.036777 -0.000414 0.000450 0.000167 0.000222 0.000215 0.000203 0.000230
968002563.476562 0.036556 0.000212 -0.000124 0.000045 0.000236 0.000215 0.000220 0.000230
971346313.476562 0.036344 -0.000105 0.000083 0.000164 0.000221 0.000209 0.000213 0.000213
974690063.476562 0.036297 0.000376 -0.000018 0.000142 0.000222 0.000212 0.000211 0.000200
978033813.476562 0.036458 0.000070 0.000039 0.000202 0.000238 0.000218 0.000222 0.000203
981377563.476562 0.036251 -0.000055 0.000176 0.000106 0.000229 0.000221 0.000201 0.000208
984721313.476562 0.035965 -0.000029 -0.000342 0.000429 0.000229 0.000225 0.000212 0.000200
988065063.476562 0.036111 -0.000585 -0.000081 -0.000136 0.000255 0.000200 0.000212 0.000190
991408813.476562 0.036028 0.000171 0.000022 -0.000116 0.000198 0.000206 0.000212 0.000190
994752563.476562 0.036102 -0.000108 0.000276 0.000399 0.000234 0.000220 0.000225 0.000196
998096313.476562 0.035303 -0.000084 -0.000385 0.000034 0.000235 0.000194 0.000208 0.000190
1001440063.476560 0.035960 0.000001 -0.000342 0.000025 0.000239 0.000206 0.000208 0.000201
1004783813.476560 0.035571 -0.000053 -0.000180 0.000141 0.000207 0.000214 0.000230 0.000201
1008127563.476560 0.036330 0.000168 -0.000480 0.000167 0.000235 0.000214 0.000219 0.000197
1011471313.476560 0.035960 -0.000204 -0.000465 -0.000287 0.000221 0.000217 0.000206 0.000194
1014815063.476560 0.035770 -0.000028 -0.000177 -0.000096 0.000208 0.000192 0.000202 0.000215
1018158813.476560 0.035226 -0.000637 0.000251 -0.000067 0.000218 0.000225 0.000240 0.000222
1021502563.476560 0.035416 -0.000137 -0.000052 -0.000001 0.000233 0.000218 0.000189 0.000213
1024846313.476560 0.035181 0.000048 -0.000224 -0.000303 0.000215 0.000204 0.000219 0.000202
1028190063.476560 0.034420 0.000146 -0.000326 -0.000221 0.000261 0.000235 0.000242 0.000238
1031533813.476560 0.034800 0.000630 -0.000302 0.000275 0.000291 0.000234 0.000242 0.000250
1034877563.476560 0.034594 -0.000062 -0.000225 0.000020 0.000213 0.000195 0.000216 0.000198
1038221313.476560 0.035244 0.000194 -0.000026 -0.000282 0.000226 0.000218 0.000218 0.000194
1041565063.476560 0.034251 -0.000375 0.000134 -0.000179 0.000211 0.000210 0.000224 0.000212
1044908813.476560 0.034568 -0.000445 -0.000318 -0.000039 0.000203 0.000225 0.000205 0.000182
1048252563.476560 0.034761 0.000012 0.000323 -0.000177 0.000211 0.000188 0.000193 0.000206
1051596313.476560 0.034860 -0.000142 -0.000496 0.000399 0.000273 0.000244 0.000241 0.000239
1054940063.476560 0.034340 -0.000368 0.000164 -0.000293 0.000217 0.000231 0.000199 0.000198
1058283813.476560 0.034063 0.000144 0.000020 -0.000148 0.000191 0.000195 0.000203 0.000200
1061627563.476560 0.033998 -0.000104 -0.000464 -0.000017 0.000208 0.000215 0.000188 0.000200
1064971313.476560 0.034549 0.000113 0.000233 -0.000154 0.000209 0.000194 0.000204 0.000205
1068315063.476560 0.034001 -0.000141 0.000662 0.000032 0.000199 0.000206 0.000222 0.000192
1071658813.476560 0.033879 -0.000222 0.000319 0.000097 0.000199 0.000190 0.000209 0.000192
1075002563.476560 0.034108 -0.000031 -0.000112 0.000060 0.000223 0.000188 0.000182 0.000199
1078346313.476560 0.034191 0.000365 -0.000173 -0.000119 0.000224 0.000193 0.000203 0.000197
1081690063.476560 0.033755 -0.000011 -0.000242 0.000125 0.000200 0.000202 0.000204 0.000202
1085033813.476560 0.033501 0.000601 -0.000279 0.000314 0.000250 0.000222 0.000216 0.000217
1088377563.476560 0.033236 -0.001400 -0.001500 0.002064 0.000866 0.000808 0.000782 0.000673
1091721313.476560 0.032473 0.001695 -0.001540 0.000009 0.000772 0.000724 0.000611 0.000625
1095065063.476560 0.033177 0.000085 -0.000243 -0.000033 0.000220 0.000204 0.000220 0.000210
1098408813.476560 0.033880 0.000250 0.000133 -0.000060 0.000207 0.000195 0.000197 0.000202
1101752563.476560 0.033016 0.000263 -0.000756 -0.000171 0.000249 0.000233 0.000225 0.000204
1105096313.476560 0.033663 0.000098 -0.000360 -0.000121 0.000234 0.000223 0.000188 0.000179
1108440063.476560 0.033349 -0.000163 0.000264 -0.000047 0.000202 0.000203 0.000204 0.000198
1111783813.476560 0.033038 -0.000355 -0.000020 0.000119 0.000250 0.000210 0.000217 0.000223
1115127563.476560 0.033092 -0.000056 -0.000267 -0.000011 0.000192 0.000191 0.000192 0.000191
1118471313.476560 0.032980 -0.000115 -0.000266 -0.000240 0.000214 0.000190 0.000196 0.000202
1121815063.476560 0.032653 0.000273 -0.000109 -0.000389 0.000220 0.000216 0.000219 0.000214
1125158813.476560 0.032788 0.000065 -0.000136 0.000093 0.000190 0.000197 0.000208 0.000204
1128502563.476560 0.032698 0.000109 -0.000254 0.000172 0.000220 0.000217 0.000205 0.000195
1131846313.476560 0.032781 -0.000002 -0.000217 -0.000163 0.000201 0.000185 0.000187 0.000195
1135190063.476560 0.032143 0.000133 -0.000314 0.000385 0.000226 0.000234 0.000209 0.000209
1138533813.476560 0.032854 -0.000036 0.000132 0.000089 0.000210 0.000202 0.000201 0.000185
1141877563.476560 0.032809 -0.000124 -0.000038 0.000130 0.000225 0.000209 0.000218 0.000213
1145221313.476560 0.032465 0.000195 -0.000411 -0.000050 0.000229 0.000209 0.000208 0.000212
1148565063.476560 0.031066 -0.000004 0.000324 -0.000569 0.000281 0.000234 0.000246 0.000270
1151908813.476560 0.032083 -0.000050 -0.000208 -0.000046 0.000212 0.000201 0.000228 0.000227
1155252563.476560 0.032714 0.000208 -0.000382 -0.000075 0.000208 0.000195 0.000224 0.000192
1158596313.476560 0.032513 -0.000612 0.000141 0.000122 0.000207 0.000187 0.000206 0.000196
1161940063.476560 0.031390 0.000545 -0.000350 -0.000440 0.000239 0.000208 0.000264 0.000215
1165283813.476560 0.032816 -0.000025 0.000040 0.000120 0.000207 0.000198 0.000222 0.000201
1168627563.476560 0.032107 0.000192 -0.000218 0.000233 0.000303 0.000292 0.000293 0.000311
1171971313.476560 0.029409 0.004707 -0.000158 -0.005325 0.002356 0.002249 0.002392 0.002330
1182002563.476560 0.029670 -0.000217 -0.000567 -0.000112 0.001130 0.000900 0.000920 0.001068
1185346313.476560 0.032125 0.000047 -0.000341 0.000203 0.000239 0.000217 0.000218 0.000225
1188690063.476560 0.031458 0.000483 -0.000544 -0.000252 0.000203 0.000207 0.000184 0.000203
1192033813.476560 0.031266 0.000109 0.000369 0.000108 0.000258 0.000190 0.000208 0.000217
1195377563.476560 0.031989 0.000064 0.000157 0.000398 0.000222 0.000191 0.000219 0.000199
1198721313.476560 0.030973 -0.000101 -0.000137 -0.000192 0.000259 0.000223 0.000220 0.000248
1202065063.476560 0.028247 -0.000467 0.000381 -0.000373 0.000437 0.000350 0.000387 0.000375
1205408813.476560 0.025465 -0.000557 0.000029 -0.001894 0.000642 0.000560 0.000547 0.000545
1208752563.476560 0.026103 0.000793 0.000649 -0.002310 0.000634 0.000466 0.000507 0.000580
1212096313.476560 0.029095 0.000423 -0.000221 -0.001107 0.000365 0.000323 0.000322 0.000306
1215440063.476560 0.031027 0.000256 -0.000065 -0.000035 0.000216 0.000227 0.000213 0.000221
1218783813.476560 0.031833 -0.000091 -0.000108 -0.000201 0.000215 0.000200 0.000209 0.000192
1222127563.476560 0.030385 0.000502 0.000193 -0.000278 0.000275 0.000237 0.000244 0.000267
1225471313.476560 0.030343 0.000349 -0.000089 -0.000590 0.000326 0.000284 0.000286 0.000311
1228815063.476560 0.029547 0.000291 0.000074 -0.000661 0.000338 0.000316 0.000310 0.000324
1232158813.476560 0.030919 -0.000094 -0.000159 -0.000538 0.000271 0.000245 0.000238 0.000260
1235502563.476560 0.030929 0.000080 -0.000212 0.000108 0.000243 0.000208 0.000224 0.000220
1238846313.476560 0.031603 0.000203 0.000040 -0.000108 0.000210 0.000208 0.000188 0.000193
1242190063.476560 0.030651 -0.000233 -0.000065 -0.000256 0.000217 0.000211 0.000232 0.000203
1245533813.476560 0.027827 -0.000177 -0.000721 -0.000649 0.000375 0.000305 0.000310 0.000319
1248877563.476560 0.031115 0.000036 -0.000277 -0.000495 0.000269 0.000233 0.000225 0.000244
1252221313.476560 0.030846 0.000193 0.000490 -0.000350 0.000212 0.000195 0.000206 0.000203
1255565063.476560 0.030972 -0.000225 0.000356 -0.000396 0.000188 0.000189 0.000192 0.000193
1258908813.476560 0.031339 0.000034 -0.000234 -0.000084 0.000203 0.000196 0.000190 0.000187
1262252563.476560 0.029497 0.000619 0.000482 -0.000832 0.000327 0.000295 0.000282 0.000328
1265596313.476560 0.024423 0.000468 0.001414 -0.004332 0.000798 0.000734 0.000728 0.000707
1268940063.476560 0.019985 0.000419 -0.000195 -0.005864 0.001237 0.001143 0.000978 0.000977
1272283813.476560 0.025937 0.000077 0.000287 -0.002113 0.000596 0.000555 0.000536 0.000574
1275627563.476560 0.028506 -0.000046 0.000475 -0.001014 0.000411 0.000320 0.000332 0.000304
1278971313.476560 0.025124 -0.000341 -0.000787 -0.002325 0.000448 0.000371 0.000392 0.000418
1282315063.476560 0.030312 -0.000278 0.000204 -0.000528 0.000276 0.000266 0.000257 0.000258
1285658813.476560 0.030923 -0.000080 -0.000280 0.000053 0.000254 0.000267 0.000242 0.000268
1289002563.476560 0.029059 0.000099 -0.000228 -0.000696 0.000387 0.000318 0.000349 0.000333
1292346313.476560 0.030710 -0.000022 -0.000214 -0.000084 0.000284 0.000257 0.000263 0.000251
1295690063.476560 0.030784 0.000130 -0.000031 0.000110 0.000184 0.000192 0.000194 0.000203
1299033813.476560 0.030749 -0.000135 -0.000345 -0.000029 0.000192 0.000191 0.000178 0.000176
1302377563.476560 0.030222 0.000068 -0.000425 -0.000033 0.000199 0.000187 0.000176 0.000193
1305721313.476560 0.030247 0.000024 -0.000011 0.000083 0.000175 0.000181 0.000182 0.000179
1309065063.476560 0.030664 -0.000438 -0.000122 0.000039 0.000185 0.000170 0.000172 0.000185
1312408813.476560 0.030476 -0.000027 -0.000277 0.000003 0.000176 0.000161 0.000176 0.000156
1315752563.476560 0.030282 0.000208 0.000042 0.000048 0.000175 0.000182 0.000162 0.000163
1319096313.476560 0.030314 0.000252 -0.000092 0.000152 0.000177 0.000158 0.000169 0.000176
1322440063.476560 0.029880 -0.000121 -0.000097 0.000150 0.000179 0.000174 0.000166 0.000182
1325783813.476560 0.030190 0.000141 0.000001 -0.000184 0.000179 0.000172 0.000175 0.000169
1329127563.476560 0.030003 0.000232 -0.000265 0.000324 0.000169 0.000165 0.000165 0.000165
1332471313.476560 0.030042 -0.000245 -0.000218 -0.000073 0.000188 0.000158 0.000158 0.000165
1335815063.476560 0.029723 -0.000028 -0.000162 0.000066 0.000194 0.000172 0.000162 0.000171
1339158813.476560 0.029820 -0.000197 -0.000224 0.000044 0.000177 0.000171 0.000168 0.000157
1342502563.476560 0.029939 0.000081 0.000103 0.000027 0.000177 0.000173 0.000155 0.000160
1345846313.476560 0.029985 0.000086 -0.000167 -0.000042 0.000175 0.000177 0.000158 0.000187
1349190063.476560 0.029606 0.000083 -0.000054 0.000077 0.000167 0.000165 0.000165 0.000167
1352533813.476560 0.029474 0.000190 -0.000062 -0.000020 0.000170 0.000172 0.000172 0.000161
1355877563.476560 0.029609 -0.000004 -0.000426 0.000096 0.000162 0.000169 0.000175 0.000165
1359221313.476560 0.029368 0.000125 -0.000216 -0.000162 0.000172 0.000173 0.000157 0.000163
1362565063.476560 0.029916 0.000245 0.000057 -0.000185 0.000181 0.000161 0.000167 0.000172
1365908813.476560 0.029302 -0.000041 -0.000092 0.000033 0.000163 0.000166 0.000171 0.000159
1369252563.476560 0.029314 0.000115 -0.000252 0.000095 0.000170 0.000158 0.000166 0.000166
1372596313.476560 0.029399 0.000078 -0.000331 -0.000242 0.000161 0.000159 0.000169 0.000156
1375940063.476560 0.029355 -0.000000 -0.000167 0.000086 0.000172 0.000170 0.000160 0.000160
1379283813.476560 0.029596 -0.000029 -0.000434 -0.000119 0.000170 0.000178 0.000167 0.000156
1382627563.476560 0.029301 0.000117 -0.000080 0.000024 0.000165 0.000166 0.000174 0.000170
1385971313.476560 0.029378 -0.000209 -0.000269 0.000104 0.000156 0.000170 0.000164 0.000168
1389315063.476560 0.029237 0.000240 0.000100 -0.000138 0.000173 0.000157 0.000155 0.000160
1392658813.476560 0.029272 -0.000027 -0.000131 -0.000022 0.000163 0.000164 0.000157 0.000164
1396002563.476560 0.029246 -0.000102 -0.000004 -0.000101 0.000170 0.000162 0.000169 0.000166
1399346313.476560 0.029183 0.000082 -0.000305 0.000159 0.000155 0.000152 0.000164 0.000164
1402690063.476560 0.029007 -0.000007 -0.000362 -0.000007 0.000165 0.000176 0.000163 0.000156
1406033813.476560 0.028908 0.000055 -0.000302 0.000177 0.000174 0.000167 0.000175 0.000163
1409377563.476560 0.029213 0.000262 0.000064 -0.000151 0.000163 0.000156 0.000173 0.000172
1412721313.476560 0.028919 0.000250 -0.000198 0.000171 0.000174 0.000170 0.000166 0.000172
1416065063.476560 0.028787 0.000358 0.000073 0.000115 0.000166 0.000159 0.000163 0.000170
1422752563.476560 0.028706 -0.000325 0.000187 -0.000099 0.000220 0.000229 0.000235 0.000234
1426096313.476560 0.029100 0.000108 -0.000265 -0.000029 0.000166 0.000169 0.000168 0.000163
1429440063.476560 0.029083 0.000243 -0.000226 -0.000288 0.000175 0.000162 0.000170 0.000157
1432783813.476560 0.028875 0.000004 -0.000111 0.000265 0.000159 0.000156 0.000147 0.000171
1436127563.476560 0.028952 0.000080 0.000272 -0.000058 0.000169 0.000161 0.000160 0.000164
1439471313.476560 0.028896 0.000108 0.000092 -0.000155 0.000154 0.000171 0.000162 0.000168
1442815063.476560 0.028767 0.000203 -0.000009 0.000074 0.000170 0.000180 0.000176 0.000160
1446158813.476560 0.028560 -0.000150 -0.000290 -0.000016 0.000158 0.000163 0.000165 0.000169
1449502563.476560 0.028519 0.000266 0.000293 -0.000124 0.000170 0.000159 0.000170 0.000185
1452846313.476560 0.028524 0.000029 -0.000104 -0.000189 0.000158 0.000177 0.000160 0.000175
1456190063.476560 0.028545 -0.000079 -0.000088 -0.000017 0.000179 0.000172 0.000163 0.000167
1459533813.476560 0.028390 0.000099 -0.000216 0.000140 0.000157 0.000154 0.000166 0.000167
1462877563.476560 0.028494 0.000034 -0.000243 0.000007 0.000165 0.000161 0.000171 0.000158
1466221313.476560 0.028392 -0.000100 -0.000135 0.000095 0.000169 0.000157 0.000168 0.000165
1469565063.476560 0.028594 0.000016 -0.000609 0.000047 0.000157 0.000154 0.000165 0.000171
1472908813.476560 0.028062 0.000111 -0.000086 -0.000004 0.000170 0.000170 0.000163 0.000161
1476252563.476560 0.028079 -0.000030 0.000073 0.000361 0.000164 0.000166 0.000166 0.000158
1479596313.476560 0.028565 -0.000361 -0.000244 -0.000122 0.000158 0.000160 0.000165 0.000166
1482940063.476560 0.027877 0.000041 -0.000324 0.000079 0.000180 0.000162 0.000161 0.000167
1486283813.476560 0.028284 -0.000028 -0.000314 0.000172 0.000163 0.000162 0.000166 0.000160
1489627563.476560 0.028019 -0.000023 -0.000273 -0.000102 0.000171 0.000175 0.000171 0.000172
1492971313.476560 0.028021 -0.000055 -0.000455 -0.000161 0.000168 0.000164 0.000167 0.000159
1496315063.476560 0.027973 -0.000096 0.000053 -0.000339 0.000168 0.000167 0.000164 0.000180
1499658813.476560 0.028244 0.000167 -0.000070 -0.000149 0.000187 0.000188 0.000188 0.000179
1503002563.476560 0.028258 0.000183 -0.000024 -0.000063 0.000196 0.000193 0.000186 0.000184
1506346313.476560 0.028133 0.000130 -0.000448 0.000268 0.000193 0.000194 0.000186 0.000185
1509690063.476560 0.028302 -0.000215 -0.000246 -0.000054 0.000179 0.000179 0.000184 0.000185
1513033813.476560 0.028373 0.000110 -0.000159 -0.000205 0.000191 0.000184 0.000182 0.000196
1516377563.476560 0.028491 0.000249 -0.000003 -0.000044 0.000186 0.000190 0.000187 0.000195
1519721313.476560 0.028093 0.000304 -0.000054 0.000089 0.000182 0.000173 0.000183 0.000175
1523065063.476560 0.027581 0.000628 -0.000011 -0.000929 0.000479 0.000425 0.000479 0.000450
1526408813.476560 0.027136 -0.000625 0.000027 -0.000557 0.000625 0.000563 0.000553 0.000625
1529752563.476560 0.027890 0.000052 0.000262 0.000314 0.000489 0.000455 0.000409 0.000514
1533096313.476560 0.025959 0.000260 -0.000005 -0.000593 0.000392 0.000363 0.000343 0.000385
1536440063.476560 0.028464 0.000460 -0.000326 -0.000195 0.000297 0.000334 0.000289 0.000302
1539783813.476560 0.026452 -0.000750 0.001029 -0.000641 0.000672 0.000654 0.000643 0.000756
1543127563.476560 0.026748 0.000274 -0.000052 -0.000105 0.000658 0.000512 0.000557 0.000583
1546471313.476560 0.026503 0.000298 -0.000246 0.000969 0.000814 0.000638 0.000575 0.000717
1549815063.476560 0.027948 -0.000395 -0.000047 0.000320 0.000280 0.000242 0.000252 0.000261
1553158813.476560 0.027916 -0.000435 -0.000108 -0.000400 0.000222 0.000207 0.000199 0.000209
1556502563.476560 0.028131 0.000193 0.000196 0.000030 0.000231 0.000218 0.000207 0.000237
1559846313.476560 0.023512 -0.000727 -0.001048 -0.001828 0.000928 0.000862 0.000864 0.000877
1563190063.476560 0.028009 0.001188 -0.000283 0.000180 0.000348 0.000324 0.000320 0.000331
1566533813.476560 0.027749 0.000036 -0.000234 0.000022 0.000209 0.000203 0.000188 0.000190
1569877563.476560 0.027076 -0.000512 -0.000266 -0.000095 0.000255 0.000216 0.000227 0.000238
1573221313.476560 0.026791 0.000269 -0.000752 -0.000600 0.000515 0.000463 0.000482 0.000472
1576565063.476560 0.024250 -0.000309 0.001785 0.002308 0.002034 0.002384 0.002160 0.002537
1579908813.476560 0.026287 0.000034 -0.000253 -0.000752 0.000266 0.000251 0.000260 0.000258
1583252563.476560 0.027231 -0.000028 -0.000004 0.000002 0.000219 0.000212 0.000188 0.000200
1586596313.476560 0.027859 0.000350 -0.000306 -0.000197 0.000233 0.000202 0.000220 0.000224
1589940063.476560 0.024393 -0.000622 -0.001003 -0.000611 0.000502 0.000418 0.000443 0.000483
1593283813.476560 0.027490 0.000023 -0.000028 0.000230 0.000253 0.000252 0.000252 0.000244
1596627563.476560 0.027895 0.000299 -0.000071 -0.000170 0.000210 0.000201 0.000196 0.000211
1599971313.476560 0.026311 0.000096 -0.000145 0.000241 0.000274 0.000297 0.000272 0.000286
1603315063.476560 0.024475 -0.000194 -0.000974 -0.000372 0.000329 0.000318 0.000345 0.000301
1606658813.476560 0.027231 0.000128 -0.000612 -0.000090 0.000205 0.000201 0.000196 0.000192
1610002563.476560 0.027405 0.000072 0.000077 0.000152 0.000178 0.000171 0.000175 0.000183
1613346313.476560 0.027158 -0.000222 0.000045 -0.000135 0.000176 0.000184 0.000172 0.000179
1616690063.476560 0.026763 -0.000309 -0.000297 -0.000129 0.000196 0.000190 0.000179 0.000191
1620033813.476560 0.024829 0.000163 -0.000469 -0.000532 0.000437 0.000379 0.000367 0.000376
1630065063.476560 0.027194 -0.000022 -0.000096 0.000283 0.000185 0.000181 0.000182 0.000184
1633408813.476560 0.026867 0.000279 -0.000043 0.000060 0.000184 0.000184 0.000176 0.000187
1636752563.476560 0.026866 -0.000061 -0.000190 -0.000005 0.000194 0.000187 0.000191 0.000174
1640096313.476560 0.026512 0.000163 0.000002 -0.000071 0.000190 0.000189 0.000192 0.000188
1643440063.476560 0.027200 -0.000044 0.000023 -0.000180 0.000172 0.000178 0.000185 0.000185
1646783813.476560 0.027127 0.000041 -0.000169 0.000054 0.000178 0.000188 0.000192 0.000188
