# # SwiftJ1727 QU data converted from WAPITI text output
# # Date (ISO): 2023-09-04T15:55:46.756
# # Columns: freq(Hz) I(Jy) Q(Jy) U(Jy) V(Jy) dI(Jy) dQ(Jy) dU(Jy) dV(Jy)
# 
899500000.000000 0.098179 0.000499 -0.000024 -0.000299 0.000485 0.000459 0.000561 0.000441
906100000.000000 0.098069 0.000365 0.000034 -0.000108 0.000204 0.000187 0.000174 0.000178
912800000.000000 0.098439 0.000207 0.000483 0.000001 0.000183 0.000175 0.000169 0.000149
919500000.000000 0.097717 -0.000047 0.000194 -0.000153 0.000201 0.000162 0.000170 0.000166
926200000.000000 0.098410 0.000076 0.000187 0.000208 0.000197 0.000180 0.000187 0.000169
932900000.000000 0.098586 0.000063 -0.000421 -0.000139 0.000283 0.000246 0.000222 0.000248
946300000.000000 0.098738 0.001777 -0.001058 -0.000398 0.001020 0.000999 0.001137 0.001017
953000000.000000 0.097921 0.000267 0.000191 0.000313 0.000252 0.000176 0.000191 0.000196
959600000.000000 0.098283 0.000300 0.000099 0.000022 0.000243 0.000210 0.000231 0.000194
966300000.000000 0.097989 0.000246 -0.000003 -0.000067 0.000186 0.000151 0.000150 0.000158
973000000.000000 0.097855 0.000435 -0.000005 0.000162 0.000201 0.000152 0.000163 0.000164
979700000.000000 0.097627 0.000265 0.000140 -0.000234 0.000188 0.000156 0.000168 0.000167
986400000.000000 0.097540 0.000421 0.000221 -0.000025 0.000201 0.000158 0.000169 0.000147
993100000.000000 0.098033 0.000307 0.000123 -0.000022 0.000179 0.000166 0.000152 0.000151
999800000.000000 0.097413 0.000347 0.000042 -0.000007 0.000177 0.000153 0.000156 0.000155
1006500000.000000 0.097387 0.000210 -0.000339 0.000166 0.000184 0.000164 0.000159 0.000164
1013100000.000000 0.097515 0.000138 0.000074 -0.000299 0.000187 0.000173 0.000152 0.000154
1019800000.000000 0.097746 -0.000022 0.000119 -0.000072 0.000170 0.000168 0.000166 0.000153
1026500000.000000 0.097059 0.000579 0.000139 -0.000082 0.000201 0.000171 0.000185 0.000174
1033200000.000000 0.096682 0.000323 0.000207 0.000215 0.000218 0.000219 0.000182 0.000191
1039900000.000000 0.096709 0.000338 0.000136 -0.000078 0.000195 0.000141 0.000148 0.000148
1046600000.000000 0.097001 0.000146 0.000095 -0.000278 0.000171 0.000141 0.000185 0.000160
1053300000.000000 0.096881 0.000172 0.000164 0.000048 0.000182 0.000146 0.000163 0.000137
1060000000.000000 0.096839 0.000144 0.000415 -0.000215 0.000176 0.000157 0.000159 0.000151
1066600000.000000 0.095699 0.000362 -0.000043 0.000066 0.000218 0.000174 0.000174 0.000158
1073300000.000000 0.096698 0.000151 0.000330 -0.000153 0.000174 0.000144 0.000145 0.000158
1080000000.000000 0.096137 0.000290 0.000090 -0.000272 0.000191 0.000158 0.000149 0.000137
1086700000.000000 0.094511 0.000508 -0.000809 0.000402 0.000247 0.000253 0.000266 0.000249
1093400000.000000 0.095509 0.001006 -0.000479 -0.000020 0.000251 0.000224 0.000231 0.000202
1100100000.000000 0.096228 0.000524 -0.000111 -0.000150 0.000195 0.000171 0.000160 0.000191
1106800000.000000 0.096453 -0.000010 -0.000094 -0.000336 0.000207 0.000166 0.000189 0.000181
1113500000.000000 0.096109 0.000292 0.000490 -0.000073 0.000181 0.000150 0.000141 0.000139
1120100000.000000 0.096082 0.000191 -0.000132 -0.000214 0.000168 0.000136 0.000144 0.000141
1126800000.000000 0.095417 0.000537 -0.000292 -0.000060 0.000186 0.000163 0.000161 0.000137
1133500000.000000 0.094556 0.000808 -0.000742 0.000299 0.000197 0.000167 0.000181 0.000158
1140200000.000000 0.095053 0.000318 -0.000201 -0.000135 0.000183 0.000158 0.000144 0.000159
1146900000.000000 0.093005 0.000752 -0.000460 -0.000321 0.000230 0.000191 0.000168 0.000190
1153600000.000000 0.095447 0.000526 0.000044 0.000047 0.000175 0.000142 0.000152 0.000155
1160300000.000000 0.094348 0.000621 -0.000151 -0.000280 0.000190 0.000152 0.000147 0.000167
1167000000.000000 0.095422 0.000233 -0.000059 -0.000403 0.000219 0.000187 0.000190 0.000180
1173600000.000000 0.162574 -0.004980 0.004844 0.000438 0.018738 0.004409 0.003301 0.009191
1180300000.000000 0.139156 0.000907 -0.001599 0.004176 0.004996 0.002353 0.001431 0.002282
1187000000.000000 0.094529 0.000449 0.000054 -0.000562 0.000211 0.000162 0.000194 0.000180
1193700000.000000 0.094532 0.000517 0.000090 -0.000022 0.000182 0.000151 0.000175 0.000183
1200400000.000000 0.093785 0.000287 0.000952 -0.000024 0.000248 0.000210 0.000195 0.000210
1207100000.000000 0.082898 0.000260 0.001842 -0.000252 0.000805 0.000492 0.000537 0.000527
1213800000.000000 0.091727 0.000975 0.000536 -0.000777 0.000268 0.000216 0.000214 0.000221
1220500000.000000 0.094504 0.000035 0.000126 -0.000629 0.000190 0.000159 0.000175 0.000180
1227100000.000000 0.090704 0.001047 -0.000020 -0.002809 0.000333 0.000246 0.000237 0.000260
1233800000.000000 0.093439 0.000417 0.000291 -0.000597 0.000222 0.000183 0.000167 0.000196
1240500000.000000 0.093610 0.000404 0.000596 -0.001526 0.000219 0.000150 0.000145 0.000172
1247200000.000000 0.094185 0.000338 0.000405 -0.000420 0.000190 0.000138 0.000150 0.000158
1253900000.000000 0.094566 0.000480 0.000302 0.000246 0.000178 0.000151 0.000160 0.000148
1260600000.000000 0.093671 0.000706 0.000460 0.000148 0.000182 0.000177 0.000188 0.000198
1267300000.000000 0.107965 -0.001568 -0.000969 0.000673 0.001190 0.001035 0.000864 0.000998
1274000000.000000 0.086211 0.000659 0.002200 0.000180 0.000579 0.000364 0.000424 0.000424
1280600000.000000 0.086725 0.000228 0.000969 0.000443 0.000382 0.000281 0.000303 0.000281
1287300000.000000 0.095678 0.000389 0.000633 0.000646 0.000409 0.000356 0.000377 0.000348
1294000000.000000 0.095431 0.000096 0.000539 -0.000105 0.000223 0.000198 0.000192 0.000222
1300700000.000000 0.095493 0.000364 0.000180 -0.000134 0.000144 0.000128 0.000136 0.000145
1307400000.000000 0.095729 0.000404 0.000288 -0.000045 0.000153 0.000144 0.000114 0.000126
1314100000.000000 0.095679 0.000246 -0.000021 0.000135 0.000140 0.000120 0.000132 0.000130
1320800000.000000 0.095281 0.000041 0.000040 -0.000362 0.000159 0.000131 0.000135 0.000122
1327500000.000000 0.095618 0.000265 -0.000007 -0.000291 0.000142 0.000131 0.000136 0.000124
1334100000.000000 0.095625 0.000193 0.000279 0.000054 0.000149 0.000128 0.000123 0.000119
1340800000.000000 0.095531 0.000463 0.000193 -0.000050 0.000143 0.000127 0.000133 0.000134
1347500000.000000 0.095623 0.000228 0.000107 -0.000138 0.000155 0.000121 0.000124 0.000116
1354200000.000000 0.095381 0.000282 0.000012 0.000048 0.000146 0.000118 0.000134 0.000121
1360900000.000000 0.095509 0.000233 0.000327 -0.000178 0.000140 0.000122 0.000125 0.000120
1367600000.000000 0.095527 0.000360 0.000263 -0.000029 0.000138 0.000114 0.000128 0.000126
1374300000.000000 0.095378 0.000254 0.000264 -0.000026 0.000137 0.000121 0.000123 0.000116
1381000000.000000 0.095540 0.000008 -0.000010 0.000076 0.000153 0.000125 0.000130 0.000122
1387600000.000000 0.095593 0.000027 0.000171 0.000065 0.000150 0.000131 0.000135 0.000124
1394300000.000000 0.095647 0.000492 0.000128 -0.000229 0.000156 0.000120 0.000130 0.000117
1401000000.000000 0.095525 0.000318 0.000234 -0.000110 0.000136 0.000124 0.000132 0.000127
1407700000.000000 0.095662 0.000404 0.000230 -0.000298 0.000133 0.000120 0.000126 0.000119
1414400000.000000 0.095624 0.000235 0.000317 -0.000019 0.000137 0.000121 0.000113 0.000128
1421100000.000000 0.096713 0.000024 0.000334 -0.000256 0.000272 0.000240 0.000230 0.000231
1427800000.000000 0.095601 0.000198 0.000235 0.000032 0.000143 0.000130 0.000123 0.000125
1434500000.000000 0.095514 0.000056 0.000169 -0.000125 0.000156 0.000123 0.000129 0.000121
1441100000.000000 0.095747 0.000272 0.000155 -0.000062 0.000137 0.000123 0.000118 0.000127
1447800000.000000 0.095936 0.000445 0.000199 -0.000086 0.000142 0.000127 0.000124 0.000119
1454500000.000000 0.095675 0.000315 0.000214 -0.000068 0.000135 0.000122 0.000123 0.000119
1461200000.000000 0.095630 0.000286 0.000301 -0.000174 0.000136 0.000122 0.000130 0.000120
1467900000.000000 0.095850 0.000329 0.000025 0.000155 0.000147 0.000124 0.000125 0.000121
1474600000.000000 0.095710 0.000074 0.000352 0.000193 0.000141 0.000113 0.000130 0.000122
1481300000.000000 0.095522 0.000058 0.000144 -0.000021 0.000142 0.000124 0.000123 0.000124
1488000000.000000 0.095536 0.000307 0.000086 -0.000112 0.000144 0.000126 0.000132 0.000126
1494600000.000000 0.095430 0.000409 0.000163 -0.000160 0.000136 0.000116 0.000128 0.000125
1501300000.000000 0.095920 0.000323 0.000044 0.000143 0.000159 0.000126 0.000129 0.000138
1508000000.000000 0.095914 0.000315 0.000178 -0.000172 0.000135 0.000123 0.000117 0.000124
1514700000.000000 0.096076 0.000165 0.000122 0.000020 0.000132 0.000105 0.000126 0.000118
1521400000.000000 0.097933 0.000060 0.000439 -0.000707 0.000327 0.000356 0.000311 0.000343
1528100000.000000 0.097002 -0.000065 0.000193 0.000045 0.000377 0.000370 0.000339 0.000364
1534800000.000000 0.095959 0.000466 -0.000004 -0.000369 0.000305 0.000271 0.000268 0.000301
1541500000.000000 0.097407 0.000010 0.001268 0.001796 0.000642 0.000425 0.000431 0.000519
1548100000.000000 0.092970 0.000222 0.000876 -0.001203 0.000319 0.000259 0.000246 0.000216
1554800000.000000 0.095852 0.000365 0.000466 -0.000284 0.000199 0.000167 0.000172 0.000173
1561500000.000000 0.098282 0.000244 -0.000251 0.000210 0.000371 0.000317 0.000323 0.000348
1568200000.000000 0.094854 0.000231 0.000153 -0.000101 0.000192 0.000165 0.000174 0.000161
1574900000.000000 0.105072 0.001277 0.001267 0.001204 0.000693 0.000551 0.000534 0.000570
1581600000.000000 0.094068 -0.000008 -0.000098 -0.000326 0.000199 0.000169 0.000158 0.000173
1588300000.000000 0.095500 0.000039 0.000294 -0.000185 0.000236 0.000214 0.000214 0.000217
1595000000.000000 0.096083 -0.000255 0.000287 -0.000072 0.000175 0.000165 0.000161 0.000160
1601600000.000000 0.094431 0.000472 -0.000069 -0.000002 0.000166 0.000142 0.000137 0.000146
1608300000.000000 0.095975 0.000164 -0.000051 -0.000142 0.000140 0.000125 0.000122 0.000122
1615000000.000000 0.096470 0.000053 0.000388 -0.000036 0.000137 0.000127 0.000121 0.000131
1621700000.000000 0.092019 0.000579 0.001595 -0.001598 0.000391 0.000315 0.000316 0.000334
1628400000.000000 0.096802 0.000139 0.000228 -0.000051 0.000189 0.000180 0.000181 0.000189
1635100000.000000 0.096465 0.000211 -0.000023 0.000018 0.000142 0.000126 0.000125 0.000127
1641800000.000000 0.096202 0.000164 -0.000213 -0.000197 0.000135 0.000125 0.000120 0.000123
1648500000.000000 0.096487 0.000513 0.000660 -0.000134 0.000189 0.000174 0.000176 0.000171
