# # SwiftJ1727 QU data converted from polkat JSON output
# # Date (ISO): 2024-02-10T03:38:45.300000
# # Columns: freq(Hz) I(Jy) Q(Jy) U(Jy) V(Jy) dI(Jy) dQ(Jy) dU(Jy) dV(Jy)
# 
902799438.476562 0.004613 -0.000374 0.000116 0.000025 0.000172 0.000164 0.000192 0.000158
916174438.476562 0.004756 -0.000191 0.000202 -0.000057 0.000148 0.000137 0.000151 0.000112
929549438.476562 0.004310 -0.000420 0.000043 -0.000105 0.000162 0.000160 0.000134 0.000148
942924438.476562 0.004615 0.000346 -0.001105 -0.001354 0.000628 0.000644 0.000623 0.000637
956299438.476562 0.004111 0.000096 0.000258 -0.000099 0.000144 0.000126 0.000137 0.000134
969674438.476562 0.004140 -0.000307 0.000149 0.000032 0.000116 0.000108 0.000115 0.000114
983049438.476562 0.004164 -0.000296 0.000341 0.000147 0.000127 0.000111 0.000104 0.000101
996424438.476562 0.004173 -0.000402 0.000078 0.000052 0.000111 0.000100 0.000109 0.000100
1009799438.476560 0.004232 -0.000459 -0.000001 -0.000052 0.000119 0.000107 0.000108 0.000104
1023174438.476560 0.004334 -0.000228 -0.000115 -0.000100 0.000120 0.000113 0.000117 0.000112
1036549438.476560 0.003960 -0.000393 0.000078 0.000185 0.000115 0.000107 0.000105 0.000107
1049924438.476560 0.004005 -0.000416 0.000222 0.000071 0.000119 0.000108 0.000103 0.000108
1063299438.476560 0.003836 -0.000131 0.000157 0.000076 0.000115 0.000106 0.000107 0.000116
1076674438.476560 0.004099 -0.000203 0.000122 -0.000118 0.000105 0.000098 0.000101 0.000096
1090049438.476560 0.003740 -0.000387 0.000151 -0.000196 0.000109 0.000095 0.000103 0.000099
1103424438.476560 0.004038 -0.000311 0.000118 -0.000252 0.000111 0.000100 0.000099 0.000098
1116799438.476560 0.003978 -0.000307 -0.000015 0.000056 0.000099 0.000104 0.000101 0.000095
1130174438.476560 0.003674 -0.000190 0.000263 -0.000055 0.000098 0.000099 0.000109 0.000097
1143549438.476560 0.003694 -0.000238 -0.000077 -0.000094 0.000125 0.000118 0.000114 0.000109
1156924438.476560 0.003487 -0.000191 0.000074 0.000061 0.000120 0.000108 0.000117 0.000117
1170299438.476560 0.003264 -0.000273 0.000390 -0.000311 0.000191 0.000197 0.000186 0.000221
1183674438.476560 0.004076 -0.000259 0.000590 0.000153 0.000203 0.000179 0.000179 0.000177
1197049438.476560 0.003818 -0.000491 0.000211 -0.000008 0.000147 0.000144 0.000133 0.000150
1210424438.476560 0.003830 0.000079 -0.000070 -0.000580 0.000232 0.000187 0.000211 0.000228
1223799438.476560 0.003534 -0.000175 -0.000132 0.000097 0.000209 0.000188 0.000183 0.000214
1237174438.476560 0.003463 -0.000156 0.000038 -0.000203 0.000132 0.000117 0.000122 0.000126
1250549438.476560 0.003438 -0.000209 0.000015 -0.000183 0.000118 0.000111 0.000114 0.000105
1263924438.476560 0.003063 0.000044 0.000394 -0.000215 0.000197 0.000160 0.000179 0.000187
1277299438.476560 0.003278 -0.000249 0.000302 -0.000273 0.000271 0.000231 0.000246 0.000237
1290674438.476560 0.003671 -0.000168 0.000183 0.000219 0.000172 0.000177 0.000156 0.000163
1304049438.476560 0.003560 -0.000172 0.000102 0.000058 0.000105 0.000095 0.000100 0.000090
1317424438.476560 0.003432 -0.000270 -0.000037 -0.000030 0.000093 0.000088 0.000080 0.000091
1330799438.476560 0.003345 -0.000259 -0.000058 -0.000009 0.000092 0.000083 0.000086 0.000079
1344174438.476560 0.003288 -0.000319 0.000080 0.000002 0.000088 0.000093 0.000084 0.000087
1357549438.476560 0.003361 -0.000122 0.000171 -0.000014 0.000080 0.000080 0.000087 0.000087
1370924438.476560 0.003221 -0.000315 0.000056 -0.000049 0.000084 0.000079 0.000090 0.000084
1384299438.476560 0.003471 -0.000281 0.000018 0.000132 0.000087 0.000076 0.000098 0.000087
1397674438.476560 0.003127 -0.000184 0.000113 -0.000075 0.000081 0.000085 0.000099 0.000077
1411049438.476560 0.003447 -0.000181 0.000124 -0.000046 0.000086 0.000081 0.000082 0.000081
1424424438.476560 0.003137 -0.000165 0.000016 0.000163 0.000105 0.000104 0.000101 0.000113
1437799438.476560 0.003228 -0.000427 0.000132 -0.000059 0.000096 0.000081 0.000086 0.000081
1451174438.476560 0.003425 -0.000271 0.000138 -0.000228 0.000085 0.000087 0.000087 0.000083
1464549438.476560 0.003325 -0.000099 0.000006 0.000101 0.000090 0.000094 0.000085 0.000093
1477924438.476560 0.003111 -0.000137 -0.000012 0.000030 0.000090 0.000086 0.000086 0.000079
1491299438.476560 0.003172 -0.000409 -0.000093 0.000011 0.000092 0.000084 0.000081 0.000100
1504674438.476560 0.003173 -0.000233 0.000036 -0.000056 0.000105 0.000097 0.000095 0.000101
1518049438.476560 0.003324 -0.000204 -0.000109 -0.000124 0.000107 0.000102 0.000115 0.000104
1531424438.476560 0.004260 -0.000038 0.000719 0.001248 0.000756 0.000673 0.000638 0.000779
1544799438.476560 0.006684 -0.000596 -0.000464 -0.001065 0.000945 0.000778 0.000806 0.000798
1558174438.476560 0.002997 -0.000401 0.000215 -0.000093 0.000220 0.000186 0.000202 0.000209
1571549438.476560 0.002703 -0.000257 0.000081 0.000033 0.000240 0.000210 0.000204 0.000225
1584924438.476560 0.003071 -0.000170 -0.000011 -0.000067 0.000173 0.000158 0.000163 0.000170
1598299438.476560 0.003008 -0.000452 -0.000012 0.000058 0.000137 0.000144 0.000129 0.000139
1611674438.476560 0.003089 -0.000257 -0.000068 0.000077 0.000109 0.000102 0.000092 0.000101
1625049438.476560 0.003287 -0.000607 -0.000026 0.000052 0.000160 0.000173 0.000164 0.000162
1638424438.476560 0.003022 -0.000238 -0.000016 0.000194 0.000101 0.000092 0.000104 0.000099
1651799438.476560 0.002970 -0.000023 0.000182 -0.000026 0.000181 0.000197 0.000192 0.000189
