# # SwiftJ1727 QU data converted from WAPITI text output
# # Date (ISO): 2023-10-14T12:47:48.012
# # Columns: freq(Hz) I(Jy) Q(Jy) U(Jy) V(Jy) dI(Jy) dQ(Jy) dU(Jy) dV(Jy)
# 
902000000.000000 0.908130 0.000869 -0.002546 -0.000525 0.000642 0.000541 0.000470 0.000464
903600000.000000 0.907175 0.000876 -0.004244 0.000142 0.000481 0.000394 0.000368 0.000358
905300000.000000 0.906633 0.001595 -0.003090 -0.000199 0.000461 0.000352 0.000388 0.000302
907000000.000000 0.905824 0.001097 -0.003804 -0.000694 0.000471 0.000375 0.000374 0.000321
908700000.000000 0.906889 0.001215 -0.003860 0.000291 0.000414 0.000353 0.000361 0.000306
910300000.000000 0.906372 0.001234 -0.004198 0.000143 0.000461 0.000345 0.000390 0.000308
912000000.000000 0.906021 0.002315 -0.003496 0.000005 0.000485 0.000376 0.000363 0.000336
913700000.000000 0.906091 0.001471 -0.003914 -0.000401 0.000453 0.000364 0.000321 0.000347
915300000.000000 0.906545 0.001903 -0.003772 -0.000375 0.000464 0.000336 0.000333 0.000347
917000000.000000 0.904951 0.000867 -0.004017 0.000321 0.000457 0.000372 0.000366 0.000355
918700000.000000 0.905989 0.001561 -0.003527 -0.000306 0.000478 0.000338 0.000357 0.000364
920400000.000000 0.905411 0.001706 -0.003535 -0.000312 0.000429 0.000329 0.000355 0.000326
922000000.000000 0.905922 0.000938 -0.003369 0.000416 0.000463 0.000343 0.000376 0.000342
923700000.000000 0.906138 0.001998 -0.003573 0.000389 0.000504 0.000364 0.000332 0.000333
925400000.000000 0.904404 0.000778 -0.002979 0.000043 0.000460 0.000349 0.000353 0.000310
927000000.000000 0.904876 0.001289 -0.002697 0.000204 0.000458 0.000365 0.000388 0.000314
928700000.000000 0.905040 0.000649 -0.002975 0.001198 0.000446 0.000327 0.000302 0.000334
930400000.000000 0.903895 0.000970 -0.002476 -0.000413 0.000444 0.000335 0.000307 0.000365
932100000.000000 0.904941 -0.000081 -0.001958 0.000278 0.000408 0.000364 0.000347 0.000363
933700000.000000 0.917794 0.002294 -0.000174 0.001332 0.001197 0.001054 0.001093 0.001015
935400000.000000 0.913455 -0.000885 -0.002723 -0.006898 0.007900 0.005526 0.005494 0.006818
937100000.000000 0.918112 -0.012266 -0.022629 0.002785 0.005800 0.003949 0.003055 0.005053
945400000.000000 0.905903 0.003043 -0.003123 -0.005574 0.005969 0.004659 0.004347 0.003357
947100000.000000 0.918678 -0.003672 -0.003231 -0.002514 0.002353 0.001834 0.001598 0.001898
948800000.000000 0.921928 -0.000847 -0.002626 0.000066 0.001117 0.000680 0.000694 0.000624
950400000.000000 0.903107 0.000635 -0.001143 0.000273 0.000499 0.000416 0.000350 0.000351
952100000.000000 0.901874 0.000801 -0.001409 -0.000673 0.000376 0.000333 0.000327 0.000346
953800000.000000 0.902963 0.001359 -0.001041 -0.000285 0.000428 0.000360 0.000364 0.000323
955500000.000000 0.905353 0.002448 -0.001475 0.000826 0.000484 0.000362 0.000405 0.000422
957100000.000000 0.905096 0.001180 -0.002233 -0.000726 0.000543 0.000384 0.000445 0.000392
958800000.000000 0.905938 0.000125 -0.002121 0.000267 0.000493 0.000437 0.000443 0.000459
960500000.000000 0.906872 0.000725 -0.001155 0.000247 0.000532 0.000441 0.000424 0.000447
962200000.000000 0.900964 0.001037 -0.001896 -0.000305 0.000369 0.000302 0.000347 0.000330
963800000.000000 0.899309 0.001155 -0.002121 0.000493 0.000367 0.000317 0.000336 0.000298
965500000.000000 0.899091 0.000324 -0.001695 -0.000131 0.000414 0.000327 0.000338 0.000321
967200000.000000 0.899401 0.000822 -0.001401 0.000117 0.000391 0.000315 0.000295 0.000328
968800000.000000 0.898361 0.001309 -0.001345 -0.000541 0.000378 0.000312 0.000315 0.000353
970500000.000000 0.899096 0.001205 -0.002123 -0.000930 0.000412 0.000318 0.000328 0.000310
972200000.000000 0.898826 0.000945 -0.001822 0.000275 0.000371 0.000345 0.000318 0.000332
973900000.000000 0.898583 0.001088 -0.001825 0.000308 0.000387 0.000358 0.000313 0.000305
975500000.000000 0.898578 0.001995 -0.002298 0.000289 0.000341 0.000268 0.000307 0.000311
977200000.000000 0.898406 0.001618 -0.000975 0.000090 0.000367 0.000319 0.000360 0.000277
978900000.000000 0.898021 0.000887 -0.002015 0.000201 0.000340 0.000328 0.000307 0.000321
980500000.000000 0.897672 0.001068 -0.002099 -0.000292 0.000384 0.000275 0.000274 0.000308
982200000.000000 0.896592 0.001152 -0.001425 -0.000597 0.000333 0.000314 0.000349 0.000316
983900000.000000 0.895968 0.001471 -0.002295 -0.000602 0.000373 0.000278 0.000295 0.000273
985600000.000000 0.895248 0.001174 -0.001961 -0.000096 0.000358 0.000305 0.000272 0.000304
987200000.000000 0.896359 0.001489 -0.001898 -0.000073 0.000363 0.000305 0.000337 0.000320
988900000.000000 0.896002 0.001506 -0.002325 -0.000311 0.000356 0.000273 0.000348 0.000321
990600000.000000 0.895772 0.001833 -0.002390 0.000014 0.000385 0.000292 0.000316 0.000298
992200000.000000 0.896193 0.001954 -0.001444 0.000358 0.000361 0.000287 0.000304 0.000301
993900000.000000 0.895638 0.001493 -0.001520 -0.000106 0.000339 0.000304 0.000300 0.000300
995600000.000000 0.895460 0.001636 -0.002123 0.000169 0.000329 0.000296 0.000308 0.000306
997300000.000000 0.894565 0.001711 -0.001559 -0.000206 0.000371 0.000316 0.000263 0.000308
998900000.000000 0.894148 0.001549 -0.002532 -0.000091 0.000401 0.000286 0.000280 0.000261
1000600000.000000 0.895051 0.001733 -0.002171 0.000298 0.000355 0.000312 0.000290 0.000276
1002300000.000000 0.894770 0.001152 -0.002462 -0.000366 0.000422 0.000314 0.000275 0.000289
1003900000.000000 0.893204 0.001769 -0.002177 0.000312 0.000374 0.000312 0.000305 0.000324
1005600000.000000 0.893059 0.002148 -0.001803 0.000110 0.000370 0.000296 0.000350 0.000303
1007300000.000000 0.893610 0.001497 -0.001546 -0.000064 0.000377 0.000350 0.000291 0.000316
1009000000.000000 0.892600 0.001676 -0.001828 0.000305 0.000356 0.000321 0.000363 0.000280
1010600000.000000 0.893339 0.001780 -0.001622 0.000394 0.000386 0.000334 0.000342 0.000283
1012300000.000000 0.892814 0.002710 -0.002345 -0.000289 0.000342 0.000289 0.000284 0.000321
1014000000.000000 0.892878 0.002184 -0.001616 -0.000173 0.000351 0.000293 0.000263 0.000301
1015700000.000000 0.894402 0.002088 -0.001034 0.000258 0.000332 0.000298 0.000306 0.000292
1017300000.000000 0.892718 0.001616 -0.001729 0.000149 0.000347 0.000285 0.000293 0.000302
1019000000.000000 0.892586 0.000962 -0.000973 0.000169 0.000351 0.000311 0.000292 0.000291
1020700000.000000 0.892323 0.000915 -0.001240 0.000374 0.000342 0.000293 0.000296 0.000274
1022300000.000000 0.892690 0.001039 -0.000418 -0.000072 0.000280 0.000312 0.000325 0.000303
1024000000.000000 0.893524 0.001968 -0.001048 -0.000333 0.000341 0.000332 0.000327 0.000282
1025700000.000000 0.892921 0.001828 -0.001388 -0.000482 0.000348 0.000270 0.000297 0.000322
1027400000.000000 0.891999 0.001024 -0.001443 0.000462 0.000348 0.000325 0.000298 0.000282
1029000000.000000 0.889651 0.002886 -0.003931 0.000083 0.000440 0.000353 0.000367 0.000309
1030700000.000000 0.891295 0.002804 -0.003405 0.000134 0.000465 0.000377 0.000362 0.000388
1032400000.000000 0.892923 0.001585 -0.002001 -0.000083 0.000376 0.000328 0.000306 0.000281
1034000000.000000 0.891942 0.001721 -0.001510 -0.000112 0.000336 0.000312 0.000290 0.000313
1035700000.000000 0.891616 0.001679 -0.001301 0.000210 0.000341 0.000286 0.000323 0.000292
1037400000.000000 0.891586 0.002445 -0.000737 -0.000377 0.000341 0.000321 0.000298 0.000294
1039100000.000000 0.891093 0.001618 -0.001160 0.000164 0.000375 0.000305 0.000315 0.000274
1040700000.000000 0.890299 0.001979 -0.001213 -0.000015 0.000337 0.000293 0.000305 0.000353
1042400000.000000 0.890348 0.001266 -0.000762 0.000034 0.000337 0.000281 0.000290 0.000295
1044100000.000000 0.888933 0.001947 -0.001022 0.000073 0.000342 0.000316 0.000325 0.000323
1045700000.000000 0.888967 0.001374 -0.000478 -0.000007 0.000370 0.000285 0.000290 0.000298
1047400000.000000 0.888697 0.002324 -0.000779 0.000388 0.000336 0.000280 0.000315 0.000356
1049100000.000000 0.888741 0.001573 -0.000896 -0.000616 0.000417 0.000304 0.000298 0.000316
1050800000.000000 0.888985 0.001985 -0.000827 -0.000351 0.000353 0.000275 0.000284 0.000289
1052400000.000000 0.888435 0.001614 -0.001496 -0.000343 0.000361 0.000298 0.000291 0.000288
1054100000.000000 0.888826 0.002009 -0.000658 0.000703 0.000351 0.000291 0.000298 0.000258
1055800000.000000 0.888239 0.002115 -0.001159 0.000423 0.000357 0.000289 0.000300 0.000316
1057400000.000000 0.888656 0.001887 -0.001196 0.000066 0.000365 0.000278 0.000288 0.000261
1059100000.000000 0.888945 0.001420 -0.000921 -0.000369 0.000338 0.000276 0.000304 0.000326
1060800000.000000 0.887843 0.001790 -0.000818 -0.000208 0.000329 0.000280 0.000277 0.000284
1062500000.000000 0.888067 0.002346 -0.001345 0.000281 0.000364 0.000261 0.000320 0.000316
1064100000.000000 0.888095 0.001662 -0.001328 0.000179 0.000373 0.000298 0.000276 0.000265
1065800000.000000 0.887794 0.001932 -0.000872 -0.000278 0.000307 0.000276 0.000280 0.000287
1067500000.000000 0.887818 0.001527 -0.001556 -0.000034 0.000362 0.000324 0.000317 0.000284
1069200000.000000 0.887362 0.000980 -0.000898 -0.000270 0.000342 0.000300 0.000304 0.000279
1070800000.000000 0.886995 0.001401 -0.001477 0.000089 0.000371 0.000273 0.000313 0.000311
1072500000.000000 0.886197 0.002101 -0.001230 0.000175 0.000358 0.000260 0.000312 0.000272
1074200000.000000 0.886646 0.001121 -0.001714 -0.000011 0.000362 0.000286 0.000278 0.000289
1075800000.000000 0.887326 0.002049 -0.000570 0.000069 0.000367 0.000326 0.000279 0.000264
1077500000.000000 0.887633 0.001449 -0.000101 0.000182 0.000320 0.000252 0.000271 0.000291
1079200000.000000 0.887928 0.000966 -0.000369 -0.000207 0.000334 0.000280 0.000313 0.000306
1080900000.000000 0.886395 0.001183 -0.000970 -0.000011 0.000327 0.000293 0.000290 0.000286
1082500000.000000 0.884240 0.001571 -0.002344 0.000157 0.000367 0.000284 0.000321 0.000313
1084200000.000000 0.885114 0.001635 -0.002726 -0.000279 0.000356 0.000282 0.000314 0.000277
1085900000.000000 0.885442 0.001673 -0.001958 0.000495 0.000365 0.000289 0.000330 0.000293
1087500000.000000 0.898180 -0.001067 -0.000935 0.000349 0.001018 0.000792 0.000847 0.000786
1092600000.000000 0.891097 0.002000 -0.002051 0.000329 0.000897 0.000640 0.000624 0.000650
1094200000.000000 0.885823 0.001329 -0.000230 0.000114 0.000395 0.000279 0.000299 0.000265
1095900000.000000 0.885219 0.000908 -0.000441 -0.000260 0.000359 0.000282 0.000285 0.000274
1097600000.000000 0.884320 0.001467 -0.000750 -0.000333 0.000376 0.000275 0.000301 0.000295
1099200000.000000 0.884777 0.001764 -0.000328 -0.000046 0.000340 0.000296 0.000326 0.000301
1100900000.000000 0.885097 0.001640 -0.000375 -0.000290 0.000290 0.000273 0.000319 0.000246
1102600000.000000 0.884802 0.001584 -0.001855 0.000384 0.000391 0.000369 0.000336 0.000320
1104300000.000000 0.885499 0.001686 -0.000842 0.000195 0.000364 0.000315 0.000295 0.000272
1105900000.000000 0.884512 0.000916 -0.000889 0.000106 0.000361 0.000272 0.000288 0.000315
1107600000.000000 0.883133 0.000819 -0.000346 -0.000275 0.000377 0.000287 0.000318 0.000304
1109300000.000000 0.883964 0.001079 -0.001183 0.000180 0.000345 0.000297 0.000288 0.000258
1110900000.000000 0.883880 0.000999 -0.000466 0.000252 0.000361 0.000302 0.000272 0.000278
1112600000.000000 0.883778 0.001399 -0.000834 -0.000077 0.000414 0.000294 0.000324 0.000305
1114300000.000000 0.884051 0.000325 -0.000305 0.000172 0.000346 0.000277 0.000308 0.000281
1116000000.000000 0.883949 0.001761 -0.000185 -0.000181 0.000357 0.000275 0.000288 0.000250
1117600000.000000 0.883447 0.000930 -0.000652 -0.000043 0.000309 0.000283 0.000298 0.000280
1119300000.000000 0.883157 0.000956 -0.000842 0.000393 0.000336 0.000268 0.000275 0.000272
1121000000.000000 0.882247 0.001770 -0.001297 -0.000342 0.000315 0.000298 0.000275 0.000288
1122700000.000000 0.882993 0.000814 -0.000960 -0.000381 0.000344 0.000300 0.000277 0.000275
1124300000.000000 0.882329 0.001634 -0.001043 0.000084 0.000351 0.000320 0.000304 0.000310
1126000000.000000 0.882735 0.001647 -0.000170 -0.000618 0.000342 0.000279 0.000324 0.000309
1127700000.000000 0.880453 0.001868 -0.001614 -0.000141 0.000359 0.000323 0.000329 0.000306
1129300000.000000 0.882493 0.001386 -0.000043 -0.000053 0.000356 0.000318 0.000297 0.000279
1131000000.000000 0.882279 0.001058 -0.000486 0.000198 0.000306 0.000306 0.000261 0.000273
1132700000.000000 0.882425 0.000604 -0.000319 0.000089 0.000342 0.000278 0.000253 0.000247
1134400000.000000 0.883115 0.001940 -0.000938 -0.000444 0.000403 0.000281 0.000270 0.000294
1136000000.000000 0.879631 0.002789 -0.003177 -0.000739 0.000577 0.000405 0.000434 0.000383
1137700000.000000 0.879673 0.002187 -0.001995 -0.000002 0.000529 0.000381 0.000364 0.000348
1139400000.000000 0.882123 0.001274 -0.000797 0.000028 0.000328 0.000311 0.000284 0.000249
1141000000.000000 0.881585 0.001542 -0.000725 0.000311 0.000331 0.000303 0.000298 0.000311
1142700000.000000 0.882364 0.001778 -0.000847 -0.000096 0.000360 0.000302 0.000282 0.000311
1144400000.000000 0.883579 0.001365 -0.000576 -0.000028 0.000373 0.000320 0.000327 0.000335
1146100000.000000 0.882394 0.001767 -0.001181 -0.000137 0.000500 0.000323 0.000357 0.000353
1147700000.000000 0.881177 0.001614 -0.000719 -0.000360 0.000458 0.000404 0.000357 0.000321
1149400000.000000 0.881314 0.002301 -0.001231 -0.000008 0.000501 0.000331 0.000362 0.000349
1151100000.000000 0.881457 0.001508 -0.001175 0.000014 0.000398 0.000298 0.000328 0.000342
1152700000.000000 0.881188 0.001921 -0.000603 -0.000321 0.000356 0.000309 0.000316 0.000302
1154400000.000000 0.880627 0.002137 -0.001037 -0.000047 0.000351 0.000298 0.000274 0.000295
1156100000.000000 0.879457 0.002221 -0.001408 0.000381 0.000313 0.000293 0.000278 0.000278
1157800000.000000 0.879953 0.001700 -0.000902 0.000288 0.000352 0.000289 0.000293 0.000274
1159400000.000000 0.881702 0.001322 -0.000478 0.000120 0.000382 0.000311 0.000285 0.000330
1161100000.000000 0.880310 0.002084 -0.000738 -0.000230 0.000405 0.000298 0.000358 0.000357
1162800000.000000 0.880574 0.001624 -0.000825 0.000013 0.000422 0.000301 0.000337 0.000311
1164400000.000000 0.880688 0.001744 -0.000807 -0.000381 0.000413 0.000293 0.000318 0.000302
1166100000.000000 0.880078 0.002086 -0.000148 0.000257 0.000350 0.000298 0.000320 0.000283
1167800000.000000 0.884154 0.001886 -0.001333 -0.000415 0.000437 0.000351 0.000370 0.000407
1169500000.000000 0.887734 0.001837 -0.000158 0.001251 0.001293 0.000982 0.001279 0.001143
1171100000.000000 0.892535 0.006713 -0.018046 0.009399 0.007615 0.006036 0.005248 0.004117
1181200000.000000 0.918485 0.000795 -0.016295 -0.007126 0.021037 0.005307 0.012301 0.008953
1182800000.000000 0.893208 0.005090 -0.000737 0.000066 0.002246 0.001796 0.001817 0.001750
1184500000.000000 0.883161 0.001203 0.000500 0.000534 0.000598 0.000446 0.000510 0.000483
1186200000.000000 0.881232 0.001079 -0.000693 0.000011 0.000400 0.000321 0.000297 0.000319
1187900000.000000 0.878416 0.001763 -0.001785 -0.000004 0.000414 0.000296 0.000317 0.000355
1189500000.000000 0.877616 0.001537 -0.000842 0.000003 0.000404 0.000292 0.000334 0.000387
1191200000.000000 0.875763 0.001866 0.000090 0.000075 0.000527 0.000350 0.000349 0.000351
1192900000.000000 0.878356 0.001557 -0.001364 -0.000335 0.000460 0.000331 0.000360 0.000356
1194500000.000000 0.880124 0.001273 -0.000856 0.000015 0.000402 0.000332 0.000350 0.000310
1196200000.000000 0.878836 0.001781 -0.001218 0.000063 0.000408 0.000318 0.000313 0.000323
1197900000.000000 0.881247 0.001282 -0.001664 -0.000200 0.000413 0.000325 0.000301 0.000343
1199600000.000000 0.880518 0.001021 -0.000068 0.000220 0.000491 0.000354 0.000378 0.000430
1201200000.000000 0.881199 0.001469 -0.000953 0.000028 0.000703 0.000517 0.000535 0.000562
1202900000.000000 0.880477 0.002930 0.000832 0.000715 0.001034 0.000677 0.000825 0.000792
1204600000.000000 0.890566 0.001382 0.001906 0.000436 0.001304 0.000866 0.000977 0.000898
1206200000.000000 0.888013 0.001758 0.002352 -0.000388 0.001577 0.001161 0.001247 0.001490
1207900000.000000 0.884798 0.001839 0.001587 -0.002088 0.001643 0.001000 0.001282 0.001263
1209600000.000000 0.889659 -0.000221 -0.000029 0.000580 0.001383 0.000859 0.000846 0.000839
1211300000.000000 0.880653 0.000013 -0.000207 0.001242 0.000935 0.000690 0.000606 0.000666
1212900000.000000 0.878718 0.001105 0.000126 0.000200 0.000707 0.000440 0.000490 0.000518
1214600000.000000 0.879588 0.001561 -0.000940 -0.000201 0.000457 0.000376 0.000371 0.000398
1216300000.000000 0.879175 0.002106 -0.000898 0.000262 0.000474 0.000328 0.000340 0.000360
1217900000.000000 0.876139 0.001441 -0.001313 -0.000067 0.000448 0.000345 0.000329 0.000335
1219600000.000000 0.878518 0.000272 -0.000460 0.000056 0.000485 0.000377 0.000324 0.000343
1221300000.000000 0.877848 0.000540 -0.000711 -0.000977 0.000490 0.000352 0.000412 0.000432
1223000000.000000 0.877904 0.001162 0.000020 0.000213 0.000566 0.000398 0.000432 0.000459
1224600000.000000 0.881244 0.000525 0.000691 0.000312 0.000646 0.000449 0.000431 0.000517
1226300000.000000 0.878799 0.000516 0.001351 0.001960 0.000804 0.000567 0.000562 0.000634
1228000000.000000 0.872703 0.001400 -0.000191 -0.001859 0.000884 0.000793 0.000818 0.000791
1229700000.000000 0.880635 0.001452 0.001216 -0.000344 0.000700 0.000429 0.000466 0.000558
1231300000.000000 0.877653 0.001134 0.000001 -0.000870 0.000631 0.000404 0.000434 0.000453
1233000000.000000 0.877803 0.000860 -0.000301 -0.000693 0.000580 0.000376 0.000411 0.000437
1234700000.000000 0.876870 0.001676 -0.001028 -0.000151 0.000553 0.000352 0.000370 0.000384
1236300000.000000 0.875856 0.002126 -0.001291 0.001011 0.000474 0.000348 0.000338 0.000411
1238000000.000000 0.875994 0.001943 -0.000789 0.000002 0.000385 0.000331 0.000302 0.000326
1239700000.000000 0.876553 0.001991 -0.000877 -0.000396 0.000382 0.000297 0.000309 0.000323
1241400000.000000 0.877644 0.001598 -0.001087 -0.000121 0.000369 0.000309 0.000304 0.000315
1243000000.000000 0.875375 0.002296 -0.001198 0.000905 0.000555 0.000421 0.000432 0.000442
1244700000.000000 0.876714 0.001542 -0.000087 0.000216 0.000532 0.000366 0.000409 0.000407
1246400000.000000 0.876737 0.001504 0.000207 0.001735 0.000658 0.000427 0.000479 0.000472
1248000000.000000 0.876784 0.002864 -0.003033 -0.000593 0.000540 0.000401 0.000418 0.000404
1249700000.000000 0.878241 0.001763 -0.001327 -0.000290 0.000406 0.000308 0.000330 0.000322
1251400000.000000 0.874745 0.001751 0.000010 -0.000338 0.000373 0.000285 0.000308 0.000287
1253100000.000000 0.875191 0.000851 -0.000092 0.001020 0.000389 0.000329 0.000304 0.000324
1254700000.000000 0.875326 0.001495 -0.000039 0.000064 0.000375 0.000330 0.000329 0.000339
1256400000.000000 0.874878 0.001707 -0.000042 -0.000405 0.000378 0.000267 0.000304 0.000297
1258100000.000000 0.875773 0.001309 -0.000321 -0.000136 0.000334 0.000269 0.000289 0.000299
1259700000.000000 0.876244 0.001306 -0.001452 -0.000520 0.000362 0.000344 0.000307 0.000278
1261400000.000000 0.877805 0.001733 -0.001244 0.000867 0.000571 0.000430 0.000453 0.000400
1263100000.000000 0.882687 0.003071 -0.001227 -0.001245 0.000834 0.000581 0.000723 0.000671
1264800000.000000 0.895800 0.000306 0.003270 -0.001205 0.001697 0.000950 0.001174 0.001071
1266400000.000000 0.882704 0.001103 0.002868 0.000925 0.002543 0.001845 0.002187 0.001806
1268100000.000000 0.869046 0.000857 0.004491 0.001080 0.003622 0.002621 0.003252 0.002454
1269800000.000000 0.882487 -0.001577 0.006410 -0.002454 0.002342 0.002071 0.001845 0.001937
1271400000.000000 0.877532 0.001395 0.001639 0.000311 0.001771 0.001167 0.001425 0.001253
1273100000.000000 0.888192 -0.000436 -0.000507 -0.000158 0.000932 0.000860 0.000811 0.000877
1274800000.000000 0.884604 0.001738 -0.001883 0.000094 0.000770 0.000660 0.000625 0.000644
1276500000.000000 0.880821 0.000983 0.000536 0.000604 0.000964 0.000618 0.000690 0.000692
1278100000.000000 0.873771 -0.000314 -0.001634 0.000209 0.001677 0.000976 0.001217 0.000965
1279800000.000000 0.879350 0.000316 -0.001242 0.000235 0.001118 0.000951 0.000887 0.000920
1281500000.000000 0.872979 0.002355 -0.001686 0.000447 0.000839 0.000665 0.000560 0.000616
1283200000.000000 0.879381 0.002474 -0.001701 0.000136 0.000559 0.000372 0.000375 0.000379
1284800000.000000 0.879545 0.003228 0.000506 -0.000416 0.000564 0.000446 0.000430 0.000425
1286500000.000000 0.883492 0.005533 0.000123 0.001568 0.001759 0.001378 0.001483 0.001352
1288200000.000000 0.883256 0.004975 -0.001969 0.000958 0.002888 0.003453 0.001963 0.002652
1289800000.000000 0.882178 0.000207 0.000181 0.002307 0.002568 0.002523 0.002245 0.002202
1291500000.000000 0.882055 -0.000525 0.000392 -0.000558 0.002669 0.002122 0.001917 0.002211
1293200000.000000 0.881875 0.003384 -0.000257 -0.000848 0.000706 0.000577 0.000674 0.000573
1294900000.000000 0.875650 0.001797 -0.001277 -0.000381 0.000356 0.000306 0.000320 0.000314
1296500000.000000 0.875269 0.001916 -0.001221 0.000369 0.000398 0.000335 0.000302 0.000348
1298200000.000000 0.873939 0.001206 -0.001621 0.000287 0.000338 0.000287 0.000325 0.000291
1299900000.000000 0.873442 0.001846 -0.002356 0.000161 0.000324 0.000288 0.000272 0.000295
1301500000.000000 0.873111 0.002531 -0.001271 -0.000371 0.000332 0.000283 0.000302 0.000289
1303200000.000000 0.873151 0.002003 -0.001509 -0.000064 0.000342 0.000266 0.000260 0.000267
1304900000.000000 0.872340 0.001803 -0.001485 -0.000418 0.000321 0.000270 0.000257 0.000270
1306600000.000000 0.872006 0.001775 -0.001136 0.000068 0.000288 0.000258 0.000273 0.000242
1308200000.000000 0.872544 0.001964 -0.001114 -0.000098 0.000327 0.000258 0.000244 0.000258
1309900000.000000 0.872174 0.001654 -0.001148 -0.000489 0.000286 0.000253 0.000266 0.000252
1311600000.000000 0.871542 0.001681 -0.001648 -0.000023 0.000293 0.000255 0.000257 0.000230
1313200000.000000 0.871896 0.001868 -0.001288 -0.000255 0.000318 0.000250 0.000242 0.000243
1314900000.000000 0.871662 0.001870 -0.001644 0.000173 0.000286 0.000243 0.000252 0.000247
1316600000.000000 0.871676 0.001597 -0.000502 0.000356 0.000290 0.000240 0.000236 0.000242
1318300000.000000 0.871134 0.001411 -0.001473 -0.000181 0.000284 0.000258 0.000239 0.000250
1319900000.000000 0.870788 0.001937 -0.001139 -0.000054 0.000251 0.000234 0.000254 0.000259
1321600000.000000 0.870938 0.001977 -0.001711 0.000075 0.000287 0.000279 0.000258 0.000247
1323300000.000000 0.871851 0.002006 -0.001250 0.000257 0.000310 0.000211 0.000248 0.000259
1324900000.000000 0.871140 0.001865 -0.001991 0.000285 0.000300 0.000252 0.000255 0.000219
1326600000.000000 0.870750 0.001847 -0.001216 -0.000044 0.000295 0.000226 0.000251 0.000245
1328300000.000000 0.871359 0.001976 -0.001768 -0.000116 0.000297 0.000244 0.000251 0.000250
1330000000.000000 0.871313 0.001731 -0.001670 -0.000022 0.000278 0.000240 0.000230 0.000250
1331600000.000000 0.871093 0.001290 -0.001723 -0.000246 0.000297 0.000262 0.000262 0.000276
1333300000.000000 0.870932 0.001912 -0.001026 0.000236 0.000299 0.000243 0.000234 0.000244
1335000000.000000 0.870612 0.001732 -0.001013 -0.000061 0.000292 0.000234 0.000257 0.000258
1336700000.000000 0.870188 0.001557 -0.000877 0.000087 0.000294 0.000240 0.000262 0.000232
1338300000.000000 0.870110 0.001350 -0.001213 0.000224 0.000270 0.000237 0.000227 0.000231
1340000000.000000 0.870615 0.001565 -0.001185 0.000253 0.000281 0.000242 0.000243 0.000246
1341700000.000000 0.870332 0.001233 -0.001499 0.000142 0.000301 0.000241 0.000221 0.000236
1343300000.000000 0.870063 0.001590 -0.000738 -0.000436 0.000293 0.000233 0.000244 0.000245
1345000000.000000 0.870250 0.001619 -0.000930 -0.000014 0.000260 0.000225 0.000231 0.000231
1346700000.000000 0.870153 0.001882 -0.000979 -0.000206 0.000282 0.000251 0.000233 0.000239
1348400000.000000 0.869848 0.001954 -0.001229 0.000068 0.000297 0.000230 0.000275 0.000248
1350000000.000000 0.870731 0.002467 -0.000765 -0.000068 0.000276 0.000236 0.000236 0.000231
1351700000.000000 0.869836 0.001900 -0.001421 0.000015 0.000269 0.000228 0.000228 0.000222
1353400000.000000 0.870328 0.001842 -0.000870 -0.000017 0.000288 0.000252 0.000224 0.000242
1355000000.000000 0.869650 0.002175 -0.001002 -0.000076 0.000308 0.000260 0.000264 0.000243
1356700000.000000 0.870120 0.002240 -0.000932 0.000409 0.000268 0.000235 0.000256 0.000244
1358400000.000000 0.870062 0.002274 -0.000969 -0.000008 0.000275 0.000245 0.000219 0.000243
1360100000.000000 0.869819 0.002223 -0.000808 -0.000183 0.000267 0.000246 0.000234 0.000242
1361700000.000000 0.869318 0.002514 -0.001285 -0.000013 0.000276 0.000242 0.000248 0.000232
1363400000.000000 0.869501 0.002204 -0.000942 0.000191 0.000274 0.000245 0.000239 0.000248
1365100000.000000 0.869467 0.002135 -0.001040 0.000036 0.000275 0.000240 0.000245 0.000249
1366700000.000000 0.868834 0.001757 -0.000933 -0.000370 0.000287 0.000250 0.000246 0.000246
1368400000.000000 0.869203 0.001906 -0.001324 0.000546 0.000293 0.000248 0.000241 0.000233
1370100000.000000 0.869458 0.002133 -0.000444 -0.000503 0.000302 0.000228 0.000257 0.000217
1371800000.000000 0.869403 0.002582 -0.000787 0.000002 0.000281 0.000245 0.000255 0.000211
1373400000.000000 0.868616 0.002648 -0.000911 0.000007 0.000280 0.000248 0.000229 0.000232
1375100000.000000 0.868538 0.002992 -0.001231 0.000275 0.000263 0.000228 0.000225 0.000252
1376800000.000000 0.869047 0.001992 -0.001239 -0.000051 0.000284 0.000241 0.000244 0.000249
1378400000.000000 0.868655 0.001906 -0.001409 0.000166 0.000301 0.000266 0.000253 0.000237
1380100000.000000 0.868445 0.002227 -0.001284 -0.000235 0.000255 0.000224 0.000255 0.000225
1381800000.000000 0.868518 0.002741 -0.001142 -0.000173 0.000291 0.000211 0.000244 0.000253
1383500000.000000 0.868764 0.002323 -0.000403 0.000012 0.000285 0.000228 0.000263 0.000236
1385100000.000000 0.868354 0.002962 -0.000729 -0.000139 0.000286 0.000241 0.000219 0.000232
1386800000.000000 0.868632 0.002464 -0.000848 -0.000313 0.000276 0.000232 0.000226 0.000228
1388500000.000000 0.868420 0.002637 -0.000911 0.000304 0.000285 0.000239 0.000233 0.000221
1390200000.000000 0.868375 0.002977 0.000037 0.000295 0.000290 0.000248 0.000251 0.000232
1391800000.000000 0.868620 0.002598 -0.001131 -0.000296 0.000269 0.000235 0.000247 0.000251
1393500000.000000 0.867774 0.002908 0.000363 -0.000119 0.000290 0.000247 0.000282 0.000239
1395200000.000000 0.868212 0.002969 -0.000498 0.000214 0.000278 0.000214 0.000241 0.000229
1396800000.000000 0.867980 0.002793 -0.000379 0.000422 0.000286 0.000237 0.000262 0.000232
1398500000.000000 0.868196 0.003162 -0.000347 0.000062 0.000296 0.000241 0.000233 0.000228
1400200000.000000 0.867949 0.002799 0.000063 0.000116 0.000264 0.000223 0.000258 0.000259
1401900000.000000 0.867890 0.003022 -0.000363 -0.000052 0.000260 0.000252 0.000223 0.000223
1403500000.000000 0.867628 0.002978 -0.000650 0.000069 0.000274 0.000224 0.000260 0.000242
1405200000.000000 0.867846 0.002702 -0.000119 0.000054 0.000292 0.000249 0.000229 0.000231
1406900000.000000 0.867515 0.003026 0.000218 0.000278 0.000279 0.000226 0.000254 0.000234
1408500000.000000 0.867485 0.003075 -0.000312 -0.000462 0.000276 0.000244 0.000237 0.000226
1410200000.000000 0.867516 0.003349 0.000013 -0.000008 0.000273 0.000244 0.000257 0.000262
1411900000.000000 0.867317 0.003199 0.000185 0.000395 0.000291 0.000232 0.000250 0.000251
1413600000.000000 0.867460 0.003109 -0.000017 -0.000412 0.000290 0.000213 0.000238 0.000216
1415200000.000000 0.867767 0.003227 0.000125 0.000060 0.000277 0.000251 0.000221 0.000259
1416900000.000000 0.867541 0.003376 0.000292 -0.000002 0.000271 0.000238 0.000242 0.000220
1423600000.000000 0.867406 0.003410 0.000337 -0.000089 0.000274 0.000243 0.000228 0.000240
1425300000.000000 0.867176 0.002952 -0.000280 0.000302 0.000271 0.000222 0.000258 0.000244
1426900000.000000 0.867533 0.003311 0.000316 -0.000350 0.000273 0.000231 0.000242 0.000253
1428600000.000000 0.866609 0.003264 0.000052 0.000018 0.000303 0.000238 0.000227 0.000247
1430300000.000000 0.867460 0.002959 0.000699 0.000123 0.000276 0.000223 0.000242 0.000210
1431900000.000000 0.867445 0.003231 -0.000266 -0.000032 0.000279 0.000252 0.000233 0.000216
1433600000.000000 0.867468 0.003274 0.000027 0.000025 0.000283 0.000227 0.000254 0.000253
1435300000.000000 0.866598 0.003222 0.000539 0.000222 0.000294 0.000266 0.000242 0.000240
1437000000.000000 0.866704 0.003372 0.000153 -0.000180 0.000292 0.000248 0.000244 0.000226
1438600000.000000 0.866680 0.003051 0.000180 -0.000014 0.000272 0.000237 0.000243 0.000272
1440300000.000000 0.866745 0.003520 0.000353 0.000230 0.000277 0.000233 0.000252 0.000226
1442000000.000000 0.866358 0.003442 -0.000150 0.000229 0.000274 0.000244 0.000243 0.000261
1443700000.000000 0.866808 0.003472 0.000163 -0.000241 0.000274 0.000230 0.000239 0.000238
1445300000.000000 0.866606 0.003645 0.000040 -0.000029 0.000291 0.000245 0.000241 0.000239
1447000000.000000 0.866648 0.003404 0.000583 0.000228 0.000316 0.000245 0.000235 0.000253
1448700000.000000 0.866242 0.003659 0.000154 -0.000145 0.000293 0.000237 0.000253 0.000241
1450300000.000000 0.866073 0.003360 -0.000617 -0.000053 0.000263 0.000224 0.000220 0.000237
1452000000.000000 0.866389 0.004099 0.000745 -0.000289 0.000281 0.000253 0.000255 0.000260
1453700000.000000 0.866503 0.003495 -0.000248 0.000228 0.000269 0.000250 0.000232 0.000231
1455400000.000000 0.866364 0.003506 -0.000169 0.000191 0.000296 0.000249 0.000250 0.000258
1457000000.000000 0.866109 0.003317 0.000270 0.000150 0.000301 0.000226 0.000233 0.000231
1458700000.000000 0.865891 0.004228 -0.000017 0.000668 0.000270 0.000244 0.000253 0.000243
1460400000.000000 0.866483 0.004010 0.000575 -0.000222 0.000293 0.000213 0.000238 0.000225
1462000000.000000 0.865831 0.003849 0.000556 -0.000141 0.000281 0.000243 0.000248 0.000239
1463700000.000000 0.865906 0.003847 0.000189 -0.000161 0.000274 0.000228 0.000224 0.000244
1465400000.000000 0.866096 0.003688 0.000544 -0.000302 0.000310 0.000220 0.000216 0.000247
1467100000.000000 0.865552 0.003455 0.000175 0.000162 0.000279 0.000255 0.000238 0.000211
1468700000.000000 0.865378 0.003759 0.000585 -0.000097 0.000272 0.000209 0.000226 0.000231
1470400000.000000 0.865888 0.004088 0.000744 0.000189 0.000287 0.000256 0.000246 0.000226
1472100000.000000 0.864978 0.003680 0.000466 0.000394 0.000277 0.000260 0.000246 0.000219
1473700000.000000 0.865971 0.003799 0.000737 0.000363 0.000283 0.000239 0.000235 0.000218
1475400000.000000 0.865721 0.003836 0.000276 -0.000464 0.000281 0.000243 0.000246 0.000251
1477100000.000000 0.865981 0.004317 0.000940 -0.000184 0.000287 0.000242 0.000247 0.000225
1478800000.000000 0.865646 0.004129 0.000070 -0.000103 0.000277 0.000231 0.000239 0.000248
1480400000.000000 0.865575 0.003702 0.000562 0.000039 0.000296 0.000226 0.000260 0.000238
1482100000.000000 0.865412 0.003832 0.000027 0.000217 0.000306 0.000240 0.000248 0.000245
1483800000.000000 0.865374 0.003356 0.000885 0.000274 0.000291 0.000229 0.000223 0.000242
1485400000.000000 0.865080 0.003586 0.000782 -0.000246 0.000282 0.000238 0.000218 0.000240
1487100000.000000 0.865192 0.003756 0.000618 0.000234 0.000289 0.000239 0.000258 0.000249
1488800000.000000 0.865272 0.004330 0.000955 -0.000007 0.000301 0.000240 0.000246 0.000228
1490500000.000000 0.865385 0.003756 0.000433 0.000252 0.000263 0.000223 0.000242 0.000235
1492100000.000000 0.865218 0.004181 0.000438 0.000183 0.000286 0.000263 0.000245 0.000229
1493800000.000000 0.865027 0.003900 0.000993 0.000093 0.000291 0.000243 0.000241 0.000246
1495500000.000000 0.864750 0.004078 0.000767 -0.000178 0.000281 0.000243 0.000257 0.000246
1497200000.000000 0.864886 0.004214 0.001122 -0.000562 0.000290 0.000239 0.000235 0.000221
1498800000.000000 0.864707 0.003857 0.000854 0.000115 0.000295 0.000237 0.000231 0.000233
1500500000.000000 0.864877 0.004155 0.000489 -0.000018 0.000300 0.000229 0.000247 0.000229
1502200000.000000 0.864879 0.004107 0.000779 -0.000135 0.000310 0.000254 0.000256 0.000246
1503800000.000000 0.864560 0.003502 0.000411 0.000058 0.000291 0.000252 0.000215 0.000246
1505500000.000000 0.864631 0.003602 0.000748 0.000441 0.000283 0.000246 0.000234 0.000263
1507200000.000000 0.864481 0.003479 0.000363 -0.000095 0.000279 0.000221 0.000239 0.000236
1508900000.000000 0.864422 0.003096 0.000380 -0.000027 0.000285 0.000244 0.000246 0.000249
1510500000.000000 0.864284 0.003738 0.000062 -0.000222 0.000275 0.000223 0.000240 0.000224
1512200000.000000 0.864265 0.003840 0.000829 0.000095 0.000296 0.000235 0.000258 0.000257
1513900000.000000 0.864030 0.004099 0.000052 -0.000466 0.000273 0.000252 0.000228 0.000252
1515500000.000000 0.864643 0.003566 0.000413 0.000064 0.000294 0.000250 0.000243 0.000254
1517200000.000000 0.866505 0.003945 0.000192 0.000192 0.000322 0.000261 0.000268 0.000262
1518900000.000000 0.867491 0.004152 -0.000013 0.000099 0.000369 0.000307 0.000275 0.000298
1520600000.000000 0.864835 0.004099 0.000344 0.000122 0.000341 0.000274 0.000250 0.000271
1522200000.000000 0.864339 0.003486 0.000438 0.000202 0.000313 0.000227 0.000233 0.000233
1523900000.000000 0.878889 0.004176 0.000408 0.000367 0.000561 0.000393 0.000483 0.000449
1525600000.000000 0.879040 0.002639 -0.000761 0.001642 0.000814 0.000600 0.000635 0.000634
1527200000.000000 0.878466 0.003308 0.000727 -0.000018 0.000951 0.000632 0.000563 0.000681
1528900000.000000 0.879059 0.003317 0.000911 0.000124 0.000779 0.000634 0.000589 0.000656
1530600000.000000 0.875091 0.004664 0.001114 -0.000339 0.000872 0.000611 0.000626 0.000735
1532300000.000000 0.879131 0.003071 0.001592 0.000520 0.001042 0.000557 0.000550 0.000619
1533900000.000000 0.880222 0.002834 0.001878 0.000008 0.000612 0.000455 0.000441 0.000422
1535600000.000000 0.877354 0.003386 -0.000005 -0.000648 0.000516 0.000434 0.000487 0.000429
1537300000.000000 0.883917 0.002769 -0.000026 0.000259 0.000786 0.000581 0.000588 0.000579
1538900000.000000 0.884502 0.004492 -0.000480 -0.000734 0.001855 0.001667 0.001476 0.001411
1540600000.000000 0.890755 0.001274 -0.000310 -0.000037 0.002767 0.001557 0.001651 0.002005
1542300000.000000 0.874591 0.003502 -0.000203 0.000167 0.000729 0.000604 0.000566 0.000610
1544000000.000000 0.872987 0.003137 -0.000506 0.000186 0.000805 0.000503 0.000524 0.000591
1545600000.000000 0.875722 0.001691 0.001363 0.000142 0.001075 0.000663 0.000667 0.000791
1547300000.000000 0.875152 0.003608 -0.000398 -0.000125 0.000571 0.000394 0.000412 0.000404
1549000000.000000 0.870360 0.003711 -0.000611 0.000538 0.000469 0.000329 0.000315 0.000402
1550700000.000000 0.871431 0.003160 -0.000150 0.000247 0.000756 0.000502 0.000484 0.000553
1552300000.000000 0.870052 0.003307 -0.001120 0.000008 0.000786 0.000621 0.000443 0.000590
1554000000.000000 0.872799 0.003539 -0.000266 -0.000895 0.000680 0.000500 0.000456 0.000559
1555700000.000000 0.864307 0.002997 -0.000694 0.000719 0.000385 0.000297 0.000305 0.000299
1557300000.000000 0.865782 0.003032 -0.000704 -0.000741 0.000482 0.000361 0.000400 0.000403
1559000000.000000 0.856289 -0.001093 -0.004175 0.003649 0.003140 0.002256 0.002422 0.002763
1560700000.000000 0.864767 0.012111 -0.009634 0.013324 0.025790 0.007765 0.009765 0.009406
1562400000.000000 0.854564 0.000586 0.001603 -0.000065 0.003169 0.002072 0.001754 0.001956
1564000000.000000 0.865043 0.003551 -0.000463 0.000025 0.000463 0.000328 0.000341 0.000365
1565700000.000000 0.863072 0.003439 -0.000131 -0.000244 0.000386 0.000272 0.000264 0.000292
1567400000.000000 0.863715 0.003478 -0.000280 -0.000291 0.000421 0.000275 0.000335 0.000317
1569000000.000000 0.863192 0.003345 0.000127 -0.000427 0.000482 0.000365 0.000351 0.000378
1570700000.000000 0.865156 0.003765 0.000118 0.000263 0.000511 0.000334 0.000379 0.000367
1572400000.000000 0.865610 0.002401 -0.001628 -0.000119 0.000671 0.000487 0.000495 0.000550
1577400000.000000 0.848065 0.001857 -0.010552 0.001175 0.010261 0.004714 0.004287 0.006014
1579100000.000000 0.865572 0.004069 -0.000772 -0.000204 0.000534 0.000354 0.000380 0.000439
1580700000.000000 0.863214 0.003001 -0.000640 -0.000130 0.000482 0.000356 0.000343 0.000384
1582400000.000000 0.862687 0.003064 -0.000113 0.000252 0.000426 0.000309 0.000315 0.000357
1584100000.000000 0.862906 0.003403 0.000003 0.000274 0.000375 0.000272 0.000269 0.000258
1585800000.000000 0.862506 0.003404 -0.000880 -0.000116 0.000358 0.000278 0.000306 0.000269
1587400000.000000 0.863508 0.003229 -0.000356 0.000100 0.000395 0.000325 0.000365 0.000323
1589100000.000000 0.865551 0.003356 0.000863 0.001817 0.001417 0.001104 0.001280 0.000995
1590800000.000000 0.858179 0.001989 0.000620 0.002489 0.002624 0.002010 0.002183 0.002131
1592400000.000000 0.866628 0.002100 -0.001089 -0.002407 0.001437 0.000693 0.000760 0.000736
1594100000.000000 0.863700 0.003033 -0.000095 -0.000311 0.000574 0.000299 0.000304 0.000301
1595800000.000000 0.863679 0.002954 -0.000220 -0.000160 0.000377 0.000289 0.000310 0.000300
1597500000.000000 0.861124 0.002309 -0.000722 0.000517 0.000689 0.000315 0.000358 0.000363
1599100000.000000 0.864240 0.003403 -0.000859 0.000256 0.000577 0.000289 0.000316 0.000332
1600800000.000000 0.865162 0.002393 -0.000678 -0.000112 0.000505 0.000363 0.000387 0.000350
1602500000.000000 0.864932 0.001845 0.001217 0.000412 0.000687 0.000397 0.000413 0.000402
1604200000.000000 0.865428 0.003199 -0.001269 0.000026 0.000558 0.000351 0.000440 0.000374
1605800000.000000 0.861801 0.003072 -0.000982 -0.000035 0.000428 0.000275 0.000311 0.000323
1607500000.000000 0.861224 0.003593 -0.000648 -0.000214 0.000311 0.000257 0.000247 0.000240
1609200000.000000 0.861194 0.003288 -0.000730 -0.000147 0.000279 0.000227 0.000225 0.000233
1610800000.000000 0.860765 0.003438 -0.000835 0.000219 0.000275 0.000243 0.000255 0.000248
1612500000.000000 0.860831 0.003280 -0.001174 0.000189 0.000302 0.000221 0.000243 0.000237
1614200000.000000 0.860464 0.003599 -0.001005 -0.000187 0.000296 0.000227 0.000221 0.000226
1615900000.000000 0.860844 0.003585 -0.000719 -0.000349 0.000296 0.000211 0.000228 0.000219
1617500000.000000 0.860054 0.003289 -0.001497 0.000338 0.000415 0.000289 0.000286 0.000250
1619200000.000000 0.861896 0.002849 -0.001565 -0.000477 0.000425 0.000311 0.000315 0.000353
1620900000.000000 0.855626 0.002932 -0.001402 -0.000294 0.000542 0.000423 0.000411 0.000402
1622500000.000000 0.853330 0.002339 -0.002066 -0.000260 0.001041 0.000711 0.000777 0.000750
1624200000.000000 0.847794 0.003355 0.000245 0.002884 0.001399 0.000940 0.001011 0.001020
1625900000.000000 0.850412 0.021522 0.008641 0.013687 0.006968 0.004887 0.006787 0.010138
1627600000.000000 0.854885 0.007955 0.007988 -0.005406 0.004374 0.003431 0.003260 0.002882
1629200000.000000 0.859751 0.003380 -0.000403 -0.000293 0.000333 0.000225 0.000243 0.000225
1630900000.000000 0.860036 0.003196 -0.000611 0.000239 0.000323 0.000238 0.000228 0.000250
1632600000.000000 0.860329 0.003009 -0.000938 0.000127 0.000315 0.000244 0.000283 0.000257
1634200000.000000 0.860208 0.002635 -0.001185 -0.000123 0.000297 0.000233 0.000220 0.000252
1635900000.000000 0.859433 0.002505 -0.000713 0.000127 0.000295 0.000257 0.000238 0.000249
1637600000.000000 0.858687 0.002861 -0.000991 0.000266 0.000351 0.000227 0.000260 0.000239
1639300000.000000 0.860954 0.003298 -0.000834 -0.000378 0.000314 0.000226 0.000240 0.000251
1640900000.000000 0.859461 0.003023 -0.001061 -0.000081 0.000314 0.000262 0.000246 0.000220
1642600000.000000 0.859188 0.003498 -0.001306 0.000073 0.000320 0.000238 0.000259 0.000253
1644300000.000000 0.857415 0.003157 -0.001450 0.000146 0.000336 0.000246 0.000251 0.000257
1645900000.000000 0.859660 0.003180 -0.001648 -0.000079 0.000314 0.000234 0.000233 0.000240
1647600000.000000 0.858060 0.003241 -0.002345 0.000302 0.000328 0.000259 0.000262 0.000278
