# # SwiftJ1727 QU data (ejecta/component1) converted from polkat JSON output
# # Date (ISO): 2024-02-25T03:22:42.200000
# # Columns: freq(Hz) I(Jy) Q(Jy) U(Jy) V(Jy) dI(Jy) dQ(Jy) dU(Jy) dV(Jy)
# 
902799438.476562 0.001738 0.000231 -0.000138 -0.000251 0.000181 0.000164 0.000148 0.000162
916174438.476562 0.001488 0.000066 0.000313 -0.000105 0.000148 0.000118 0.000124 0.000126
929549438.476562 0.001619 -0.000065 -0.000161 0.000143 0.000159 0.000153 0.000141 0.000139
942924438.476562 0.001695 0.000076 -0.000328 -0.000139 0.000822 0.000832 0.000826 0.000747
956299438.476562 0.001573 -0.000051 0.000059 -0.000161 0.000158 0.000140 0.000146 0.000154
969674438.476562 0.001163 0.000089 0.000092 0.000023 0.000124 0.000101 0.000113 0.000098
983049438.476562 0.001383 0.000173 0.000060 0.000162 0.000123 0.000113 0.000104 0.000099
996424438.476562 0.001583 -0.000018 -0.000025 -0.000111 0.000119 0.000114 0.000107 0.000099
1009799438.476560 0.001300 0.000128 -0.000156 -0.000116 0.000114 0.000107 0.000106 0.000096
1023174438.476560 0.001508 0.000193 -0.000071 0.000096 0.000116 0.000107 0.000092 0.000108
1036549438.476560 0.001328 0.000169 -0.000052 0.000114 0.000109 0.000095 0.000115 0.000103
1049924438.476560 0.001556 0.000044 0.000007 0.000055 0.000105 0.000100 0.000109 0.000104
1063299438.476560 0.001281 0.000007 0.000204 -0.000180 0.000114 0.000103 0.000106 0.000089
1076674438.476560 0.001539 0.000245 -0.000040 -0.000201 0.000103 0.000100 0.000098 0.000089
1090049438.476560 0.001435 -0.000000 0.000184 0.000125 0.000101 0.000104 0.000103 0.000103
1103424438.476560 0.001277 0.000194 -0.000065 0.000063 0.000103 0.000090 0.000099 0.000099
1116799438.476560 0.001222 -0.000001 0.000075 0.000130 0.000119 0.000108 0.000096 0.000106
1130174438.476560 0.001249 0.000149 -0.000131 0.000116 0.000101 0.000095 0.000103 0.000090
1143549438.476560 0.001251 0.000136 -0.000206 -0.000065 0.000113 0.000105 0.000112 0.000094
1156924438.476560 0.001237 0.000118 0.000043 -0.000022 0.000114 0.000102 0.000103 0.000106
1170299438.476560 0.001568 0.000197 -0.000324 0.000143 0.000164 0.000177 0.000180 0.000162
1183674438.476560 0.001188 -0.000200 0.000056 0.000037 0.000171 0.000169 0.000160 0.000163
1197049438.476560 0.001206 0.000041 -0.000076 -0.000068 0.000170 0.000152 0.000153 0.000156
1210424438.476560 0.001489 0.000202 0.000105 -0.000109 0.000211 0.000190 0.000212 0.000210
1223799438.476560 0.001207 -0.000084 0.000454 0.000089 0.000162 0.000147 0.000141 0.000160
1237174438.476560 0.001463 -0.000006 0.000166 -0.000084 0.000142 0.000130 0.000120 0.000127
1250549438.476560 0.001386 0.000177 0.000092 -0.000271 0.000128 0.000121 0.000127 0.000136
1263924438.476560 0.001030 0.000323 -0.000286 0.000272 0.000176 0.000157 0.000182 0.000174
1277299438.476560 0.001393 0.000157 0.000258 -0.000057 0.000217 0.000184 0.000201 0.000199
1290674438.476560 0.001213 0.000090 0.000018 0.000139 0.000125 0.000118 0.000107 0.000121
1304049438.476560 0.001159 0.000100 0.000077 -0.000138 0.000098 0.000090 0.000086 0.000092
1317424438.476560 0.001200 0.000138 0.000008 -0.000006 0.000089 0.000083 0.000085 0.000082
1330799438.476560 0.001143 0.000152 0.000066 0.000250 0.000088 0.000083 0.000087 0.000079
1344174438.476560 0.001002 0.000115 -0.000017 -0.000004 0.000092 0.000087 0.000088 0.000080
1357549438.476560 0.001108 0.000246 -0.000160 0.000041 0.000082 0.000081 0.000094 0.000080
1370924438.476560 0.001180 0.000121 0.000113 -0.000013 0.000089 0.000084 0.000080 0.000086
1384299438.476560 0.001232 -0.000032 -0.000062 -0.000095 0.000087 0.000081 0.000080 0.000079
1397674438.476560 0.001092 0.000137 -0.000017 -0.000172 0.000084 0.000086 0.000082 0.000084
1411049438.476560 0.000935 0.000184 0.000087 0.000031 0.000088 0.000079 0.000089 0.000072
1424424438.476560 0.001147 0.000171 -0.000021 0.000098 0.000109 0.000106 0.000111 0.000102
1437799438.476560 0.001210 0.000062 0.000156 0.000025 0.000085 0.000084 0.000080 0.000081
1451174438.476560 0.001119 0.000025 0.000068 0.000208 0.000095 0.000091 0.000088 0.000080
1464549438.476560 0.001078 0.000111 0.000019 0.000018 0.000086 0.000085 0.000084 0.000085
1477924438.476560 0.001193 0.000208 0.000094 0.000006 0.000081 0.000087 0.000084 0.000090
1491299438.476560 0.001071 0.000074 0.000134 0.000087 0.000083 0.000085 0.000086 0.000086
1504674438.476560 0.000985 -0.000037 0.000073 0.000027 0.000090 0.000095 0.000092 0.000092
1518049438.476560 0.001063 0.000051 -0.000207 0.000009 0.000136 0.000133 0.000122 0.000136
1531424438.476560 0.001863 0.000117 -0.000425 0.000323 0.000228 0.000259 0.000260 0.000255
1544799438.476560 0.001588 0.000215 0.000075 0.000925 0.000331 0.000339 0.000339 0.000351
1558174438.476560 0.001146 0.000094 0.000090 -0.000210 0.000199 0.000175 0.000173 0.000193
1571549438.476560 0.001377 -0.000342 0.000181 0.000128 0.000163 0.000155 0.000160 0.000160
1584924438.476560 0.000705 0.000223 -0.000029 0.000111 0.000138 0.000139 0.000126 0.000132
1598299438.476560 0.001272 0.000078 -0.000268 -0.000014 0.000174 0.000164 0.000157 0.000168
1611674438.476560 0.000924 0.000178 0.000191 0.000134 0.000101 0.000093 0.000104 0.000093
1625049438.476560 0.001157 0.000206 -0.000124 -0.000254 0.000153 0.000158 0.000175 0.000178
1638424438.476560 0.001080 0.000100 0.000221 -0.000050 0.000086 0.000096 0.000091 0.000093
1651799438.476560 0.001334 0.000127 -0.000124 -0.000130 0.000179 0.000197 0.000184 0.000177
