# # SwiftJ1727 QU data converted from polkat JSON output
# # Date (ISO): 2023-09-06T15:06:41.000000
# # Columns: freq(Hz) I(Jy) Q(Jy) U(Jy) V(Jy) dI(Jy) dQ(Jy) dU(Jy) dV(Jy)
# 
899364257.812500 0.105140 0.000871 -0.000321 -0.000353 0.000489 0.000425 0.000473 0.000408
906051757.812500 0.105999 0.000312 -0.000344 -0.000215 0.000195 0.000164 0.000170 0.000155
912739257.812500 0.105626 0.000102 -0.000305 0.000010 0.000197 0.000165 0.000170 0.000166
919426757.812500 0.105800 0.000379 0.000177 0.000211 0.000185 0.000154 0.000144 0.000136
926114257.812500 0.105422 0.000313 0.000001 0.000038 0.000186 0.000143 0.000149 0.000145
932801757.812500 0.105733 0.000723 0.000051 -0.000195 0.000262 0.000210 0.000226 0.000204
946176757.812500 0.105490 -0.000142 0.000021 -0.000126 0.000381 0.000287 0.000279 0.000283
952864257.812500 0.105096 0.000246 0.000208 -0.000058 0.000191 0.000151 0.000139 0.000135
959551757.812500 0.104739 0.000240 -0.000011 0.000034 0.000171 0.000151 0.000140 0.000149
966239257.812500 0.104827 0.000215 0.000259 -0.000019 0.000181 0.000152 0.000150 0.000131
972926757.812500 0.104820 -0.000126 0.000106 -0.000184 0.000176 0.000168 0.000142 0.000136
979614257.812500 0.104516 0.000117 0.000117 -0.000022 0.000157 0.000136 0.000143 0.000130
986301757.812500 0.104525 0.000236 -0.000181 -0.000322 0.000184 0.000141 0.000141 0.000130
992989257.812500 0.104043 0.000296 0.000024 -0.000017 0.000176 0.000136 0.000131 0.000127
999676757.812500 0.103979 0.000414 0.000111 -0.000058 0.000176 0.000130 0.000147 0.000138
1006364257.812500 0.103885 0.000207 0.000044 0.000092 0.000177 0.000132 0.000134 0.000144
1013051757.812500 0.103937 -0.000116 -0.000213 -0.000055 0.000171 0.000137 0.000142 0.000119
1019739257.812500 0.103591 0.000252 0.000181 0.000058 0.000160 0.000134 0.000133 0.000127
1026426757.812500 0.103160 0.000238 0.000004 0.000104 0.000179 0.000142 0.000144 0.000150
1033114257.812500 0.102908 0.000264 -0.000409 -0.000226 0.000179 0.000160 0.000146 0.000143
1039801757.812500 0.103009 0.000281 0.000111 0.000046 0.000165 0.000141 0.000139 0.000146
1046489257.812500 0.103136 -0.000006 -0.000114 -0.000241 0.000162 0.000156 0.000145 0.000144
1053176757.812500 0.103273 0.000062 -0.000322 -0.000044 0.000169 0.000131 0.000141 0.000120
1059864257.812500 0.103012 0.000463 -0.000140 -0.000098 0.000161 0.000132 0.000146 0.000135
1066551757.812500 0.103086 -0.000104 -0.000005 -0.000022 0.000170 0.000114 0.000134 0.000125
1073239257.812500 0.103007 0.000222 0.000097 -0.000346 0.000181 0.000135 0.000149 0.000135
1079926757.812500 0.102782 0.000457 -0.000064 -0.000130 0.000163 0.000143 0.000142 0.000144
1086614257.812500 0.101967 0.000398 -0.000530 0.000298 0.000230 0.000194 0.000189 0.000188
1093301757.812500 0.101513 0.001111 -0.000591 0.000210 0.000217 0.000193 0.000203 0.000200
1099989257.812500 0.102008 0.000574 -0.000296 -0.000269 0.000169 0.000135 0.000128 0.000126
1106676757.812500 0.102136 0.000451 -0.000180 -0.000231 0.000168 0.000136 0.000131 0.000139
1113364257.812500 0.102328 0.000505 0.000068 -0.000031 0.000159 0.000122 0.000127 0.000126
1120051757.812500 0.102182 0.000116 -0.000017 0.000011 0.000167 0.000137 0.000137 0.000132
1126739257.812500 0.102085 0.000195 0.000103 -0.000187 0.000154 0.000132 0.000143 0.000147
1133426757.812500 0.101233 0.000413 -0.000046 0.000080 0.000152 0.000147 0.000125 0.000125
1140114257.812500 0.101529 -0.000053 -0.000343 -0.000287 0.000170 0.000129 0.000146 0.000138
1146801757.812500 0.100214 0.000286 -0.000034 -0.000160 0.000178 0.000146 0.000144 0.000150
1153489257.812500 0.101454 0.000294 -0.000076 -0.000212 0.000161 0.000150 0.000136 0.000129
1160176757.812500 0.101148 0.000174 -0.000023 -0.000457 0.000178 0.000127 0.000140 0.000129
1166864257.812500 0.101699 0.000522 0.000064 0.000071 0.000198 0.000157 0.000147 0.000157
1180239257.812500 0.091899 -0.004607 0.003850 -0.002266 0.002522 0.001562 0.001668 0.001685
1186926757.812500 0.100993 0.000121 -0.000062 -0.000586 0.000205 0.000147 0.000160 0.000173
1193614257.812500 0.100456 0.000202 0.000108 -0.000355 0.000204 0.000147 0.000148 0.000147
1200301757.812500 0.097328 0.000343 0.000139 -0.000147 0.000260 0.000206 0.000191 0.000209
1206989257.812500 0.080157 0.000422 -0.000653 -0.004074 0.000748 0.000401 0.000449 0.000471
1213676757.812500 0.097701 0.000565 -0.000423 -0.000767 0.000237 0.000193 0.000172 0.000207
1220364257.812500 0.099227 0.000766 0.000279 -0.000725 0.000195 0.000155 0.000164 0.000160
1227051757.812500 0.094540 0.000446 0.001344 -0.002939 0.000295 0.000217 0.000249 0.000254
1233739257.812500 0.097473 0.000471 0.000551 -0.001040 0.000238 0.000156 0.000187 0.000186
1240426757.812500 0.097980 0.000769 0.000500 -0.000891 0.000215 0.000161 0.000165 0.000159
1247114257.812500 0.096926 0.001264 -0.000922 0.000478 0.000255 0.000189 0.000196 0.000229
1253801757.812500 0.100628 0.000238 0.000200 -0.000123 0.000173 0.000132 0.000124 0.000128
1260489257.812500 0.099511 0.000269 0.000066 -0.000472 0.000199 0.000146 0.000170 0.000167
1267176757.812500 0.079078 0.001563 0.000810 -0.007750 0.000900 0.000618 0.000569 0.000702
1273864257.812500 0.090112 -0.000263 0.000243 -0.003115 0.000398 0.000306 0.000364 0.000334
1280551757.812500 0.091762 -0.000361 0.000124 -0.001173 0.000347 0.000265 0.000267 0.000297
1287239257.812500 0.096887 0.000617 -0.000348 -0.000397 0.000335 0.000243 0.000245 0.000253
1293926757.812500 0.099337 0.000270 -0.000412 -0.000085 0.000185 0.000154 0.000166 0.000168
1300614257.812500 0.100281 0.000371 -0.000189 -0.000151 0.000166 0.000132 0.000127 0.000132
1307301757.812500 0.100293 0.000074 -0.000433 -0.000074 0.000135 0.000116 0.000118 0.000116
1313989257.812500 0.100190 0.000128 -0.000034 -0.000041 0.000137 0.000118 0.000113 0.000118
1320676757.812500 0.100393 0.000275 -0.000097 -0.000119 0.000134 0.000115 0.000118 0.000113
1327364257.812500 0.099986 0.000172 -0.000115 0.000078 0.000124 0.000110 0.000107 0.000115
1334051757.812500 0.099892 0.000182 0.000171 0.000065 0.000126 0.000111 0.000115 0.000116
1340739257.812500 0.099558 0.000394 -0.000010 -0.000216 0.000130 0.000108 0.000109 0.000114
1347426757.812500 0.099734 0.000345 -0.000169 -0.000050 0.000131 0.000115 0.000118 0.000113
1354114257.812500 0.099802 0.000203 -0.000080 -0.000193 0.000127 0.000109 0.000116 0.000109
1360801757.812500 0.099673 0.000267 -0.000315 -0.000088 0.000121 0.000108 0.000112 0.000105
1367489257.812500 0.099484 0.000226 -0.000073 0.000008 0.000132 0.000104 0.000108 0.000111
1374176757.812500 0.099523 0.000135 0.000001 -0.000114 0.000125 0.000110 0.000102 0.000108
1380864257.812500 0.099074 0.000389 -0.000185 0.000036 0.000125 0.000105 0.000115 0.000115
1387551757.812500 0.099407 0.000265 -0.000135 0.000080 0.000123 0.000116 0.000116 0.000119
1394239257.812500 0.099729 0.000277 -0.000120 0.000042 0.000123 0.000104 0.000112 0.000114
1400926757.812500 0.099354 0.000341 0.000000 -0.000108 0.000127 0.000109 0.000104 0.000105
1407614257.812500 0.099419 0.000348 0.000057 -0.000033 0.000119 0.000111 0.000111 0.000107
1414301757.812500 0.099287 0.000355 -0.000196 -0.000052 0.000121 0.000112 0.000113 0.000114
1420989257.812500 0.099389 0.000638 0.000084 -0.000346 0.000198 0.000172 0.000173 0.000167
1427676757.812500 0.099392 0.000262 -0.000076 -0.000019 0.000126 0.000114 0.000115 0.000113
1434364257.812500 0.099177 0.000292 0.000051 -0.000225 0.000120 0.000109 0.000106 0.000105
1441051757.812500 0.099107 0.000029 -0.000189 -0.000123 0.000130 0.000112 0.000116 0.000109
1447739257.812500 0.099211 0.000256 -0.000342 0.000159 0.000123 0.000114 0.000107 0.000116
1454426757.812500 0.099096 0.000242 -0.000247 0.000146 0.000120 0.000110 0.000117 0.000111
1461114257.812500 0.099071 0.000065 0.000056 0.000020 0.000129 0.000119 0.000117 0.000127
1467801757.812500 0.099226 0.000270 -0.000114 -0.000053 0.000126 0.000106 0.000124 0.000114
1474489257.812500 0.099215 0.000078 -0.000213 -0.000232 0.000127 0.000113 0.000113 0.000117
1481176757.812500 0.099030 0.000123 -0.000071 -0.000128 0.000119 0.000117 0.000109 0.000119
1487864257.812500 0.098661 0.000227 -0.000043 0.000016 0.000118 0.000115 0.000123 0.000111
1494551757.812500 0.098814 0.000409 -0.000148 -0.000100 0.000125 0.000113 0.000110 0.000112
1501239257.812500 0.098885 0.000457 -0.000135 0.000156 0.000117 0.000106 0.000108 0.000120
1507926757.812500 0.099089 0.000292 -0.000031 -0.000083 0.000131 0.000101 0.000112 0.000103
1514614257.812500 0.099170 0.000220 -0.000181 -0.000066 0.000130 0.000117 0.000110 0.000117
1521301757.812500 0.099272 0.000022 0.000035 -0.000005 0.000292 0.000292 0.000318 0.000290
1527989257.812500 0.102928 0.002188 0.000305 0.001477 0.001488 0.001045 0.001119 0.001352
1534676757.812500 0.115869 -0.000919 -0.000467 0.006208 0.001235 0.000707 0.000743 0.000810
1541364257.812500 0.104558 -0.001314 -0.000328 -0.001009 0.001335 0.000994 0.000981 0.000891
1548051757.812500 0.106694 0.001133 -0.000087 -0.000960 0.000693 0.000512 0.000620 0.000586
1554739257.812500 0.098741 -0.000017 0.000336 -0.000197 0.000198 0.000195 0.000183 0.000181
1561426757.812500 0.097582 0.000861 -0.000413 -0.001084 0.000345 0.000308 0.000327 0.000315
1568114257.812500 0.096673 0.000332 -0.000040 -0.001245 0.000172 0.000140 0.000134 0.000140
1574801757.812500 0.093853 -0.000549 0.000843 -0.001679 0.000471 0.000382 0.000391 0.000418
1581489257.812500 0.097176 0.000303 -0.000162 -0.001221 0.000181 0.000152 0.000142 0.000155
1588176757.812500 0.097243 0.000428 -0.000345 -0.000552 0.000211 0.000193 0.000191 0.000185
1594864257.812500 0.097760 -0.000368 0.000147 -0.000346 0.000182 0.000158 0.000157 0.000168
1601551757.812500 0.093656 -0.001289 0.003391 0.000303 0.000326 0.000274 0.000291 0.000265
1608239257.812500 0.099105 0.000084 0.000333 -0.000225 0.000127 0.000110 0.000125 0.000114
1614926757.812500 0.098849 0.000305 0.000167 -0.000022 0.000127 0.000117 0.000111 0.000106
1621614257.812500 0.096682 0.000181 -0.000936 -0.000893 0.000257 0.000238 0.000242 0.000248
1628301757.812500 0.098693 0.000094 0.000028 0.000112 0.000168 0.000159 0.000158 0.000155
1634989257.812500 0.098610 0.000285 0.000005 -0.000113 0.000125 0.000112 0.000119 0.000107
1641676757.812500 0.098183 -0.000101 -0.000092 -0.000106 0.000132 0.000114 0.000117 0.000105
1648364257.812500 0.098324 -0.000134 0.000145 0.000018 0.000176 0.000152 0.000162 0.000160
