# # SwiftJ1727 QU data converted from polkat JSON output
# # Date (ISO): 2023-09-16T15:23:13.300000
# # Columns: freq(Hz) I(Jy) Q(Jy) U(Jy) V(Jy) dI(Jy) dQ(Jy) dU(Jy) dV(Jy)
# 
901127563.476562 0.087471 0.000530 -0.000172 -0.000255 0.000568 0.000454 0.000451 0.000411
904471313.476562 0.087535 0.000303 -0.000414 -0.000493 0.000271 0.000228 0.000227 0.000231
907815063.476562 0.087619 0.000453 -0.000083 0.000122 0.000288 0.000231 0.000213 0.000207
911158813.476562 0.087539 0.000236 -0.000307 -0.000268 0.000285 0.000233 0.000229 0.000245
914502563.476562 0.087755 0.000609 0.000011 0.000017 0.000259 0.000255 0.000233 0.000234
917846313.476562 0.088222 0.000176 -0.000142 0.000120 0.000250 0.000226 0.000227 0.000216
921190063.476562 0.087572 0.000366 -0.000291 -0.000039 0.000251 0.000217 0.000228 0.000253
924533813.476562 0.087836 0.000427 -0.000468 -0.000032 0.000276 0.000228 0.000233 0.000219
927877563.476562 0.087828 0.000599 -0.000388 0.000046 0.000254 0.000228 0.000258 0.000226
931221313.476562 0.088158 0.000597 -0.000582 0.000469 0.000270 0.000246 0.000227 0.000221
934565063.476562 0.090636 0.001866 0.000106 0.000353 0.000934 0.000872 0.000858 0.000905
937908813.476562 0.097336 0.004795 0.002723 -0.006406 0.008701 0.001366 0.001670 0.003964
947940063.476562 0.089660 -0.000289 -0.001543 0.000663 0.000674 0.000657 0.000648 0.000648
951283813.476562 0.088193 0.000061 0.000028 0.000291 0.000277 0.000252 0.000226 0.000248
954627563.476562 0.088330 0.001221 -0.000349 -0.000186 0.000277 0.000232 0.000237 0.000254
957971313.476562 0.089021 0.000355 -0.000407 -0.000576 0.000353 0.000297 0.000289 0.000292
961315063.476562 0.088322 0.000382 0.000094 -0.000125 0.000259 0.000228 0.000250 0.000226
964658813.476562 0.087881 0.000642 -0.000461 -0.000130 0.000222 0.000232 0.000238 0.000212
968002563.476562 0.088171 0.000590 -0.000212 -0.000101 0.000239 0.000214 0.000218 0.000205
971346313.476562 0.088175 0.000911 -0.000041 -0.000321 0.000218 0.000229 0.000200 0.000217
974690063.476562 0.088178 0.000621 -0.000508 -0.000080 0.000259 0.000194 0.000205 0.000188
978033813.476562 0.087987 0.001114 -0.000232 0.000188 0.000237 0.000228 0.000192 0.000200
981377563.476562 0.088061 0.000871 -0.000655 -0.000041 0.000231 0.000213 0.000205 0.000189
984721313.476562 0.088038 0.000792 0.000007 -0.000129 0.000220 0.000215 0.000188 0.000210
988065063.476562 0.087579 0.000480 -0.000455 0.000033 0.000216 0.000207 0.000212 0.000205
991408813.476562 0.087771 0.000276 0.000132 0.000104 0.000225 0.000211 0.000222 0.000184
994752563.476562 0.087983 0.000696 -0.000270 -0.000020 0.000210 0.000208 0.000203 0.000197
998096313.476562 0.088141 0.000642 -0.000169 -0.000099 0.000233 0.000216 0.000219 0.000176
1001440063.476560 0.087665 0.000422 -0.000615 0.000041 0.000232 0.000194 0.000205 0.000206
1004783813.476560 0.088103 0.000788 -0.000083 -0.000365 0.000224 0.000197 0.000204 0.000202
1008127563.476560 0.088137 0.000507 -0.000281 0.000405 0.000236 0.000200 0.000190 0.000208
1011471313.476560 0.087683 0.000831 0.000001 -0.000122 0.000234 0.000216 0.000198 0.000189
1014815063.476560 0.087744 0.000624 -0.000330 -0.000134 0.000230 0.000204 0.000195 0.000213
1018158813.476560 0.087696 0.000408 -0.000043 -0.000384 0.000219 0.000203 0.000217 0.000207
1021502563.476560 0.087905 0.000506 0.000079 0.000219 0.000213 0.000212 0.000198 0.000187
1024846313.476560 0.088018 0.000620 -0.000327 -0.000068 0.000226 0.000220 0.000189 0.000190
1028190063.476560 0.087633 0.000802 0.000081 0.000333 0.000224 0.000202 0.000210 0.000193
1031533813.476560 0.087393 0.000310 -0.000267 0.000301 0.000225 0.000192 0.000216 0.000221
1034877563.476560 0.088170 0.000889 -0.000209 -0.000187 0.000204 0.000199 0.000193 0.000206
1038221313.476560 0.087499 0.000772 -0.000086 -0.000034 0.000207 0.000183 0.000196 0.000178
1041565063.476560 0.087245 0.000507 -0.000507 0.000033 0.000211 0.000226 0.000215 0.000187
1044908813.476560 0.087526 0.000737 -0.000544 0.000102 0.000223 0.000211 0.000209 0.000193
1048252563.476560 0.087398 0.000464 -0.000466 -0.000230 0.000227 0.000207 0.000192 0.000210
1051596313.476560 0.087231 0.000588 -0.000393 -0.000219 0.000199 0.000203 0.000207 0.000197
1054940063.476560 0.087360 0.000464 -0.000194 -0.000008 0.000225 0.000204 0.000206 0.000203
1058283813.476560 0.087760 0.000686 -0.000112 0.000373 0.000205 0.000183 0.000197 0.000203
1061627563.476560 0.087704 0.000628 0.000255 -0.000037 0.000197 0.000210 0.000186 0.000199
1064971313.476560 0.087002 0.000680 -0.000224 0.000019 0.000200 0.000199 0.000190 0.000196
1068315063.476560 0.087527 0.000829 -0.000036 -0.000104 0.000199 0.000187 0.000206 0.000194
1071658813.476560 0.087472 0.000727 -0.000129 0.000143 0.000205 0.000194 0.000193 0.000208
1075002563.476560 0.087106 0.000699 0.000113 0.000187 0.000201 0.000189 0.000198 0.000186
1078346313.476560 0.087664 0.000589 0.000087 0.000239 0.000221 0.000192 0.000190 0.000193
1081690063.476560 0.087242 0.000641 -0.000240 0.000119 0.000204 0.000219 0.000191 0.000191
1085033813.476560 0.087575 0.000797 0.000008 -0.000048 0.000207 0.000213 0.000193 0.000179
1088377563.476560 0.086545 0.000903 -0.001012 0.000340 0.000312 0.000277 0.000294 0.000279
1091721313.476560 0.085122 -0.000042 -0.001133 0.000023 0.000424 0.000404 0.000423 0.000355
1095065063.476560 0.087031 0.000311 -0.000159 0.000220 0.000222 0.000186 0.000199 0.000192
1098408813.476560 0.086818 0.000876 0.000122 0.000162 0.000213 0.000181 0.000178 0.000201
1101752563.476560 0.087292 0.000587 -0.000198 0.000315 0.000241 0.000201 0.000203 0.000182
1105096313.476560 0.087258 0.000522 -0.000403 -0.000374 0.000224 0.000198 0.000199 0.000202
1108440063.476560 0.087107 0.000762 -0.000273 -0.000036 0.000207 0.000194 0.000199 0.000208
1111783813.476560 0.087133 0.000885 0.000196 -0.000182 0.000216 0.000190 0.000182 0.000205
1115127563.476560 0.087332 0.000767 -0.000393 0.000071 0.000213 0.000203 0.000188 0.000185
1118471313.476560 0.087226 0.000764 -0.000213 0.000074 0.000207 0.000201 0.000193 0.000187
1121815063.476560 0.087131 0.000893 0.000019 0.000068 0.000196 0.000180 0.000182 0.000208
1125158813.476560 0.087201 0.000424 -0.000178 0.000172 0.000210 0.000186 0.000193 0.000204
1128502563.476560 0.087411 0.000561 -0.000172 0.000532 0.000225 0.000212 0.000185 0.000190
1131846313.476560 0.087606 0.000698 -0.000540 -0.000267 0.000205 0.000184 0.000168 0.000164
1135190063.476560 0.086822 0.001110 -0.000501 0.000376 0.000223 0.000188 0.000176 0.000192
1138533813.476560 0.087432 0.000973 0.000191 -0.000072 0.000201 0.000178 0.000170 0.000180
1141877563.476560 0.086769 0.000550 -0.000187 -0.000027 0.000229 0.000183 0.000199 0.000207
1145221313.476560 0.086522 0.000885 -0.000879 -0.000557 0.000227 0.000212 0.000197 0.000225
1148565063.476560 0.085102 0.000710 -0.000996 -0.000686 0.000269 0.000211 0.000226 0.000213
1151908813.476560 0.086751 0.000746 -0.000614 -0.000165 0.000222 0.000220 0.000197 0.000216
1155252563.476560 0.087573 0.000447 -0.000058 0.000019 0.000203 0.000187 0.000181 0.000194
1158596313.476560 0.087762 0.000486 -0.000350 -0.000283 0.000224 0.000188 0.000207 0.000188
1161940063.476560 0.086617 0.000712 -0.000583 -0.000970 0.000226 0.000197 0.000176 0.000226
1165283813.476560 0.087806 0.000887 -0.000405 -0.000213 0.000204 0.000185 0.000187 0.000170
1168627563.476560 0.087425 0.000835 -0.000249 -0.000371 0.000289 0.000273 0.000270 0.000245
1171971313.476560 0.082136 -0.000908 0.002175 0.002097 0.001501 0.001422 0.001464 0.001322
1182002563.476560 0.084328 0.001725 0.000198 0.000155 0.000915 0.000791 0.000712 0.000921
1185346313.476560 0.088359 0.001140 0.000147 -0.000020 0.000234 0.000211 0.000205 0.000209
1188690063.476560 0.087706 0.000839 -0.000159 -0.000164 0.000220 0.000202 0.000195 0.000191
1192033813.476560 0.086384 0.001101 -0.000506 -0.000415 0.000228 0.000207 0.000211 0.000199
1195377563.476560 0.087787 0.000881 -0.000196 -0.000004 0.000253 0.000203 0.000199 0.000215
1198721313.476560 0.084680 0.001362 0.000758 0.000913 0.000307 0.000231 0.000243 0.000258
1202065063.476560 0.076323 0.000894 0.000289 0.000636 0.000461 0.000334 0.000315 0.000369
1205408813.476560 0.069770 0.000869 0.000211 -0.001599 0.000649 0.000397 0.000442 0.000475
1208752563.476560 0.073568 0.001220 -0.000126 -0.003208 0.000577 0.000374 0.000396 0.000429
1212096313.476560 0.082710 0.000393 -0.000415 -0.001124 0.000349 0.000249 0.000256 0.000279
1215440063.476560 0.087712 0.001103 -0.000400 -0.000044 0.000239 0.000196 0.000199 0.000202
1218783813.476560 0.087785 0.000616 -0.000435 -0.000016 0.000209 0.000201 0.000186 0.000198
1222127563.476560 0.086170 0.001315 -0.000032 -0.000763 0.000245 0.000234 0.000195 0.000229
1225471313.476560 0.082930 0.001163 -0.000469 -0.002366 0.000351 0.000269 0.000274 0.000278
1228815063.476560 0.079620 0.000474 -0.000812 -0.003171 0.000416 0.000314 0.000301 0.000366
1232158813.476560 0.085113 0.001376 -0.000439 -0.001643 0.000273 0.000229 0.000227 0.000261
1235502563.476560 0.087670 0.000589 -0.000422 -0.000451 0.000225 0.000203 0.000202 0.000202
1238846313.476560 0.088244 0.000832 -0.000187 0.000280 0.000208 0.000175 0.000176 0.000179
1242190063.476560 0.085753 0.000718 0.000497 0.001800 0.000282 0.000229 0.000243 0.000251
1245533813.476560 0.080040 0.001837 0.000747 0.003066 0.000381 0.000286 0.000296 0.000317
1248877563.476560 0.081419 0.001629 -0.000329 0.001681 0.000344 0.000291 0.000307 0.000292
1252221313.476560 0.084754 0.001304 0.000656 0.001454 0.000285 0.000234 0.000230 0.000230
1255565063.476560 0.087716 0.000908 -0.000456 -0.000172 0.000238 0.000189 0.000179 0.000186
1258908813.476560 0.088434 0.001237 0.000053 -0.000058 0.000220 0.000184 0.000187 0.000179
1262252563.476560 0.085003 0.001381 -0.000776 -0.000273 0.000327 0.000259 0.000251 0.000260
1265596313.476560 0.070800 0.002774 -0.001328 -0.003725 0.000728 0.000435 0.000510 0.000560
1268940063.476560 0.063319 0.003038 -0.000955 -0.007064 0.000840 0.000523 0.000618 0.000618
1272283813.476560 0.077162 0.001918 -0.000982 -0.002405 0.000524 0.000370 0.000402 0.000434
1275627563.476560 0.083053 0.000938 -0.001375 -0.001348 0.000345 0.000251 0.000292 0.000284
1278971313.476560 0.075407 0.000520 -0.002125 -0.004699 0.000447 0.000332 0.000398 0.000393
1282315063.476560 0.085320 0.000440 -0.000219 -0.001190 0.000273 0.000215 0.000235 0.000221
1285658813.476560 0.087358 0.000747 -0.000409 -0.000301 0.000238 0.000229 0.000217 0.000233
1289002563.476560 0.083593 0.000605 -0.000853 -0.002171 0.000338 0.000284 0.000307 0.000268
1292346313.476560 0.087149 0.001208 -0.000660 -0.000348 0.000240 0.000227 0.000217 0.000230
1295690063.476560 0.087878 0.000931 -0.000506 -0.000501 0.000188 0.000181 0.000193 0.000177
1299033813.476560 0.088115 0.000803 -0.000171 0.000035 0.000178 0.000166 0.000172 0.000170
1302377563.476560 0.088105 0.001111 -0.000196 0.000053 0.000181 0.000174 0.000181 0.000163
1305721313.476560 0.088271 0.000948 -0.000081 0.000090 0.000180 0.000158 0.000176 0.000172
1309065063.476560 0.088610 0.000833 -0.000393 0.000160 0.000179 0.000174 0.000156 0.000146
1312408813.476560 0.088526 0.001109 -0.000635 -0.000086 0.000171 0.000165 0.000157 0.000173
1315752563.476560 0.088203 0.000959 -0.000456 -0.000109 0.000171 0.000161 0.000190 0.000161
1319096313.476560 0.088669 0.000583 0.000123 0.000182 0.000165 0.000158 0.000162 0.000145
1322440063.476560 0.088395 0.000976 0.000083 -0.000052 0.000187 0.000175 0.000170 0.000167
1325783813.476560 0.088144 0.000771 -0.000074 -0.000211 0.000166 0.000165 0.000171 0.000168
1329127563.476560 0.088170 0.000571 -0.000231 0.000110 0.000168 0.000170 0.000162 0.000169
1332471313.476560 0.088039 0.000961 -0.000176 -0.000047 0.000169 0.000167 0.000161 0.000167
1335815063.476560 0.088003 0.000892 -0.000363 -0.000013 0.000171 0.000164 0.000162 0.000166
1339158813.476560 0.088083 0.001207 -0.000298 0.000092 0.000177 0.000164 0.000164 0.000174
1342502563.476560 0.088101 0.001148 -0.000053 0.000135 0.000186 0.000161 0.000163 0.000175
1345846313.476560 0.088185 0.000742 -0.000072 -0.000097 0.000175 0.000158 0.000154 0.000160
1349190063.476560 0.088488 0.000906 -0.000025 -0.000075 0.000166 0.000159 0.000160 0.000157
1352533813.476560 0.088196 0.001005 -0.000063 -0.000014 0.000163 0.000174 0.000169 0.000154
1355877563.476560 0.088574 0.001218 -0.000031 -0.000039 0.000178 0.000165 0.000155 0.000171
1359221313.476560 0.088177 0.001017 -0.000002 -0.000122 0.000179 0.000166 0.000156 0.000170
1362565063.476560 0.088396 0.001167 -0.000164 0.000001 0.000183 0.000159 0.000152 0.000170
1365908813.476560 0.088312 0.000874 -0.000001 0.000045 0.000175 0.000161 0.000160 0.000158
1369252563.476560 0.088429 0.000878 -0.000315 -0.000159 0.000186 0.000153 0.000151 0.000157
1372596313.476560 0.088705 0.001074 -0.000221 0.000068 0.000180 0.000173 0.000152 0.000159
1375940063.476560 0.088591 0.000788 -0.000340 -0.000333 0.000173 0.000158 0.000174 0.000170
1379283813.476560 0.088252 0.000773 -0.000801 -0.000385 0.000169 0.000187 0.000163 0.000149
1382627563.476560 0.088686 0.000743 -0.000519 0.000021 0.000168 0.000165 0.000151 0.000150
1385971313.476560 0.088560 0.000986 -0.000490 -0.000199 0.000160 0.000149 0.000165 0.000161
1389315063.476560 0.088675 0.000512 -0.000400 0.000157 0.000187 0.000159 0.000165 0.000173
1392658813.476560 0.088819 0.000466 -0.000265 -0.000089 0.000170 0.000160 0.000161 0.000148
1396002563.476560 0.088600 0.000936 -0.000226 -0.000201 0.000177 0.000162 0.000165 0.000168
1399346313.476560 0.088787 0.001057 -0.000112 -0.000062 0.000179 0.000164 0.000158 0.000161
1402690063.476560 0.088513 0.001163 -0.000065 0.000106 0.000166 0.000168 0.000162 0.000173
1406033813.476560 0.088477 0.001233 -0.000357 -0.000062 0.000166 0.000150 0.000154 0.000157
1409377563.476560 0.088570 0.000863 0.000137 -0.000075 0.000162 0.000164 0.000165 0.000153
1412721313.476560 0.089006 0.001005 -0.000265 -0.000173 0.000166 0.000158 0.000158 0.000161
1416065063.476560 0.088846 0.000829 -0.000117 -0.000163 0.000176 0.000152 0.000152 0.000157
1422752563.476560 0.088895 0.001352 -0.000327 -0.000101 0.000227 0.000219 0.000231 0.000210
1426096313.476560 0.089106 0.001189 -0.000295 0.000287 0.000179 0.000162 0.000160 0.000152
1429440063.476560 0.089220 0.001089 -0.000433 0.000152 0.000160 0.000159 0.000168 0.000156
1432783813.476560 0.088799 0.001069 -0.000391 0.000062 0.000181 0.000163 0.000161 0.000160
1436127563.476560 0.089066 0.001006 -0.000313 -0.000247 0.000165 0.000160 0.000169 0.000160
1439471313.476560 0.089122 0.001324 -0.000223 0.000183 0.000175 0.000162 0.000171 0.000166
1442815063.476560 0.089001 0.001274 -0.000332 -0.000075 0.000171 0.000165 0.000158 0.000156
1446158813.476560 0.089043 0.001176 -0.000203 -0.000174 0.000171 0.000168 0.000161 0.000157
1449502563.476560 0.089511 0.000810 -0.000259 -0.000013 0.000167 0.000160 0.000159 0.000171
1452846313.476560 0.089398 0.001293 -0.000344 -0.000013 0.000168 0.000160 0.000165 0.000158
1456190063.476560 0.089330 0.001038 -0.000121 0.000403 0.000179 0.000161 0.000171 0.000154
1459533813.476560 0.089277 0.001345 -0.000074 -0.000099 0.000161 0.000151 0.000168 0.000154
1462877563.476560 0.089228 0.000927 -0.000076 0.000038 0.000188 0.000158 0.000168 0.000166
1466221313.476560 0.089199 0.000925 -0.000006 0.000028 0.000176 0.000151 0.000155 0.000173
1469565063.476560 0.089194 0.000915 -0.000195 0.000149 0.000182 0.000163 0.000155 0.000167
1472908813.476560 0.089355 0.001075 -0.000477 0.000013 0.000163 0.000173 0.000178 0.000155
1476252563.476560 0.089341 0.001073 -0.000045 0.000090 0.000174 0.000165 0.000165 0.000157
1479596313.476560 0.089214 0.001078 -0.000266 -0.000179 0.000175 0.000161 0.000174 0.000162
1482940063.476560 0.089316 0.001046 -0.000292 -0.000207 0.000162 0.000163 0.000155 0.000157
1486283813.476560 0.089637 0.001332 0.000060 -0.000096 0.000172 0.000161 0.000156 0.000159
1489627563.476560 0.089513 0.001063 -0.000131 -0.000091 0.000163 0.000168 0.000150 0.000157
1492971313.476560 0.089401 0.001254 -0.000053 -0.000165 0.000168 0.000177 0.000152 0.000158
1496315063.476560 0.089136 0.001187 0.000151 0.000029 0.000178 0.000151 0.000155 0.000168
1499658813.476560 0.089547 0.001330 -0.000271 -0.000476 0.000168 0.000169 0.000169 0.000164
1503002563.476560 0.089496 0.001132 -0.000132 -0.000140 0.000178 0.000160 0.000158 0.000172
1506346313.476560 0.089798 0.000967 0.000019 -0.000117 0.000168 0.000151 0.000156 0.000166
1509690063.476560 0.089778 0.001324 -0.000465 -0.000047 0.000169 0.000158 0.000158 0.000167
1513033813.476560 0.090225 0.001232 -0.000011 0.000479 0.000170 0.000157 0.000151 0.000155
1516377563.476560 0.090475 0.001176 0.000200 -0.000016 0.000180 0.000187 0.000181 0.000183
1519721313.476560 0.089316 0.001763 -0.000007 -0.000397 0.000702 0.000513 0.000536 0.000593
1523065063.476560 0.089461 0.001374 -0.000253 -0.000163 0.000476 0.000434 0.000436 0.000443
1526408813.476560 0.081137 0.000385 -0.001551 -0.000640 0.001480 0.000439 0.000429 0.000448
1529752563.476560 0.085691 0.001875 -0.000817 -0.000286 0.000840 0.000392 0.000428 0.000449
1533096313.476560 0.086350 0.000857 -0.002315 -0.001393 0.000837 0.000417 0.000440 0.000432
1536440063.476560 0.085259 0.000798 -0.001707 -0.001483 0.000853 0.000517 0.000492 0.000408
1539783813.476560 0.086223 0.002210 -0.000727 -0.002292 0.000842 0.000711 0.000630 0.000831
1543127563.476560 0.088027 0.001451 0.000491 0.001223 0.000373 0.000383 0.000325 0.000369
1546471313.476560 0.075416 0.004745 0.000351 -0.002462 0.000732 0.000498 0.000488 0.000505
1549815063.476560 0.090284 0.001262 -0.000390 -0.000449 0.000221 0.000215 0.000196 0.000216
1553158813.476560 0.090417 0.001141 -0.000139 -0.000387 0.000202 0.000169 0.000177 0.000193
1556502563.476560 0.089756 0.001164 -0.000690 0.000005 0.000200 0.000191 0.000190 0.000177
1559846313.476560 0.080753 0.000906 -0.001420 -0.002661 0.000691 0.000436 0.000560 0.000579
1563190063.476560 0.089330 0.000851 -0.000549 0.000114 0.000284 0.000266 0.000272 0.000253
1566533813.476560 0.090140 0.000849 -0.000106 -0.000371 0.000197 0.000176 0.000156 0.000176
1569877563.476560 0.087962 0.001180 0.000272 -0.001412 0.000229 0.000181 0.000197 0.000214
1573221313.476560 0.085968 0.000378 -0.000307 -0.002166 0.000397 0.000356 0.000368 0.000367
1576565063.476560 0.083369 0.000177 0.000225 -0.001309 0.001072 0.000860 0.000866 0.000847
1579908813.476560 0.087218 0.000915 -0.000121 -0.001521 0.000240 0.000199 0.000201 0.000212
1583252563.476560 0.089922 0.001373 -0.000347 -0.000487 0.000188 0.000169 0.000172 0.000189
1586596313.476560 0.091064 0.001199 -0.000280 0.000105 0.000194 0.000167 0.000176 0.000177
1589940063.476560 0.082409 -0.000110 -0.002331 -0.002503 0.000413 0.000331 0.000365 0.000328
1593283813.476560 0.090322 0.001147 -0.000219 -0.000165 0.000226 0.000194 0.000180 0.000185
1596627563.476560 0.090258 0.001210 0.000714 -0.000336 0.000203 0.000192 0.000189 0.000195
1599971313.476560 0.085148 0.001259 0.000638 0.001760 0.000307 0.000248 0.000244 0.000249
1603315063.476560 0.085978 0.000358 0.000006 0.002036 0.000282 0.000234 0.000249 0.000257
1606658813.476560 0.089464 0.000723 -0.001275 -0.000465 0.000215 0.000194 0.000199 0.000196
1610002563.476560 0.091018 0.001233 0.000198 0.000282 0.000170 0.000150 0.000159 0.000164
1613346313.476560 0.091303 0.000891 -0.000095 -0.000124 0.000178 0.000154 0.000155 0.000156
1616690063.476560 0.090368 0.000775 -0.000122 -0.000372 0.000186 0.000165 0.000175 0.000169
1620033813.476560 0.086858 0.000288 -0.000710 0.000449 0.000297 0.000258 0.000260 0.000255
1623377563.476560 0.080393 -0.001499 -0.005549 0.001017 0.000803 0.000666 0.000802 0.000624
1630065063.476560 0.090821 0.001007 0.000206 -0.000028 0.000171 0.000152 0.000163 0.000166
1633408813.476560 0.090755 0.001103 -0.000073 -0.000128 0.000175 0.000149 0.000162 0.000153
1636752563.476560 0.090317 0.000940 -0.000259 -0.000270 0.000169 0.000154 0.000148 0.000156
1640096313.476560 0.090162 0.001257 0.000003 -0.000127 0.000170 0.000161 0.000155 0.000162
1643440063.476560 0.089877 0.000943 -0.000260 -0.000176 0.000178 0.000163 0.000151 0.000158
1646783813.476560 0.090422 0.000817 -0.000211 0.000107 0.000175 0.000170 0.000167 0.000164
