# # SwiftJ1727 QU data (ejecta/component1) converted from polkat JSON output
# # Date (ISO): 2024-02-10T03:38:45.300000
# # Columns: freq(Hz) I(Jy) Q(Jy) U(Jy) V(Jy) dI(Jy) dQ(Jy) dU(Jy) dV(Jy)
# 
902799438.476562 0.001853 0.000071 0.000258 0.000131 0.000172 0.000164 0.000192 0.000158
916174438.476562 0.001509 -0.000056 0.000071 0.000069 0.000148 0.000137 0.000151 0.000112
929549438.476562 0.001809 0.000201 -0.000027 -0.000063 0.000162 0.000160 0.000134 0.000148
942924438.476562 0.003174 0.000114 0.000461 0.000768 0.000628 0.000644 0.000623 0.000637
956299438.476562 0.001661 -0.000083 -0.000110 0.000109 0.000144 0.000126 0.000137 0.000134
969674438.476562 0.001808 -0.000120 0.000028 -0.000064 0.000116 0.000108 0.000115 0.000114
983049438.476562 0.001584 0.000096 -0.000160 -0.000080 0.000127 0.000111 0.000104 0.000101
996424438.476562 0.001559 0.000052 -0.000006 -0.000014 0.000111 0.000100 0.000109 0.000100
1009799438.476560 0.001522 0.000108 -0.000040 0.000047 0.000119 0.000107 0.000108 0.000104
1023174438.476560 0.001249 0.000055 0.000054 -0.000025 0.000120 0.000113 0.000117 0.000112
1036549438.476560 0.001428 0.000007 0.000080 0.000091 0.000115 0.000107 0.000105 0.000107
1049924438.476560 0.001520 0.000069 -0.000161 -0.000113 0.000119 0.000108 0.000103 0.000108
1063299438.476560 0.001575 0.000020 0.000002 -0.000053 0.000115 0.000106 0.000107 0.000116
1076674438.476560 0.001375 -0.000048 0.000045 0.000220 0.000105 0.000098 0.000101 0.000096
1090049438.476560 0.001525 0.000182 -0.000140 -0.000041 0.000109 0.000095 0.000103 0.000099
1103424438.476560 0.001413 0.000070 -0.000012 0.000026 0.000111 0.000100 0.000099 0.000098
1116799438.476560 0.001390 0.000138 0.000088 -0.000088 0.000099 0.000104 0.000101 0.000095
1130174438.476560 0.001335 0.000116 -0.000043 0.000190 0.000098 0.000099 0.000109 0.000097
1143549438.476560 0.001484 0.000231 -0.000000 0.000067 0.000125 0.000118 0.000114 0.000109
1156924438.476560 0.001413 0.000212 -0.000210 -0.000101 0.000120 0.000108 0.000117 0.000117
1170299438.476560 0.001371 0.000100 -0.000050 0.000038 0.000191 0.000197 0.000186 0.000221
1183674438.476560 0.001211 0.000373 -0.000310 -0.000107 0.000203 0.000179 0.000179 0.000177
1197049438.476560 0.001387 0.000265 -0.000069 0.000260 0.000147 0.000144 0.000133 0.000150
1210424438.476560 0.001507 -0.000041 -0.000063 0.000175 0.000232 0.000187 0.000211 0.000228
1223799438.476560 0.001231 -0.000018 -0.000256 0.000045 0.000209 0.000188 0.000183 0.000214
1237174438.476560 0.001306 -0.000042 -0.000074 0.000037 0.000132 0.000117 0.000122 0.000126
1250549438.476560 0.001427 -0.000021 0.000047 -0.000010 0.000118 0.000111 0.000114 0.000105
1263924438.476560 0.001791 0.000102 -0.000231 0.000134 0.000197 0.000160 0.000179 0.000187
1277299438.476560 0.001026 0.000285 -0.000264 -0.000096 0.000271 0.000231 0.000246 0.000237
1290674438.476560 0.001278 0.000193 -0.000196 -0.000255 0.000172 0.000177 0.000156 0.000163
1304049438.476560 0.001351 -0.000102 -0.000027 -0.000009 0.000105 0.000095 0.000100 0.000090
1317424438.476560 0.001231 -0.000071 0.000035 0.000040 0.000093 0.000088 0.000080 0.000091
1330799438.476560 0.001291 0.000094 -0.000047 0.000080 0.000092 0.000083 0.000086 0.000079
1344174438.476560 0.001266 0.000064 0.000143 0.000079 0.000088 0.000093 0.000084 0.000087
1357549438.476560 0.001174 -0.000021 -0.000189 0.000003 0.000080 0.000080 0.000087 0.000087
1370924438.476560 0.001375 -0.000028 -0.000120 0.000158 0.000084 0.000079 0.000090 0.000084
1384299438.476560 0.001182 0.000113 -0.000040 0.000039 0.000087 0.000076 0.000098 0.000087
1397674438.476560 0.001467 -0.000075 -0.000083 0.000077 0.000081 0.000085 0.000099 0.000077
1411049438.476560 0.001146 0.000068 -0.000225 0.000159 0.000086 0.000081 0.000082 0.000081
1424424438.476560 0.001493 0.000087 -0.000057 0.000043 0.000105 0.000104 0.000101 0.000113
1437799438.476560 0.001280 0.000054 -0.000135 0.000019 0.000096 0.000081 0.000086 0.000081
1451174438.476560 0.001296 0.000071 -0.000089 0.000072 0.000085 0.000087 0.000087 0.000083
1464549438.476560 0.001191 0.000024 -0.000029 0.000079 0.000090 0.000094 0.000085 0.000093
1477924438.476560 0.001272 -0.000091 -0.000053 0.000017 0.000090 0.000086 0.000086 0.000079
1491299438.476560 0.001086 0.000222 -0.000016 0.000028 0.000092 0.000084 0.000081 0.000100
1504674438.476560 0.001183 0.000096 0.000034 0.000030 0.000105 0.000097 0.000095 0.000101
1518049438.476560 0.001140 -0.000072 0.000115 -0.000046 0.000107 0.000102 0.000115 0.000104
1531424438.476560 0.002416 -0.000828 0.000416 -0.001206 0.000756 0.000673 0.000638 0.000779
1544799438.476560 0.001406 0.000229 0.000107 0.000567 0.000945 0.000778 0.000806 0.000798
1558174438.476560 0.001362 0.000168 -0.000063 0.000195 0.000220 0.000186 0.000202 0.000209
1571549438.476560 0.001415 0.000198 -0.000174 -0.000287 0.000240 0.000210 0.000204 0.000225
1584924438.476560 0.001153 0.000173 -0.000018 0.000288 0.000173 0.000158 0.000163 0.000170
1598299438.476560 0.001131 0.000044 -0.000065 0.000032 0.000137 0.000144 0.000129 0.000139
1611674438.476560 0.001098 -0.000020 -0.000006 0.000021 0.000109 0.000102 0.000092 0.000101
1625049438.476560 0.000906 0.000222 -0.000025 0.000357 0.000160 0.000173 0.000164 0.000162
1638424438.476560 0.001068 0.000173 -0.000083 -0.000045 0.000101 0.000092 0.000104 0.000099
1651799438.476560 0.001346 0.000394 0.000144 0.000121 0.000181 0.000197 0.000192 0.000189
