# # SwiftJ1727 QU data (ejecta/component1) converted from polkat JSON output
# # Date (ISO): 2024-02-19T04:21:56.500000
# # Columns: freq(Hz) I(Jy) Q(Jy) U(Jy) V(Jy) dI(Jy) dQ(Jy) dU(Jy) dV(Jy)
# 
902799438.476562 0.001558 0.000176 0.000180 -0.000214 0.000194 0.000164 0.000177 0.000157
916174438.476562 0.001484 0.000083 0.000300 -0.000011 0.000133 0.000130 0.000113 0.000116
929549438.476562 0.001249 0.000207 0.000259 0.000240 0.000177 0.000154 0.000130 0.000136
942924438.476562 0.001040 0.000793 -0.001021 0.000393 0.001024 0.001177 0.001080 0.001140
956299438.476562 0.001683 0.000083 -0.000074 0.000247 0.000255 0.000240 0.000224 0.000227
969674438.476562 0.001217 -0.000047 -0.000176 -0.000135 0.000123 0.000110 0.000112 0.000112
983049438.476562 0.001363 0.000078 -0.000165 0.000005 0.000118 0.000113 0.000102 0.000107
996424438.476562 0.001380 0.000107 -0.000015 0.000091 0.000115 0.000109 0.000114 0.000098
1009799438.476560 0.001317 0.000231 -0.000037 -0.000160 0.000116 0.000114 0.000112 0.000098
1023174438.476560 0.001204 0.000086 0.000126 -0.000133 0.000127 0.000113 0.000101 0.000103
1036549438.476560 0.000975 -0.000006 0.000000 -0.000165 0.000129 0.000110 0.000115 0.000111
1049924438.476560 0.001080 0.000130 0.000132 0.000022 0.000114 0.000103 0.000110 0.000111
1063299438.476560 0.001104 -0.000034 -0.000056 0.000150 0.000112 0.000108 0.000101 0.000093
1076674438.476560 0.000896 0.000007 0.000078 -0.000206 0.000109 0.000094 0.000095 0.000105
1090049438.476560 0.000843 0.000217 -0.000259 -0.000081 0.000157 0.000141 0.000151 0.000166
1103424438.476560 0.001009 0.000117 0.000080 -0.000093 0.000103 0.000096 0.000102 0.000099
1116799438.476560 0.000853 0.000148 0.000159 0.000114 0.000106 0.000092 0.000099 0.000109
1130174438.476560 0.000973 -0.000029 0.000360 -0.000060 0.000110 0.000105 0.000093 0.000099
1143549438.476560 0.001109 0.000082 0.000149 -0.000018 0.000134 0.000103 0.000111 0.000103
1156924438.476560 0.000782 0.000326 0.000117 -0.000069 0.000122 0.000104 0.000106 0.000107
1170299438.476560 0.001668 0.000142 0.000111 -0.000026 0.000180 0.000188 0.000172 0.000187
1183674438.476560 0.000777 0.000044 0.000092 -0.000048 0.000167 0.000147 0.000169 0.000180
1197049438.476560 0.000844 -0.000090 -0.000073 -0.000057 0.000137 0.000126 0.000121 0.000138
1210424438.476560 0.000717 0.000236 0.000197 0.000045 0.000258 0.000178 0.000204 0.000212
1223799438.476560 0.001103 0.000052 0.000321 0.000215 0.000176 0.000161 0.000155 0.000166
1237174438.476560 0.000770 0.000078 0.000117 -0.000125 0.000132 0.000112 0.000103 0.000127
1250549438.476560 0.000953 0.000251 -0.000043 -0.000050 0.000114 0.000104 0.000102 0.000117
1263924438.476560 0.000633 -0.000060 0.000181 0.000021 0.000191 0.000178 0.000196 0.000200
1277299438.476560 0.000834 -0.000247 0.000290 0.000005 0.000254 0.000215 0.000196 0.000237
1290674438.476560 0.000778 -0.000275 -0.000405 0.000141 0.000145 0.000143 0.000151 0.000141
1304049438.476560 0.000863 0.000167 0.000065 0.000014 0.000099 0.000088 0.000091 0.000097
1317424438.476560 0.000873 0.000223 0.000020 -0.000018 0.000095 0.000095 0.000094 0.000088
1330799438.476560 0.000938 -0.000073 -0.000152 -0.000028 0.000094 0.000085 0.000089 0.000083
1344174438.476560 0.000994 0.000069 -0.000198 -0.000044 0.000087 0.000084 0.000086 0.000086
1357549438.476560 0.000946 0.000065 -0.000003 -0.000032 0.000085 0.000081 0.000086 0.000083
1370924438.476560 0.000700 0.000118 0.000071 0.000064 0.000088 0.000085 0.000080 0.000076
1384299438.476560 0.000948 0.000237 0.000097 -0.000044 0.000085 0.000086 0.000083 0.000083
1397674438.476560 0.000772 -0.000074 -0.000099 0.000040 0.000088 0.000082 0.000082 0.000083
1411049438.476560 0.000926 0.000050 -0.000110 -0.000039 0.000093 0.000084 0.000084 0.000081
1424424438.476560 0.000765 -0.000047 0.000095 -0.000078 0.000110 0.000107 0.000117 0.000108
1437799438.476560 0.000979 0.000239 -0.000046 -0.000084 0.000083 0.000085 0.000087 0.000083
1451174438.476560 0.000789 0.000145 -0.000029 0.000076 0.000089 0.000088 0.000082 0.000087
1464549438.476560 0.000859 -0.000003 -0.000104 0.000055 0.000098 0.000079 0.000082 0.000083
1477924438.476560 0.000907 -0.000014 -0.000001 -0.000059 0.000086 0.000096 0.000085 0.000086
1491299438.476560 0.000961 0.000079 -0.000092 0.000020 0.000083 0.000087 0.000085 0.000085
1504674438.476560 0.000774 -0.000034 0.000011 -0.000065 0.000100 0.000098 0.000096 0.000094
1518049438.476560 0.000899 0.000061 -0.000045 -0.000113 0.000130 0.000123 0.000119 0.000126
1531424438.476560 0.001379 -0.000265 -0.000224 -0.000043 0.000232 0.000216 0.000212 0.000187
1544799438.476560 0.000576 0.000229 -0.000387 0.000262 0.000265 0.000262 0.000233 0.000261
1558174438.476560 0.000547 0.000225 0.000034 0.000092 0.000193 0.000161 0.000177 0.000185
1571549438.476560 0.000907 0.000109 0.000334 0.000163 0.000187 0.000169 0.000176 0.000180
1584924438.476560 0.000981 0.000225 0.000308 -0.000133 0.000156 0.000147 0.000147 0.000139
1598299438.476560 0.000812 -0.000050 0.000200 0.000057 0.000132 0.000130 0.000129 0.000133
1611674438.476560 0.000775 0.000090 -0.000037 -0.000184 0.000092 0.000097 0.000098 0.000091
1625049438.476560 0.000837 0.000141 0.000245 -0.000083 0.000161 0.000156 0.000141 0.000140
1638424438.476560 0.000669 0.000017 0.000001 -0.000025 0.000099 0.000092 0.000087 0.000084
1651799438.476560 0.000701 0.000435 -0.000082 -0.000141 0.000184 0.000190 0.000174 0.000183
