# ======================================================================
# FLAGGED DATA - KEPT CHANNELS ONLY
# ======================================================================
# 
# FLAGGING SUMMARY:
#   Total channels: 218
#   Flagged: 61 (28.0%)
#   Kept: 157 (72.0%)
# 
# FLAGGING CRITERIA APPLIED:
#   - Gross outliers: 9 channels
#   - Error outliers: 17 channels
#       Threshold: 4.0σ above median in log-space
#       Iterations: 2
#   - Spectral baseline clipping: 31 channels
#   - Stokes V clipping: 4 channels
#       Threshold: 2.74σ
#       Reference: median
#       Iterations: 2
# 
# COLUMN FORMAT: freq(Hz) I Q U V dI dQ dU dV
# ======================================================================
9.0112756348e+08 7.2834000000e-02 4.0900000000e-04 1.0200000000e-04 -2.7600000000e-04 6.8900000000e-04 5.7400000000e-04 4.9900000000e-04 5.8200000000e-04
9.0447131348e+08 7.3399000000e-02 8.9600000000e-04 1.6100000000e-04 1.1700000000e-04 3.9000000000e-04 3.0600000000e-04 3.3300000000e-04 3.0300000000e-04
9.0781506348e+08 7.2558000000e-02 5.6800000000e-04 4.0900000000e-04 8.5000000000e-05 3.5600000000e-04 2.9600000000e-04 3.4600000000e-04 3.0700000000e-04
9.1115881348e+08 7.3431000000e-02 9.7400000000e-04 -1.0700000000e-04 -1.3800000000e-04 3.4100000000e-04 3.0500000000e-04 3.4100000000e-04 3.2200000000e-04
9.1450256348e+08 7.3287000000e-02 6.1700000000e-04 2.4700000000e-04 -2.7400000000e-04 3.0400000000e-04 3.1800000000e-04 2.6800000000e-04 2.5800000000e-04
9.1784631348e+08 7.2704000000e-02 7.4300000000e-04 3.6700000000e-04 -4.1000000000e-04 3.7600000000e-04 3.2600000000e-04 2.9700000000e-04 2.8000000000e-04
9.2119006348e+08 7.3143000000e-02 1.0190000000e-03 3.6200000000e-04 3.0000000000e-06 3.7300000000e-04 2.9000000000e-04 3.0400000000e-04 2.9900000000e-04
9.2453381348e+08 7.2021000000e-02 3.7000000000e-04 2.5000000000e-05 1.9600000000e-04 3.6900000000e-04 2.9600000000e-04 2.9900000000e-04 3.5500000000e-04
9.2787756348e+08 7.2028000000e-02 8.1000000000e-04 3.1600000000e-04 -7.4700000000e-04 3.1600000000e-04 3.5400000000e-04 3.0900000000e-04 3.0300000000e-04
9.5128381348e+08 7.1670000000e-02 1.3740000000e-03 1.1660000000e-03 -1.4000000000e-04 3.8200000000e-04 2.6000000000e-04 3.2500000000e-04 3.1200000000e-04
9.5462756348e+08 7.1636000000e-02 6.0700000000e-04 -2.3200000000e-04 3.2800000000e-04 3.4700000000e-04 3.2000000000e-04 3.1600000000e-04 3.2000000000e-04
9.5797131348e+08 7.2304000000e-02 7.7800000000e-04 9.3000000000e-04 -1.1100000000e-04 4.4500000000e-04 4.4300000000e-04 4.2500000000e-04 3.8900000000e-04
9.6131506348e+08 7.1284000000e-02 5.9900000000e-04 -5.5000000000e-05 1.3900000000e-04 3.4600000000e-04 3.1500000000e-04 3.2500000000e-04 3.1000000000e-04
9.6465881348e+08 7.1461000000e-02 6.8200000000e-04 -1.0700000000e-04 9.0000000000e-05 3.2500000000e-04 2.5400000000e-04 3.0300000000e-04 3.4500000000e-04
9.6800256348e+08 7.1022000000e-02 7.7500000000e-04 2.6700000000e-04 2.6500000000e-04 3.3800000000e-04 2.9600000000e-04 2.8800000000e-04 2.8500000000e-04
9.7134631348e+08 7.0767000000e-02 2.8900000000e-04 2.9700000000e-04 -2.4300000000e-04 2.9300000000e-04 3.0900000000e-04 2.9500000000e-04 2.4700000000e-04
9.7469006348e+08 7.0486000000e-02 3.5800000000e-04 5.3700000000e-04 -2.5400000000e-04 2.7000000000e-04 2.3700000000e-04 2.9200000000e-04 2.5100000000e-04
9.7803381348e+08 7.0785000000e-02 2.1000000000e-04 2.3500000000e-04 -5.3000000000e-05 2.9900000000e-04 2.9300000000e-04 2.7500000000e-04 2.7600000000e-04
9.8137756348e+08 7.0435000000e-02 7.8100000000e-04 2.2500000000e-04 7.9000000000e-05 3.1500000000e-04 2.8000000000e-04 2.8900000000e-04 2.5800000000e-04
9.8472131348e+08 7.0021000000e-02 6.9300000000e-04 9.0000000000e-05 -2.6400000000e-04 3.1700000000e-04 2.7300000000e-04 3.0500000000e-04 2.5200000000e-04
9.8806506348e+08 7.0073000000e-02 5.7100000000e-04 6.1300000000e-04 -1.8000000000e-05 3.2500000000e-04 2.7100000000e-04 2.8100000000e-04 2.6600000000e-04
9.9140881348e+08 7.0500000000e-02 7.4200000000e-04 8.2000000000e-04 -3.4300000000e-04 3.0900000000e-04 2.8800000000e-04 2.5800000000e-04 2.6900000000e-04
9.9475256348e+08 6.9782000000e-02 4.6300000000e-04 8.0800000000e-04 6.1200000000e-04 2.7700000000e-04 2.7000000000e-04 2.9900000000e-04 2.8600000000e-04
9.9809631348e+08 7.0402000000e-02 7.3400000000e-04 7.2000000000e-04 2.0400000000e-04 3.0100000000e-04 3.0000000000e-04 2.7500000000e-04 2.4500000000e-04
1.0014400635e+09 6.9696000000e-02 8.6100000000e-04 8.5300000000e-04 7.9000000000e-05 2.7600000000e-04 2.6300000000e-04 2.8200000000e-04 2.5200000000e-04
1.0047838135e+09 6.9251000000e-02 5.1300000000e-04 3.9800000000e-04 -2.2700000000e-04 3.0300000000e-04 2.7000000000e-04 2.4900000000e-04 2.9200000000e-04
1.0081275635e+09 6.9017000000e-02 9.7100000000e-04 3.4200000000e-04 -4.0100000000e-04 3.1000000000e-04 2.8300000000e-04 2.5200000000e-04 2.5300000000e-04
1.0114713135e+09 6.8841000000e-02 6.0300000000e-04 5.0500000000e-04 -1.0300000000e-04 2.8300000000e-04 3.1700000000e-04 2.7300000000e-04 2.7500000000e-04
1.0148150635e+09 6.9216000000e-02 8.0900000000e-04 5.4200000000e-04 1.2900000000e-04 3.0000000000e-04 2.5600000000e-04 3.1800000000e-04 2.6000000000e-04
1.0181588135e+09 6.8930000000e-02 1.1300000000e-03 2.9300000000e-04 -3.8000000000e-05 3.1500000000e-04 2.5200000000e-04 2.6200000000e-04 2.6300000000e-04
1.0215025635e+09 6.9447000000e-02 6.0900000000e-04 1.2800000000e-04 5.6100000000e-04 2.9100000000e-04 2.5200000000e-04 2.6800000000e-04 2.7100000000e-04
1.0281900635e+09 6.7672000000e-02 7.4300000000e-04 9.7000000000e-05 -4.1200000000e-04 3.1400000000e-04 3.4100000000e-04 3.0000000000e-04 3.0100000000e-04
1.0315338135e+09 6.7386000000e-02 6.4600000000e-04 -6.0000000000e-04 -7.4000000000e-05 3.9500000000e-04 3.0800000000e-04 3.4900000000e-04 3.6500000000e-04
1.0348775635e+09 6.7978000000e-02 6.2900000000e-04 5.6200000000e-04 2.7900000000e-04 2.9700000000e-04 2.8500000000e-04 2.9400000000e-04 2.6500000000e-04
1.0382213135e+09 6.8193000000e-02 2.5800000000e-04 -2.2800000000e-04 6.1000000000e-05 2.8300000000e-04 2.8900000000e-04 2.5200000000e-04 2.4200000000e-04
1.0415650635e+09 6.7452000000e-02 9.1400000000e-04 1.3600000000e-04 -5.1700000000e-04 3.3300000000e-04 2.7100000000e-04 2.8600000000e-04 2.8000000000e-04
1.0449088135e+09 6.7603000000e-02 7.5500000000e-04 6.0200000000e-04 4.9700000000e-04 2.8600000000e-04 2.6000000000e-04 2.4500000000e-04 2.6100000000e-04
1.0482525635e+09 6.7820000000e-02 7.7700000000e-04 3.6900000000e-04 -4.6000000000e-05 2.7200000000e-04 2.5200000000e-04 3.0100000000e-04 2.7300000000e-04
1.0515963135e+09 6.7260000000e-02 1.0430000000e-03 -9.4000000000e-05 1.8400000000e-04 2.8200000000e-04 2.8200000000e-04 2.6400000000e-04 2.4800000000e-04
1.0549400635e+09 6.7002000000e-02 7.0300000000e-04 1.5600000000e-04 1.4000000000e-04 2.6400000000e-04 2.6400000000e-04 2.5000000000e-04 2.3100000000e-04
1.0582838135e+09 6.6817000000e-02 5.3000000000e-04 1.5700000000e-04 -2.8200000000e-04 3.4800000000e-04 2.7900000000e-04 3.1400000000e-04 2.7300000000e-04
1.0616275635e+09 6.7602000000e-02 4.7100000000e-04 3.7500000000e-04 1.8400000000e-04 2.6200000000e-04 2.6900000000e-04 3.0200000000e-04 2.5800000000e-04
1.0649713135e+09 6.7208000000e-02 1.3800000000e-03 1.2200000000e-04 2.7200000000e-04 2.7500000000e-04 2.5600000000e-04 2.7100000000e-04 2.3300000000e-04
1.0683150635e+09 6.7131000000e-02 6.7200000000e-04 2.8400000000e-04 5.9000000000e-04 2.7000000000e-04 2.7300000000e-04 2.8900000000e-04 2.8800000000e-04
1.0716588135e+09 6.7464000000e-02 9.2600000000e-04 4.7700000000e-04 3.0200000000e-04 3.0300000000e-04 2.5700000000e-04 2.6600000000e-04 2.5100000000e-04
1.0750025635e+09 6.7062000000e-02 1.0920000000e-03 3.0600000000e-04 -2.9000000000e-04 2.9400000000e-04 2.4100000000e-04 2.6600000000e-04 2.5300000000e-04
1.0783463135e+09 6.6715000000e-02 6.0900000000e-04 3.7900000000e-04 -5.0900000000e-04 2.8100000000e-04 2.6700000000e-04 2.5800000000e-04 2.2800000000e-04
1.0816900635e+09 6.6687000000e-02 1.3650000000e-03 4.6700000000e-04 -8.5000000000e-05 2.7500000000e-04 2.5600000000e-04 2.4200000000e-04 2.4500000000e-04
1.0850338135e+09 6.5864000000e-02 1.4910000000e-03 -5.9000000000e-04 -2.0300000000e-04 3.1100000000e-04 2.5000000000e-04 2.7800000000e-04 2.9000000000e-04
1.0950650635e+09 6.5934000000e-02 1.2820000000e-03 -8.5000000000e-05 6.8000000000e-05 3.1800000000e-04 2.5700000000e-04 2.9700000000e-04 2.5900000000e-04
1.0984088135e+09 6.5945000000e-02 9.5600000000e-04 2.5900000000e-04 -2.1700000000e-04 2.3700000000e-04 2.9600000000e-04 2.3800000000e-04 2.5300000000e-04
1.1017525635e+09 6.5304000000e-02 9.6500000000e-04 -2.3000000000e-05 -6.9400000000e-04 3.1500000000e-04 3.2100000000e-04 2.6700000000e-04 3.0100000000e-04
1.1050963135e+09 6.5933000000e-02 1.2060000000e-03 4.6600000000e-04 3.8000000000e-05 3.1000000000e-04 2.5600000000e-04 2.5700000000e-04 2.6700000000e-04
1.1117838135e+09 6.5344000000e-02 3.8800000000e-04 1.0400000000e-04 1.5700000000e-04 3.0500000000e-04 2.4900000000e-04 2.5300000000e-04 2.2400000000e-04
1.1151275635e+09 6.6299000000e-02 5.6400000000e-04 5.0700000000e-04 4.6000000000e-04 2.8800000000e-04 2.4300000000e-04 2.4300000000e-04 2.4500000000e-04
1.1184713135e+09 6.5750000000e-02 4.1400000000e-04 6.6700000000e-04 -5.1000000000e-05 2.5500000000e-04 2.5100000000e-04 2.4400000000e-04 2.5300000000e-04
1.1218150635e+09 6.5675000000e-02 7.3100000000e-04 4.0300000000e-04 -1.7000000000e-04 2.8200000000e-04 2.6000000000e-04 2.7400000000e-04 2.2300000000e-04
1.1251588135e+09 6.5103000000e-02 9.7200000000e-04 7.9800000000e-04 4.6500000000e-04 2.3100000000e-04 2.8300000000e-04 2.6000000000e-04 2.8000000000e-04
1.1285025635e+09 6.5298000000e-02 1.3100000000e-03 2.4200000000e-04 2.7000000000e-04 2.5400000000e-04 2.4500000000e-04 2.4500000000e-04 2.4200000000e-04
1.1318463135e+09 6.5068000000e-02 8.5000000000e-04 2.4300000000e-04 2.3600000000e-04 2.8200000000e-04 2.8400000000e-04 2.5700000000e-04 2.6700000000e-04
1.1385338135e+09 6.4599000000e-02 9.3000000000e-04 2.5600000000e-04 -3.2400000000e-04 2.8300000000e-04 2.9800000000e-04 3.2100000000e-04 2.8300000000e-04
1.1418775635e+09 6.4690000000e-02 7.3600000000e-04 -8.0000000000e-05 1.1600000000e-04 2.8200000000e-04 2.6300000000e-04 2.6500000000e-04 2.5300000000e-04
1.1519088135e+09 6.3797000000e-02 5.8300000000e-04 7.7000000000e-05 -6.6400000000e-04 2.9600000000e-04 2.4700000000e-04 2.6300000000e-04 2.9700000000e-04
1.1585963135e+09 6.4595000000e-02 7.9300000000e-04 7.3000000000e-05 -4.9000000000e-04 2.7400000000e-04 2.6500000000e-04 2.4100000000e-04 2.9500000000e-04
1.1652838135e+09 6.4206000000e-02 7.5100000000e-04 7.8200000000e-04 -3.3900000000e-04 3.3000000000e-04 2.4300000000e-04 2.5300000000e-04 2.6600000000e-04
1.1886900635e+09 6.2877000000e-02 7.4800000000e-04 1.5900000000e-04 -3.3700000000e-04 2.9600000000e-04 2.7000000000e-04 3.0500000000e-04 3.1200000000e-04
1.1953775635e+09 6.3878000000e-02 5.9300000000e-04 -3.0000000000e-05 6.5000000000e-05 3.0500000000e-04 2.5300000000e-04 2.9200000000e-04 2.7300000000e-04
1.2154400635e+09 6.3230000000e-02 8.0000000000e-04 -2.9000000000e-04 -1.6100000000e-04 4.4300000000e-04 3.3400000000e-04 3.1300000000e-04 3.5700000000e-04
1.2187838135e+09 6.1800000000e-02 5.8400000000e-04 -1.7000000000e-05 -5.5200000000e-04 4.5800000000e-04 3.4800000000e-04 3.3100000000e-04 4.4700000000e-04
1.2221275635e+09 6.2860000000e-02 6.7800000000e-04 1.1390000000e-03 6.5000000000e-05 3.6600000000e-04 3.9800000000e-04 3.9600000000e-04 4.3700000000e-04
1.2388463135e+09 6.1335000000e-02 1.9400000000e-04 3.0100000000e-04 1.0000000000e-04 3.6800000000e-04 3.0900000000e-04 3.1100000000e-04 3.5100000000e-04
1.2421900635e+09 6.0990000000e-02 6.5300000000e-04 -7.4000000000e-05 -3.5900000000e-04 3.1600000000e-04 3.1900000000e-04 2.6100000000e-04 3.1500000000e-04
1.2555650635e+09 6.0868000000e-02 1.0970000000e-03 1.1310000000e-03 -4.0100000000e-04 2.4100000000e-04 2.5000000000e-04 2.4500000000e-04 2.3100000000e-04
1.2589088135e+09 6.2086000000e-02 1.1130000000e-03 3.9100000000e-04 1.9800000000e-04 2.8000000000e-04 2.4300000000e-04 2.6600000000e-04 2.4900000000e-04
1.2856588135e+09 6.0928000000e-02 1.7600000000e-04 4.5000000000e-05 3.9700000000e-04 4.0700000000e-04 4.2700000000e-04 3.6500000000e-04 3.9500000000e-04
1.2990338135e+09 6.1623000000e-02 8.0300000000e-04 -6.0000000000e-05 -1.6800000000e-04 2.1000000000e-04 2.4900000000e-04 2.3900000000e-04 2.3900000000e-04
1.3023775635e+09 6.1038000000e-02 1.1800000000e-04 1.8300000000e-04 -2.3200000000e-04 2.5200000000e-04 2.2500000000e-04 2.5600000000e-04 2.3500000000e-04
1.3057213135e+09 6.0889000000e-02 5.7900000000e-04 6.5700000000e-04 -2.7500000000e-04 2.4300000000e-04 2.0100000000e-04 2.3500000000e-04 2.5200000000e-04
1.3090650635e+09 6.0864000000e-02 7.8700000000e-04 6.2700000000e-04 -1.6800000000e-04 2.2500000000e-04 2.2100000000e-04 2.1000000000e-04 2.2800000000e-04
1.3124088135e+09 6.0597000000e-02 7.7400000000e-04 5.7200000000e-04 1.0000000000e-04 2.2200000000e-04 2.4200000000e-04 2.2500000000e-04 2.1300000000e-04
1.3157525635e+09 6.0887000000e-02 4.4300000000e-04 6.8100000000e-04 -3.3100000000e-04 2.3600000000e-04 2.3900000000e-04 2.2700000000e-04 2.0700000000e-04
1.3190963135e+09 6.1214000000e-02 7.8100000000e-04 2.0400000000e-04 -2.9600000000e-04 2.2800000000e-04 2.0800000000e-04 2.3100000000e-04 2.1300000000e-04
1.3224400635e+09 6.0600000000e-02 8.9200000000e-04 4.1400000000e-04 -2.0000000000e-04 2.3000000000e-04 2.1900000000e-04 2.4000000000e-04 2.4000000000e-04
1.3257838135e+09 6.0629000000e-02 9.8200000000e-04 1.8000000000e-05 -4.2100000000e-04 2.5000000000e-04 2.0500000000e-04 1.9600000000e-04 2.0100000000e-04
1.3291275635e+09 6.0807000000e-02 1.1240000000e-03 4.3300000000e-04 3.7600000000e-04 2.4100000000e-04 2.3400000000e-04 2.2400000000e-04 1.9700000000e-04
1.3324713135e+09 5.9922000000e-02 9.0000000000e-04 3.5900000000e-04 -3.0200000000e-04 2.0500000000e-04 2.3300000000e-04 2.0800000000e-04 2.2800000000e-04
1.3358150635e+09 6.0393000000e-02 8.6300000000e-04 3.7300000000e-04 -3.1300000000e-04 2.1300000000e-04 1.9400000000e-04 2.0200000000e-04 2.2600000000e-04
1.3391588135e+09 5.9666000000e-02 9.8000000000e-04 4.7200000000e-04 5.5000000000e-05 2.1100000000e-04 2.3400000000e-04 2.2400000000e-04 2.1400000000e-04
1.3425025635e+09 6.0209000000e-02 8.0200000000e-04 4.0000000000e-06 -3.0500000000e-04 2.1600000000e-04 2.1300000000e-04 2.2700000000e-04 2.0000000000e-04
1.3458463135e+09 5.9744000000e-02 1.1310000000e-03 1.0200000000e-04 -4.4200000000e-04 2.0300000000e-04 1.9100000000e-04 2.1100000000e-04 2.2700000000e-04
1.3491900635e+09 6.0228000000e-02 9.7200000000e-04 5.5700000000e-04 8.4000000000e-05 2.1700000000e-04 2.2900000000e-04 2.1400000000e-04 2.0000000000e-04
1.3525338135e+09 5.9748000000e-02 9.0500000000e-04 -2.1100000000e-04 -3.2000000000e-04 2.1500000000e-04 2.1100000000e-04 2.3900000000e-04 2.3100000000e-04
1.3558775635e+09 5.9704000000e-02 7.8600000000e-04 5.4800000000e-04 -2.9400000000e-04 2.3500000000e-04 1.9800000000e-04 2.1200000000e-04 2.0900000000e-04
1.3592213135e+09 6.0162000000e-02 2.6800000000e-04 7.3500000000e-04 -2.3700000000e-04 2.3000000000e-04 2.1500000000e-04 2.2100000000e-04 1.9900000000e-04
1.3625650635e+09 6.0169000000e-02 7.1200000000e-04 1.4800000000e-04 -2.9200000000e-04 2.1500000000e-04 1.9900000000e-04 2.0100000000e-04 2.3300000000e-04
1.3659088135e+09 5.9643000000e-02 8.6600000000e-04 1.5000000000e-04 -1.2600000000e-04 1.9900000000e-04 2.0500000000e-04 2.0200000000e-04 1.9600000000e-04
1.3692525635e+09 5.9758000000e-02 9.2300000000e-04 5.0400000000e-04 -1.9700000000e-04 1.9800000000e-04 2.0700000000e-04 2.1500000000e-04 2.0400000000e-04
1.3725963135e+09 5.9489000000e-02 6.4000000000e-04 1.7200000000e-04 4.7000000000e-04 1.9400000000e-04 2.1300000000e-04 2.1000000000e-04 2.2200000000e-04
1.3759400635e+09 5.9730000000e-02 5.5400000000e-04 4.8000000000e-05 -1.5300000000e-04 1.9300000000e-04 2.1500000000e-04 2.1100000000e-04 2.1800000000e-04
1.3792838135e+09 5.9213000000e-02 7.2500000000e-04 -3.5800000000e-04 -3.6000000000e-05 2.0500000000e-04 2.2300000000e-04 2.1300000000e-04 2.2200000000e-04
1.3826275635e+09 5.9326000000e-02 7.7900000000e-04 9.6000000000e-05 8.6000000000e-05 2.1300000000e-04 2.1100000000e-04 2.0800000000e-04 2.0900000000e-04
1.3859713135e+09 5.8951000000e-02 1.1880000000e-03 3.1800000000e-04 2.0000000000e-05 2.0500000000e-04 1.8400000000e-04 2.0900000000e-04 1.9700000000e-04
1.3893150635e+09 5.9456000000e-02 6.2000000000e-04 7.9000000000e-05 2.0000000000e-05 2.2200000000e-04 2.0600000000e-04 2.0800000000e-04 2.0500000000e-04
1.3926588135e+09 5.9545000000e-02 3.2800000000e-04 -3.1500000000e-04 4.1900000000e-04 2.1100000000e-04 2.0900000000e-04 1.9800000000e-04 2.1400000000e-04
1.3960025635e+09 5.8947000000e-02 6.2900000000e-04 1.8300000000e-04 -1.4000000000e-04 2.1900000000e-04 2.1000000000e-04 2.0200000000e-04 2.0700000000e-04
1.3993463135e+09 5.8959000000e-02 6.1200000000e-04 2.9500000000e-04 2.9800000000e-04 2.1000000000e-04 2.3000000000e-04 2.2900000000e-04 2.1400000000e-04
1.4026900635e+09 5.8818000000e-02 1.0340000000e-03 9.3600000000e-04 -2.9000000000e-05 2.0000000000e-04 2.1100000000e-04 2.1500000000e-04 2.0200000000e-04
1.4060338135e+09 5.8979000000e-02 7.6200000000e-04 4.0000000000e-04 -1.9500000000e-04 2.2800000000e-04 1.9600000000e-04 2.1600000000e-04 2.0900000000e-04
1.4093775635e+09 5.8939000000e-02 5.1100000000e-04 6.2700000000e-04 -1.3100000000e-04 2.1000000000e-04 2.0500000000e-04 2.1500000000e-04 1.8400000000e-04
1.4127213135e+09 5.9221000000e-02 8.3000000000e-04 5.5000000000e-04 8.6000000000e-05 2.3600000000e-04 2.0100000000e-04 2.3800000000e-04 1.9300000000e-04
1.4160650635e+09 5.8373000000e-02 4.4900000000e-04 1.5500000000e-04 -8.1000000000e-05 2.0900000000e-04 1.9300000000e-04 2.1800000000e-04 2.1700000000e-04
1.4227525635e+09 5.8712000000e-02 6.5600000000e-04 1.1300000000e-04 4.6300000000e-04 2.6800000000e-04 2.7400000000e-04 3.0600000000e-04 2.9600000000e-04
1.4260963135e+09 5.8569000000e-02 8.3400000000e-04 5.5700000000e-04 -1.6100000000e-04 2.3500000000e-04 1.9400000000e-04 2.0100000000e-04 2.0300000000e-04
1.4294400635e+09 5.8466000000e-02 1.1820000000e-03 1.1300000000e-03 -3.5900000000e-04 2.1400000000e-04 1.9800000000e-04 1.8100000000e-04 2.1600000000e-04
1.4327838135e+09 5.8171000000e-02 1.3520000000e-03 3.6700000000e-04 4.1000000000e-05 2.1600000000e-04 2.1000000000e-04 2.0500000000e-04 1.9900000000e-04
1.4361275635e+09 5.8249000000e-02 1.1140000000e-03 2.1000000000e-05 -1.2400000000e-04 2.0000000000e-04 2.0700000000e-04 2.1900000000e-04 2.0200000000e-04
1.4394713135e+09 5.8527000000e-02 8.4900000000e-04 7.1700000000e-04 -6.4000000000e-05 2.1200000000e-04 2.2300000000e-04 2.1300000000e-04 2.1600000000e-04
1.4428150635e+09 5.7991000000e-02 5.1700000000e-04 2.8500000000e-04 4.7500000000e-04 2.1800000000e-04 1.9100000000e-04 2.1900000000e-04 2.3000000000e-04
1.4461588135e+09 5.8223000000e-02 1.0210000000e-03 1.4100000000e-04 2.1200000000e-04 2.2700000000e-04 2.1800000000e-04 2.1200000000e-04 2.2000000000e-04
1.4495025635e+09 5.8106000000e-02 8.2600000000e-04 5.4700000000e-04 -9.3000000000e-05 2.1900000000e-04 2.1500000000e-04 2.1500000000e-04 1.8900000000e-04
1.4528463135e+09 5.8284000000e-02 3.9800000000e-04 -9.6000000000e-05 -1.9300000000e-04 2.1200000000e-04 1.8200000000e-04 2.2200000000e-04 2.0200000000e-04
1.4561900635e+09 5.7999000000e-02 9.7500000000e-04 1.8200000000e-04 -8.3000000000e-05 1.9800000000e-04 2.3400000000e-04 2.1000000000e-04 2.1900000000e-04
1.4595338135e+09 5.7611000000e-02 9.0200000000e-04 3.2300000000e-04 -2.5000000000e-05 2.0300000000e-04 2.4300000000e-04 2.2600000000e-04 2.1400000000e-04
1.4628775635e+09 5.7784000000e-02 7.4200000000e-04 2.7100000000e-04 8.5000000000e-05 2.0000000000e-04 2.1000000000e-04 1.9900000000e-04 1.7300000000e-04
1.4662213135e+09 5.7974000000e-02 7.7400000000e-04 4.2700000000e-04 -1.4000000000e-05 2.3600000000e-04 2.0900000000e-04 2.0700000000e-04 2.1800000000e-04
1.4695650635e+09 5.8406000000e-02 1.0610000000e-03 5.7900000000e-04 -4.0800000000e-04 2.3600000000e-04 2.1500000000e-04 2.0000000000e-04 2.3300000000e-04
1.4729088135e+09 5.8099000000e-02 1.1940000000e-03 3.4600000000e-04 2.7100000000e-04 2.0200000000e-04 2.1000000000e-04 2.0300000000e-04 2.0700000000e-04
1.4762525635e+09 5.7824000000e-02 8.1900000000e-04 6.5000000000e-05 -1.7500000000e-04 2.2700000000e-04 2.0600000000e-04 2.1400000000e-04 2.1600000000e-04
1.4795963135e+09 5.7609000000e-02 1.3910000000e-03 5.3000000000e-05 2.5700000000e-04 2.0400000000e-04 2.0500000000e-04 2.2000000000e-04 2.1500000000e-04
1.4829400635e+09 5.7652000000e-02 8.8100000000e-04 5.9300000000e-04 -1.0300000000e-04 1.9000000000e-04 2.1900000000e-04 2.1700000000e-04 1.9300000000e-04
1.4862838135e+09 5.7376000000e-02 5.2400000000e-04 6.4400000000e-04 1.7500000000e-04 2.1100000000e-04 1.9400000000e-04 2.1900000000e-04 1.9800000000e-04
1.4896275635e+09 5.7263000000e-02 9.2300000000e-04 4.6500000000e-04 -2.9700000000e-04 2.0000000000e-04 2.0700000000e-04 2.0700000000e-04 1.9400000000e-04
1.4929713135e+09 5.7332000000e-02 8.7400000000e-04 1.6900000000e-04 -3.1000000000e-05 2.1100000000e-04 2.1100000000e-04 2.0100000000e-04 2.1200000000e-04
1.4963150635e+09 5.7641000000e-02 7.6100000000e-04 3.0400000000e-04 -2.1400000000e-04 2.0200000000e-04 2.1000000000e-04 2.2100000000e-04 2.0900000000e-04
1.4996588135e+09 5.7117000000e-02 1.0860000000e-03 1.0500000000e-04 1.6700000000e-04 2.3400000000e-04 2.2400000000e-04 2.2900000000e-04 2.2300000000e-04
1.5030025635e+09 5.7057000000e-02 6.7100000000e-04 6.9000000000e-05 3.7400000000e-04 2.3500000000e-04 2.0600000000e-04 2.4900000000e-04 2.4300000000e-04
1.5063463135e+09 5.7211000000e-02 7.7600000000e-04 6.9000000000e-05 1.8100000000e-04 2.4100000000e-04 2.1600000000e-04 2.1600000000e-04 2.3700000000e-04
1.5096900635e+09 5.7472000000e-02 8.0100000000e-04 7.9000000000e-05 -2.5400000000e-04 2.4000000000e-04 2.1300000000e-04 2.6300000000e-04 2.1800000000e-04
1.5130338135e+09 5.7670000000e-02 8.6900000000e-04 5.8000000000e-05 1.5100000000e-04 2.3000000000e-04 2.5200000000e-04 2.5300000000e-04 2.3600000000e-04
1.5163775635e+09 5.8078000000e-02 1.0000000000e-03 7.0600000000e-04 2.0600000000e-04 2.9200000000e-04 2.7600000000e-04 2.7700000000e-04 2.6800000000e-04
1.5230650635e+09 5.7964000000e-02 1.3600000000e-03 7.5400000000e-04 -1.3500000000e-04 2.8600000000e-04 2.7700000000e-04 2.8800000000e-04 2.7900000000e-04
1.5565025635e+09 5.7630000000e-02 8.2500000000e-04 5.3700000000e-04 -5.9700000000e-04 3.2700000000e-04 3.2900000000e-04 3.1700000000e-04 2.9800000000e-04
1.5698775635e+09 5.6656000000e-02 1.3340000000e-03 6.3300000000e-04 4.8000000000e-05 4.0600000000e-04 3.3500000000e-04 3.3000000000e-04 4.2700000000e-04
1.5832525635e+09 5.6056000000e-02 9.9700000000e-04 -4.1000000000e-05 3.6300000000e-04 3.5400000000e-04 3.0000000000e-04 2.8000000000e-04 3.4800000000e-04
1.5865963135e+09 5.6897000000e-02 1.0790000000e-03 2.6700000000e-04 1.8800000000e-04 3.4900000000e-04 3.1600000000e-04 2.9300000000e-04 3.2500000000e-04
1.5932838135e+09 5.5248000000e-02 6.5300000000e-04 -3.6000000000e-05 -3.0600000000e-04 3.0200000000e-04 3.2300000000e-04 3.3800000000e-04 3.0300000000e-04
1.5966275635e+09 5.6195000000e-02 1.0210000000e-03 3.9300000000e-04 2.0100000000e-04 2.4300000000e-04 2.5100000000e-04 2.4300000000e-04 2.3400000000e-04
1.6066588135e+09 5.6066000000e-02 9.6900000000e-04 1.7800000000e-04 -1.9500000000e-04 2.4100000000e-04 2.3400000000e-04 2.5000000000e-04 2.4800000000e-04
1.6100025635e+09 5.6137000000e-02 9.2500000000e-04 3.3000000000e-04 -4.2600000000e-04 2.4200000000e-04 2.2000000000e-04 2.2200000000e-04 2.2000000000e-04
1.6133463135e+09 5.5904000000e-02 1.1970000000e-03 -4.2000000000e-05 7.7000000000e-05 2.0500000000e-04 2.3300000000e-04 2.3200000000e-04 2.2700000000e-04
1.6166900635e+09 5.5049000000e-02 7.7600000000e-04 -1.4900000000e-04 -9.8000000000e-05 2.6800000000e-04 2.1300000000e-04 2.1500000000e-04 2.1200000000e-04
1.6300650635e+09 5.5355000000e-02 9.4300000000e-04 -1.1000000000e-05 6.7000000000e-05 2.5000000000e-04 2.2200000000e-04 2.2600000000e-04 2.4100000000e-04
1.6334088135e+09 5.5158000000e-02 7.7700000000e-04 4.4300000000e-04 1.8700000000e-04 2.3200000000e-04 2.0600000000e-04 1.9600000000e-04 2.0600000000e-04
1.6367525635e+09 5.4979000000e-02 5.4400000000e-04 1.4700000000e-04 4.4000000000e-05 2.1500000000e-04 2.1500000000e-04 2.1900000000e-04 2.2700000000e-04
1.6400963135e+09 5.4928000000e-02 1.2310000000e-03 2.1700000000e-04 -1.8300000000e-04 2.1400000000e-04 2.0700000000e-04 2.4200000000e-04 2.3500000000e-04
1.6434400635e+09 5.5133000000e-02 4.1600000000e-04 3.5000000000e-04 -1.1000000000e-04 2.3400000000e-04 1.9800000000e-04 2.0400000000e-04 2.1800000000e-04
1.6467838135e+09 5.5716000000e-02 2.5600000000e-04 4.5700000000e-04 -2.5600000000e-04 2.2500000000e-04 2.4600000000e-04 2.2300000000e-04 2.2500000000e-04
