9.044713134765620232e+08 8.753500000000000170e-02 3.029999999999999924e-04 -4.139999999999999800e-04 2.709999999999999735e-04 2.280000000000000126e-04 2.269999999999999882e-04
9.078150634765620232e+08 8.761900000000000244e-02 4.530000000000000064e-04 -8.299999999999999815e-05 2.880000000000000073e-04 2.310000000000000042e-04 2.130000000000000003e-04
9.111588134765620232e+08 8.753900000000000570e-02 2.359999999999999902e-04 -3.069999999999999812e-04 2.849999999999999886e-04 2.329999999999999986e-04 2.290000000000000098e-04
9.145025634765620232e+08 8.775499999999999967e-02 6.089999999999999494e-04 1.099999999999999971e-05 2.590000000000000071e-04 2.550000000000000183e-04 2.329999999999999986e-04
9.178463134765620232e+08 8.822199999999999487e-02 1.759999999999999954e-04 -1.420000000000000092e-04 2.500000000000000052e-04 2.259999999999999910e-04 2.269999999999999882e-04
9.211900634765620232e+08 8.757199999999999707e-02 3.660000000000000059e-04 -2.910000000000000260e-04 2.509999999999999753e-04 2.169999999999999891e-04 2.280000000000000126e-04
9.245338134765620232e+08 8.783599999999999741e-02 4.270000000000000249e-04 -4.679999999999999915e-04 2.759999999999999867e-04 2.280000000000000126e-04 2.329999999999999986e-04
9.278775634765620232e+08 8.782800000000000329e-02 5.990000000000000316e-04 -3.879999999999999985e-04 2.539999999999999940e-04 2.280000000000000126e-04 2.579999999999999828e-04
9.312213134765620232e+08 8.815800000000000025e-02 5.969999999999999829e-04 -5.820000000000000520e-04 2.700000000000000035e-04 2.460000000000000164e-04 2.269999999999999882e-04
9.512838134765620232e+08 8.819299999999999362e-02 6.099999999999999872e-05 2.799999999999999958e-05 2.770000000000000110e-04 2.519999999999999996e-04 2.259999999999999910e-04
9.613150634765620232e+08 8.832199999999999773e-02 3.820000000000000153e-04 9.399999999999999448e-05 2.590000000000000071e-04 2.280000000000000126e-04 2.500000000000000052e-04
9.646588134765620232e+08 8.788100000000000078e-02 6.419999999999999925e-04 -4.609999999999999840e-04 2.220000000000000022e-04 2.320000000000000014e-04 2.380000000000000117e-04
9.680025634765620232e+08 8.817099999999999937e-02 5.900000000000000296e-04 -2.120000000000000031e-04 2.390000000000000089e-04 2.139999999999999975e-04 2.180000000000000134e-04
9.713463134765620232e+08 8.817500000000000338e-02 9.110000000000000259e-04 -4.100000000000000047e-05 2.180000000000000134e-04 2.290000000000000098e-04 2.000000000000000096e-04
9.746900634765620232e+08 8.817800000000000638e-02 6.210000000000000242e-04 -5.079999999999999880e-04 2.590000000000000071e-04 1.939999999999999993e-04 2.049999999999999956e-04
9.780338134765620232e+08 8.798699999999999577e-02 1.113999999999999973e-03 -2.320000000000000014e-04 2.369999999999999874e-04 2.280000000000000126e-04 1.920000000000000049e-04
9.813775634765620232e+08 8.806100000000000039e-02 8.710000000000000294e-04 -6.549999999999999833e-04 2.310000000000000042e-04 2.130000000000000003e-04 2.049999999999999956e-04
9.847213134765620232e+08 8.803800000000000514e-02 7.919999999999999523e-04 6.999999999999999895e-06 2.200000000000000078e-04 2.149999999999999947e-04 1.879999999999999890e-04
9.880650634765620232e+08 8.757900000000000407e-02 4.800000000000000122e-04 -4.550000000000000008e-04 2.159999999999999919e-04 2.069999999999999900e-04 2.120000000000000031e-04
9.914088134765620232e+08 8.777100000000000180e-02 2.759999999999999867e-04 1.320000000000000101e-04 2.249999999999999938e-04 2.110000000000000059e-04 2.220000000000000022e-04
9.947525634765620232e+08 8.798300000000000565e-02 6.960000000000000041e-04 -2.700000000000000035e-04 2.100000000000000087e-04 2.079999999999999872e-04 2.030000000000000012e-04
9.980963134765620232e+08 8.814099999999999713e-02 6.419999999999999925e-04 -1.689999999999999879e-04 2.329999999999999986e-04 2.159999999999999919e-04 2.190000000000000106e-04
1.001440063476559997e+09 8.766500000000000681e-02 4.220000000000000118e-04 -6.149999999999999868e-04 2.320000000000000014e-04 1.939999999999999993e-04 2.049999999999999956e-04
1.004783813476559997e+09 8.810300000000000076e-02 7.879999999999999635e-04 -8.299999999999999815e-05 2.239999999999999966e-04 1.969999999999999909e-04 2.039999999999999984e-04
1.008127563476559997e+09 8.813699999999999313e-02 5.069999999999999637e-04 -2.809999999999999998e-04 2.359999999999999902e-04 2.000000000000000096e-04 1.900000000000000105e-04
1.011471313476559997e+09 8.768299999999999705e-02 8.310000000000000329e-04 9.999999999999999547e-07 2.339999999999999958e-04 2.159999999999999919e-04 1.979999999999999881e-04
1.014815063476559997e+09 8.774400000000000255e-02 6.239999999999999887e-04 -3.299999999999999982e-04 2.300000000000000070e-04 2.039999999999999984e-04 1.949999999999999965e-04
1.018158813476559997e+09 8.769599999999999618e-02 4.079999999999999968e-04 -4.300000000000000165e-05 2.190000000000000106e-04 2.030000000000000012e-04 2.169999999999999891e-04
1.021502563476559997e+09 8.790499999999999703e-02 5.060000000000000478e-04 7.899999999999999579e-05 2.130000000000000003e-04 2.120000000000000031e-04 1.979999999999999881e-04
1.024846313476559997e+09 8.801799999999999902e-02 6.199999999999999999e-04 -3.269999999999999795e-04 2.259999999999999910e-04 2.200000000000000078e-04 1.890000000000000133e-04
1.028190063476559997e+09 8.763300000000000256e-02 8.019999999999999785e-04 8.100000000000000375e-05 2.239999999999999966e-04 2.020000000000000040e-04 2.100000000000000087e-04
1.031533813476559997e+09 8.739299999999999846e-02 3.099999999999999999e-04 -2.669999999999999847e-04 2.249999999999999938e-04 1.920000000000000049e-04 2.159999999999999919e-04
1.034877563476559997e+09 8.816999999999999837e-02 8.890000000000000333e-04 -2.090000000000000115e-04 2.039999999999999984e-04 1.990000000000000124e-04 1.930000000000000021e-04
1.038221313476559997e+09 8.749899999999999345e-02 7.720000000000000083e-04 -8.600000000000000331e-05 2.069999999999999900e-04 1.830000000000000029e-04 1.959999999999999937e-04
1.041565063476559997e+09 8.724500000000000310e-02 5.069999999999999637e-04 -5.069999999999999637e-04 2.110000000000000059e-04 2.259999999999999910e-04 2.149999999999999947e-04
1.044908813476559997e+09 8.752600000000000657e-02 7.370000000000000249e-04 -5.439999999999999957e-04 2.229999999999999994e-04 2.110000000000000059e-04 2.090000000000000115e-04
1.048252563476559997e+09 8.739800000000000346e-02 4.640000000000000027e-04 -4.659999999999999971e-04 2.269999999999999882e-04 2.069999999999999900e-04 1.920000000000000049e-04
1.051596313476559997e+09 8.723100000000000298e-02 5.879999999999999810e-04 -3.930000000000000117e-04 1.990000000000000124e-04 2.030000000000000012e-04 2.069999999999999900e-04
1.054940063476559997e+09 8.735999999999999321e-02 4.640000000000000027e-04 -1.939999999999999993e-04 2.249999999999999938e-04 2.039999999999999984e-04 2.059999999999999928e-04
1.058283813476559997e+09 8.776000000000000467e-02 6.859999999999999779e-04 -1.119999999999999983e-04 2.049999999999999956e-04 1.830000000000000029e-04 1.969999999999999909e-04
1.061627563476559997e+09 8.770400000000000418e-02 6.279999999999999775e-04 2.550000000000000183e-04 1.969999999999999909e-04 2.100000000000000087e-04 1.859999999999999945e-04
1.064971313476559997e+09 8.700199999999999600e-02 6.800000000000000488e-04 -2.239999999999999966e-04 2.000000000000000096e-04 1.990000000000000124e-04 1.900000000000000105e-04
1.068315063476559997e+09 8.752699999999999370e-02 8.289999999999999843e-04 -3.600000000000000091e-05 1.990000000000000124e-04 1.869999999999999917e-04 2.059999999999999928e-04
1.071658813476559997e+09 8.747199999999999420e-02 7.269999999999999987e-04 -1.289999999999999914e-04 2.049999999999999956e-04 1.939999999999999993e-04 1.930000000000000021e-04
1.075002563476560116e+09 8.710600000000000287e-02 6.989999999999999686e-04 1.129999999999999955e-04 2.010000000000000068e-04 1.890000000000000133e-04 1.979999999999999881e-04
1.078346313476560116e+09 8.766400000000000581e-02 5.890000000000000053e-04 8.700000000000000051e-05 2.210000000000000050e-04 1.920000000000000049e-04 1.900000000000000105e-04
1.081690063476560116e+09 8.724200000000000010e-02 6.409999999999999682e-04 -2.400000000000000061e-04 2.039999999999999984e-04 2.190000000000000106e-04 1.910000000000000077e-04
1.085033813476560116e+09 8.757500000000000007e-02 7.969999999999999654e-04 7.999999999999999638e-06 2.069999999999999900e-04 2.130000000000000003e-04 1.930000000000000021e-04
1.095065063476560116e+09 8.703099999999999725e-02 3.110000000000000243e-04 -1.589999999999999888e-04 2.220000000000000022e-04 1.859999999999999945e-04 1.990000000000000124e-04
1.098408813476560116e+09 8.681800000000000628e-02 8.760000000000000425e-04 1.219999999999999974e-04 2.130000000000000003e-04 1.810000000000000085e-04 1.779999999999999898e-04
1.101752563476560116e+09 8.729199999999999460e-02 5.869999999999999567e-04 -1.979999999999999881e-04 2.410000000000000033e-04 2.010000000000000068e-04 2.030000000000000012e-04
1.105096313476560116e+09 8.725800000000000223e-02 5.220000000000000031e-04 -4.029999999999999837e-04 2.239999999999999966e-04 1.979999999999999881e-04 1.990000000000000124e-04
1.108440063476560116e+09 8.710700000000000387e-02 7.619999999999999820e-04 -2.730000000000000222e-04 2.069999999999999900e-04 1.939999999999999993e-04 1.990000000000000124e-04
1.111783813476560116e+09 8.713300000000000212e-02 8.850000000000000444e-04 1.959999999999999937e-04 2.159999999999999919e-04 1.900000000000000105e-04 1.820000000000000057e-04
1.115127563476560116e+09 8.733200000000000685e-02 7.669999999999999951e-04 -3.930000000000000117e-04 2.130000000000000003e-04 2.030000000000000012e-04 1.879999999999999890e-04
1.118471313476560116e+09 8.722599999999999798e-02 7.640000000000000306e-04 -2.130000000000000003e-04 2.069999999999999900e-04 2.010000000000000068e-04 1.930000000000000021e-04
1.121815063476560116e+09 8.713100000000000012e-02 8.930000000000000221e-04 1.900000000000000105e-05 1.959999999999999937e-04 1.800000000000000113e-04 1.820000000000000057e-04
1.125158813476560116e+09 8.720100000000000073e-02 4.240000000000000062e-04 -1.779999999999999898e-04 2.100000000000000087e-04 1.859999999999999945e-04 1.930000000000000021e-04
1.131846313476560116e+09 8.760600000000000331e-02 6.980000000000000527e-04 -5.400000000000000069e-04 2.049999999999999956e-04 1.840000000000000001e-04 1.679999999999999907e-04
1.135190063476560116e+09 8.682199999999999640e-02 1.110000000000000092e-03 -5.010000000000000347e-04 2.229999999999999994e-04 1.879999999999999890e-04 1.759999999999999954e-04
1.138533813476560116e+09 8.743199999999999583e-02 9.730000000000000151e-04 1.910000000000000077e-04 2.010000000000000068e-04 1.779999999999999898e-04 1.700000000000000122e-04
1.141877563476560116e+09 8.676899999999999891e-02 5.500000000000000331e-04 -1.869999999999999917e-04 2.290000000000000098e-04 1.830000000000000029e-04 1.990000000000000124e-04
1.151908813476560116e+09 8.675099999999999478e-02 7.460000000000000268e-04 -6.139999999999999625e-04 2.220000000000000022e-04 2.200000000000000078e-04 1.969999999999999909e-04
1.155252563476560116e+09 8.757299999999999807e-02 4.470000000000000232e-04 -5.800000000000000034e-05 2.030000000000000012e-04 1.869999999999999917e-04 1.810000000000000085e-04
1.158596313476560116e+09 8.776200000000000667e-02 4.859999999999999954e-04 -3.499999999999999964e-04 2.239999999999999966e-04 1.879999999999999890e-04 2.069999999999999900e-04
1.165283813476560116e+09 8.780599999999999516e-02 8.869999999999999846e-04 -4.049999999999999781e-04 2.039999999999999984e-04 1.849999999999999973e-04 1.869999999999999917e-04
1.168627563476560116e+09 8.742500000000000271e-02 8.350000000000000217e-04 -2.489999999999999809e-04 2.889999999999999774e-04 2.730000000000000222e-04 2.700000000000000035e-04
1.188690063476560116e+09 8.770600000000000618e-02 8.390000000000000105e-04 -1.589999999999999888e-04 2.200000000000000078e-04 2.020000000000000040e-04 1.949999999999999965e-04
1.195377563476560116e+09 8.778700000000000392e-02 8.809999999999999472e-04 -1.959999999999999937e-04 2.530000000000000239e-04 2.030000000000000012e-04 1.990000000000000124e-04
1.215440063476560116e+09 8.771199999999999830e-02 1.103000000000000031e-03 -4.000000000000000192e-04 2.390000000000000089e-04 1.959999999999999937e-04 1.990000000000000124e-04
1.218783813476560116e+09 8.778500000000000192e-02 6.160000000000000111e-04 -4.350000000000000026e-04 2.090000000000000115e-04 2.010000000000000068e-04 1.859999999999999945e-04
1.235502563476560116e+09 8.766999999999999793e-02 5.890000000000000053e-04 -4.220000000000000118e-04 2.249999999999999938e-04 2.030000000000000012e-04 2.020000000000000040e-04
1.238846313476560116e+09 8.824400000000000299e-02 8.319999999999999488e-04 -1.869999999999999917e-04 2.079999999999999872e-04 1.749999999999999982e-04 1.759999999999999954e-04
1.255565063476560116e+09 8.771600000000000230e-02 9.079999999999999530e-04 -4.560000000000000251e-04 2.380000000000000117e-04 1.890000000000000133e-04 1.789999999999999870e-04
1.258908813476560116e+09 8.843399999999999872e-02 1.237000000000000035e-03 5.300000000000000078e-05 2.200000000000000078e-04 1.840000000000000001e-04 1.869999999999999917e-04
1.285658813476560116e+09 8.735800000000000509e-02 7.470000000000000511e-04 -4.090000000000000211e-04 2.380000000000000117e-04 2.290000000000000098e-04 2.169999999999999891e-04
1.292346313476560116e+09 8.714900000000000424e-02 1.208000000000000089e-03 -6.599999999999999964e-04 2.400000000000000061e-04 2.269999999999999882e-04 2.169999999999999891e-04
1.295690063476560116e+09 8.787799999999999778e-02 9.309999999999999699e-04 -5.060000000000000478e-04 1.879999999999999890e-04 1.810000000000000085e-04 1.930000000000000021e-04
1.299033813476560116e+09 8.811499999999999888e-02 8.030000000000000028e-04 -1.710000000000000094e-04 1.779999999999999898e-04 1.659999999999999963e-04 1.720000000000000066e-04
1.302377563476560116e+09 8.810500000000000276e-02 1.111000000000000008e-03 -1.959999999999999937e-04 1.810000000000000085e-04 1.740000000000000010e-04 1.810000000000000085e-04
1.305721313476560116e+09 8.827100000000000224e-02 9.479999999999999495e-04 -8.100000000000000375e-05 1.800000000000000113e-04 1.579999999999999916e-04 1.759999999999999954e-04
1.309065063476560116e+09 8.860999999999999432e-02 8.329999999999999731e-04 -3.930000000000000117e-04 1.789999999999999870e-04 1.740000000000000010e-04 1.559999999999999972e-04
1.312408813476560116e+09 8.852599999999999358e-02 1.108999999999999960e-03 -6.350000000000000392e-04 1.710000000000000094e-04 1.649999999999999991e-04 1.569999999999999944e-04
1.315752563476560116e+09 8.820300000000000362e-02 9.590000000000000000e-04 -4.560000000000000251e-04 1.710000000000000094e-04 1.610000000000000103e-04 1.900000000000000105e-04
1.319096313476560116e+09 8.866899999999999782e-02 5.829999999999999679e-04 1.230000000000000082e-04 1.649999999999999991e-04 1.579999999999999916e-04 1.620000000000000075e-04
1.322440063476560116e+09 8.839500000000000135e-02 9.759999999999999796e-04 8.299999999999999815e-05 1.869999999999999917e-04 1.749999999999999982e-04 1.700000000000000122e-04
1.325783813476560116e+09 8.814400000000000013e-02 7.709999999999999840e-04 -7.399999999999999623e-05 1.659999999999999963e-04 1.649999999999999991e-04 1.710000000000000094e-04
1.329127563476560116e+09 8.816999999999999837e-02 5.710000000000000015e-04 -2.310000000000000042e-04 1.679999999999999907e-04 1.700000000000000122e-04 1.620000000000000075e-04
1.332471313476560116e+09 8.803900000000000614e-02 9.610000000000000486e-04 -1.759999999999999954e-04 1.689999999999999879e-04 1.669999999999999935e-04 1.610000000000000103e-04
1.335815063476560116e+09 8.800299999999999789e-02 8.919999999999999978e-04 -3.629999999999999872e-04 1.710000000000000094e-04 1.640000000000000019e-04 1.620000000000000075e-04
1.339158813476560116e+09 8.808299999999999463e-02 1.206999999999999957e-03 -2.979999999999999793e-04 1.769999999999999926e-04 1.640000000000000019e-04 1.640000000000000019e-04
1.342502563476560116e+09 8.810099999999999876e-02 1.147999999999999932e-03 -5.300000000000000078e-05 1.859999999999999945e-04 1.610000000000000103e-04 1.630000000000000047e-04
1.345846313476560116e+09 8.818499999999999950e-02 7.420000000000000380e-04 -7.200000000000000182e-05 1.749999999999999982e-04 1.579999999999999916e-04 1.540000000000000028e-04
1.349190063476560116e+09 8.848799999999999721e-02 9.060000000000000128e-04 -2.500000000000000120e-05 1.659999999999999963e-04 1.589999999999999888e-04 1.600000000000000131e-04
1.352533813476560116e+09 8.819599999999999662e-02 1.005000000000000034e-03 -6.299999999999999990e-05 1.630000000000000047e-04 1.740000000000000010e-04 1.689999999999999879e-04
1.355877563476560116e+09 8.857399999999999995e-02 1.217999999999999899e-03 -3.100000000000000135e-05 1.779999999999999898e-04 1.649999999999999991e-04 1.550000000000000000e-04
1.359221313476560116e+09 8.817700000000000538e-02 1.016999999999999892e-03 -1.999999999999999909e-06 1.789999999999999870e-04 1.659999999999999963e-04 1.559999999999999972e-04
1.362565063476560116e+09 8.839600000000000235e-02 1.167000000000000069e-03 -1.640000000000000019e-04 1.830000000000000029e-04 1.589999999999999888e-04 1.520000000000000084e-04
1.365908813476560116e+09 8.831200000000000161e-02 8.739999999999999939e-04 -9.999999999999999547e-07 1.749999999999999982e-04 1.610000000000000103e-04 1.600000000000000131e-04
1.369252563476560116e+09 8.842899999999999372e-02 8.779999999999999827e-04 -3.150000000000000131e-04 1.859999999999999945e-04 1.530000000000000056e-04 1.510000000000000112e-04
1.372596313476560116e+09 8.870500000000000607e-02 1.074000000000000085e-03 -2.210000000000000050e-04 1.800000000000000113e-04 1.730000000000000038e-04 1.520000000000000084e-04
1.375940063476560116e+09 8.859100000000000308e-02 7.879999999999999635e-04 -3.400000000000000244e-04 1.730000000000000038e-04 1.579999999999999916e-04 1.740000000000000010e-04
1.379283813476560116e+09 8.825199999999999712e-02 7.730000000000000326e-04 -8.009999999999999542e-04 1.689999999999999879e-04 1.869999999999999917e-04 1.630000000000000047e-04
1.382627563476560116e+09 8.868600000000000094e-02 7.429999999999999539e-04 -5.190000000000000386e-04 1.679999999999999907e-04 1.649999999999999991e-04 1.510000000000000112e-04
1.385971313476560116e+09 8.855999999999999983e-02 9.859999999999998974e-04 -4.899999999999999842e-04 1.600000000000000131e-04 1.489999999999999897e-04 1.649999999999999991e-04
1.389315063476560116e+09 8.867500000000000382e-02 5.119999999999999768e-04 -4.000000000000000192e-04 1.869999999999999917e-04 1.589999999999999888e-04 1.649999999999999991e-04
1.392658813476560116e+09 8.881899999999999518e-02 4.659999999999999971e-04 -2.649999999999999903e-04 1.700000000000000122e-04 1.600000000000000131e-04 1.610000000000000103e-04
1.396002563476560116e+09 8.859999999999999820e-02 9.359999999999999831e-04 -2.259999999999999910e-04 1.769999999999999926e-04 1.620000000000000075e-04 1.649999999999999991e-04
1.399346313476560116e+09 8.878700000000000481e-02 1.056999999999999997e-03 -1.119999999999999983e-04 1.789999999999999870e-04 1.640000000000000019e-04 1.579999999999999916e-04
1.402690063476560116e+09 8.851299999999999446e-02 1.162999999999999971e-03 -6.499999999999999431e-05 1.659999999999999963e-04 1.679999999999999907e-04 1.620000000000000075e-04
1.406033813476560116e+09 8.847700000000000009e-02 1.232999999999999938e-03 -3.570000000000000040e-04 1.659999999999999963e-04 1.499999999999999869e-04 1.540000000000000028e-04
1.409377563476560116e+09 8.856999999999999595e-02 8.630000000000000518e-04 1.369999999999999961e-04 1.620000000000000075e-04 1.640000000000000019e-04 1.649999999999999991e-04
1.412721313476560116e+09 8.900600000000000178e-02 1.005000000000000034e-03 -2.649999999999999903e-04 1.659999999999999963e-04 1.579999999999999916e-04 1.579999999999999916e-04
1.416065063476560116e+09 8.884599999999999442e-02 8.289999999999999843e-04 -1.169999999999999979e-04 1.759999999999999954e-04 1.520000000000000084e-04 1.520000000000000084e-04
1.422752563476560116e+09 8.889500000000000179e-02 1.351999999999999903e-03 -3.269999999999999795e-04 2.269999999999999882e-04 2.190000000000000106e-04 2.310000000000000042e-04
1.426096313476560116e+09 8.910600000000000465e-02 1.188999999999999953e-03 -2.950000000000000148e-04 1.789999999999999870e-04 1.620000000000000075e-04 1.600000000000000131e-04
1.429440063476560116e+09 8.921999999999999376e-02 1.088999999999999907e-03 -4.330000000000000081e-04 1.600000000000000131e-04 1.589999999999999888e-04 1.679999999999999907e-04
1.432783813476560116e+09 8.879900000000000293e-02 1.069000000000000072e-03 -3.910000000000000172e-04 1.810000000000000085e-04 1.630000000000000047e-04 1.610000000000000103e-04
1.436127563476560116e+09 8.906600000000000628e-02 1.005999999999999950e-03 -3.130000000000000187e-04 1.649999999999999991e-04 1.600000000000000131e-04 1.689999999999999879e-04
1.439471313476560116e+09 8.912200000000000677e-02 1.324000000000000090e-03 -2.229999999999999994e-04 1.749999999999999982e-04 1.620000000000000075e-04 1.710000000000000094e-04
1.442815063476560116e+09 8.900099999999999678e-02 1.273999999999999959e-03 -3.319999999999999926e-04 1.710000000000000094e-04 1.649999999999999991e-04 1.579999999999999916e-04
1.446158813476560116e+09 8.904299999999999715e-02 1.175999999999999962e-03 -2.030000000000000012e-04 1.710000000000000094e-04 1.679999999999999907e-04 1.610000000000000103e-04
1.449502563476560116e+09 8.951099999999999335e-02 8.099999999999999561e-04 -2.590000000000000071e-04 1.669999999999999935e-04 1.600000000000000131e-04 1.589999999999999888e-04
1.452846313476560116e+09 8.939800000000000524e-02 1.293000000000000095e-03 -3.440000000000000132e-04 1.679999999999999907e-04 1.600000000000000131e-04 1.649999999999999991e-04
1.459533813476560116e+09 8.927699999999999525e-02 1.345000000000000058e-03 -7.399999999999999623e-05 1.610000000000000103e-04 1.510000000000000112e-04 1.679999999999999907e-04
1.462877563476560116e+09 8.922800000000000176e-02 9.269999999999999811e-04 -7.600000000000000418e-05 1.879999999999999890e-04 1.579999999999999916e-04 1.679999999999999907e-04
1.466221313476560116e+09 8.919900000000000051e-02 9.250000000000000409e-04 -6.000000000000000152e-06 1.759999999999999954e-04 1.510000000000000112e-04 1.550000000000000000e-04
1.469565063476560116e+09 8.919399999999999551e-02 9.150000000000000147e-04 -1.949999999999999965e-04 1.820000000000000057e-04 1.630000000000000047e-04 1.550000000000000000e-04
1.472908813476560116e+09 8.935500000000000387e-02 1.075000000000000001e-03 -4.769999999999999934e-04 1.630000000000000047e-04 1.730000000000000038e-04 1.779999999999999898e-04
1.476252563476560116e+09 8.934100000000000374e-02 1.072999999999999952e-03 -4.500000000000000283e-05 1.740000000000000010e-04 1.649999999999999991e-04 1.649999999999999991e-04
1.479596313476560116e+09 8.921400000000000163e-02 1.077999999999999965e-03 -2.660000000000000146e-04 1.749999999999999982e-04 1.610000000000000103e-04 1.740000000000000010e-04
1.482940063476560116e+09 8.931600000000000650e-02 1.046000000000000055e-03 -2.919999999999999961e-04 1.620000000000000075e-04 1.630000000000000047e-04 1.550000000000000000e-04
1.486283813476560116e+09 8.963699999999999446e-02 1.332000000000000068e-03 6.000000000000000152e-05 1.720000000000000066e-04 1.610000000000000103e-04 1.559999999999999972e-04
1.489627563476560116e+09 8.951299999999999535e-02 1.062999999999999926e-03 -1.310000000000000129e-04 1.630000000000000047e-04 1.679999999999999907e-04 1.499999999999999869e-04
1.492971313476560116e+09 8.940099999999999436e-02 1.253999999999999906e-03 -5.300000000000000078e-05 1.679999999999999907e-04 1.769999999999999926e-04 1.520000000000000084e-04
1.496315063476560116e+09 8.913600000000000689e-02 1.186999999999999904e-03 1.510000000000000112e-04 1.779999999999999898e-04 1.510000000000000112e-04 1.550000000000000000e-04
1.499658813476560116e+09 8.954700000000000160e-02 1.330000000000000019e-03 -2.709999999999999735e-04 1.679999999999999907e-04 1.689999999999999879e-04 1.689999999999999879e-04
1.503002563476560116e+09 8.949600000000000610e-02 1.131999999999999977e-03 -1.320000000000000101e-04 1.779999999999999898e-04 1.600000000000000131e-04 1.579999999999999916e-04
1.506346313476560116e+09 8.979800000000000282e-02 9.669999999999999776e-04 1.900000000000000105e-05 1.679999999999999907e-04 1.510000000000000112e-04 1.559999999999999972e-04
1.509690063476560116e+09 8.977799999999999669e-02 1.324000000000000090e-03 -4.650000000000000270e-04 1.689999999999999879e-04 1.579999999999999916e-04 1.579999999999999916e-04
1.516377563476560116e+09 9.047499999999999987e-02 1.175999999999999962e-03 2.000000000000000096e-04 1.800000000000000113e-04 1.869999999999999917e-04 1.810000000000000085e-04
1.549815063476560116e+09 9.028400000000000314e-02 1.262000000000000101e-03 -3.899999999999999929e-04 2.210000000000000050e-04 2.149999999999999947e-04 1.959999999999999937e-04
1.553158813476560116e+09 9.041699999999999737e-02 1.141000000000000087e-03 -1.389999999999999905e-04 2.020000000000000040e-04 1.689999999999999879e-04 1.769999999999999926e-04
1.556502563476560116e+09 8.975600000000000245e-02 1.164000000000000104e-03 -6.899999999999999667e-04 2.000000000000000096e-04 1.910000000000000077e-04 1.900000000000000105e-04
1.563190063476560116e+09 8.933000000000000662e-02 8.509999999999999769e-04 -5.490000000000000088e-04 2.840000000000000185e-04 2.660000000000000146e-04 2.719999999999999979e-04
1.566533813476560116e+09 9.013999999999999790e-02 8.490000000000000368e-04 -1.060000000000000016e-04 1.969999999999999909e-04 1.759999999999999954e-04 1.559999999999999972e-04
1.583252563476560116e+09 8.992200000000000193e-02 1.373000000000000088e-03 -3.469999999999999777e-04 1.879999999999999890e-04 1.689999999999999879e-04 1.720000000000000066e-04
1.586596313476560116e+09 9.106400000000000605e-02 1.198999999999999979e-03 -2.799999999999999755e-04 1.939999999999999993e-04 1.669999999999999935e-04 1.759999999999999954e-04
1.593283813476560116e+09 9.032199999999999951e-02 1.147000000000000016e-03 -2.190000000000000106e-04 2.259999999999999910e-04 1.939999999999999993e-04 1.800000000000000113e-04
1.610002563476560116e+09 9.101800000000000168e-02 1.232999999999999938e-03 1.979999999999999881e-04 1.700000000000000122e-04 1.499999999999999869e-04 1.589999999999999888e-04
1.616690063476560116e+09 9.036800000000000388e-02 7.749999999999999728e-04 -1.219999999999999974e-04 1.859999999999999945e-04 1.649999999999999991e-04 1.749999999999999982e-04
1.630065063476560116e+09 9.082099999999999895e-02 1.007000000000000083e-03 2.059999999999999928e-04 1.710000000000000094e-04 1.520000000000000084e-04 1.630000000000000047e-04
1.633408813476560116e+09 9.075500000000000234e-02 1.103000000000000031e-03 -7.299999999999999903e-05 1.749999999999999982e-04 1.489999999999999897e-04 1.620000000000000075e-04
1.636752563476560116e+09 9.031699999999999451e-02 9.399999999999999719e-04 -2.590000000000000071e-04 1.689999999999999879e-04 1.540000000000000028e-04 1.479999999999999925e-04
1.640096313476560116e+09 9.016200000000000603e-02 1.257000000000000088e-03 3.000000000000000076e-06 1.700000000000000122e-04 1.610000000000000103e-04 1.550000000000000000e-04
1.643440063476560116e+09 8.987699999999999856e-02 9.430000000000000448e-04 -2.599999999999999772e-04 1.779999999999999898e-04 1.630000000000000047e-04 1.510000000000000112e-04
1.646783813476560116e+09 9.042200000000000237e-02 8.170000000000000179e-04 -2.110000000000000059e-04 1.749999999999999982e-04 1.700000000000000122e-04 1.669999999999999935e-04
