# ======================================================================
# FLAGGED DATA - KEPT CHANNELS ONLY
# ======================================================================
# 
# FLAGGING SUMMARY:
#   Total channels: 431
#   Flagged: 161 (37.4%)
#   Kept: 270 (62.6%)
# 
# FLAGGING CRITERIA APPLIED:
#   - Gross outliers: 21 channels
#   - Frequency ranges: 21 channels
#       Ranges: ['0.90~0.95']
#   - Error outliers: 15 channels
#       Threshold: 5.0σ above median in log-space
#       Iterations: 2
#   - Spectral baseline clipping: 102 channels
#   - Stokes V clipping: 2 channels
#       Threshold: 2.90σ
#       Reference: median
#       Iterations: 2
# 
# COLUMN FORMAT: freq(Hz) I Q U V dI dQ dU dV
# ======================================================================
9.6380000000e+08 8.9930900000e-01 1.1550000000e-03 -2.1210000000e-03 4.9300000000e-04 3.6700000000e-04 3.1700000000e-04 3.3600000000e-04 2.9800000000e-04
9.6550000000e+08 8.9909100000e-01 3.2400000000e-04 -1.6950000000e-03 -1.3100000000e-04 4.1400000000e-04 3.2700000000e-04 3.3800000000e-04 3.2100000000e-04
9.6720000000e+08 8.9940100000e-01 8.2200000000e-04 -1.4010000000e-03 1.1700000000e-04 3.9100000000e-04 3.1500000000e-04 2.9500000000e-04 3.2800000000e-04
9.6880000000e+08 8.9836100000e-01 1.3090000000e-03 -1.3450000000e-03 -5.4100000000e-04 3.7800000000e-04 3.1200000000e-04 3.1500000000e-04 3.5300000000e-04
9.7220000000e+08 8.9882600000e-01 9.4500000000e-04 -1.8220000000e-03 2.7500000000e-04 3.7100000000e-04 3.4500000000e-04 3.1800000000e-04 3.3200000000e-04
9.7390000000e+08 8.9858300000e-01 1.0880000000e-03 -1.8250000000e-03 3.0800000000e-04 3.8700000000e-04 3.5800000000e-04 3.1300000000e-04 3.0500000000e-04
9.7550000000e+08 8.9857800000e-01 1.9950000000e-03 -2.2980000000e-03 2.8900000000e-04 3.4100000000e-04 2.6800000000e-04 3.0700000000e-04 3.1100000000e-04
9.7720000000e+08 8.9840600000e-01 1.6180000000e-03 -9.7500000000e-04 9.0000000000e-05 3.6700000000e-04 3.1900000000e-04 3.6000000000e-04 2.7700000000e-04
9.7890000000e+08 8.9802100000e-01 8.8700000000e-04 -2.0150000000e-03 2.0100000000e-04 3.4000000000e-04 3.2800000000e-04 3.0700000000e-04 3.2100000000e-04
9.8050000000e+08 8.9767200000e-01 1.0680000000e-03 -2.0990000000e-03 -2.9200000000e-04 3.8400000000e-04 2.7500000000e-04 2.7400000000e-04 3.0800000000e-04
9.8220000000e+08 8.9659200000e-01 1.1520000000e-03 -1.4250000000e-03 -5.9700000000e-04 3.3300000000e-04 3.1400000000e-04 3.4900000000e-04 3.1600000000e-04
9.8390000000e+08 8.9596800000e-01 1.4710000000e-03 -2.2950000000e-03 -6.0200000000e-04 3.7300000000e-04 2.7800000000e-04 2.9500000000e-04 2.7300000000e-04
9.8560000000e+08 8.9524800000e-01 1.1740000000e-03 -1.9610000000e-03 -9.6000000000e-05 3.5800000000e-04 3.0500000000e-04 2.7200000000e-04 3.0400000000e-04
9.8720000000e+08 8.9635900000e-01 1.4890000000e-03 -1.8980000000e-03 -7.3000000000e-05 3.6300000000e-04 3.0500000000e-04 3.3700000000e-04 3.2000000000e-04
9.8890000000e+08 8.9600200000e-01 1.5060000000e-03 -2.3250000000e-03 -3.1100000000e-04 3.5600000000e-04 2.7300000000e-04 3.4800000000e-04 3.2100000000e-04
9.9060000000e+08 8.9577200000e-01 1.8330000000e-03 -2.3900000000e-03 1.4000000000e-05 3.8500000000e-04 2.9200000000e-04 3.1600000000e-04 2.9800000000e-04
9.9220000000e+08 8.9619300000e-01 1.9540000000e-03 -1.4440000000e-03 3.5800000000e-04 3.6100000000e-04 2.8700000000e-04 3.0400000000e-04 3.0100000000e-04
9.9390000000e+08 8.9563800000e-01 1.4930000000e-03 -1.5200000000e-03 -1.0600000000e-04 3.3900000000e-04 3.0400000000e-04 3.0000000000e-04 3.0000000000e-04
9.9560000000e+08 8.9546000000e-01 1.6360000000e-03 -2.1230000000e-03 1.6900000000e-04 3.2900000000e-04 2.9600000000e-04 3.0800000000e-04 3.0600000000e-04
9.9730000000e+08 8.9456500000e-01 1.7110000000e-03 -1.5590000000e-03 -2.0600000000e-04 3.7100000000e-04 3.1600000000e-04 2.6300000000e-04 3.0800000000e-04
9.9890000000e+08 8.9414800000e-01 1.5490000000e-03 -2.5320000000e-03 -9.1000000000e-05 4.0100000000e-04 2.8600000000e-04 2.8000000000e-04 2.6100000000e-04
1.0006000000e+09 8.9505100000e-01 1.7330000000e-03 -2.1710000000e-03 2.9800000000e-04 3.5500000000e-04 3.1200000000e-04 2.9000000000e-04 2.7600000000e-04
1.0023000000e+09 8.9477000000e-01 1.1520000000e-03 -2.4620000000e-03 -3.6600000000e-04 4.2200000000e-04 3.1400000000e-04 2.7500000000e-04 2.8900000000e-04
1.0039000000e+09 8.9320400000e-01 1.7690000000e-03 -2.1770000000e-03 3.1200000000e-04 3.7400000000e-04 3.1200000000e-04 3.0500000000e-04 3.2400000000e-04
1.0056000000e+09 8.9305900000e-01 2.1480000000e-03 -1.8030000000e-03 1.1000000000e-04 3.7000000000e-04 2.9600000000e-04 3.5000000000e-04 3.0300000000e-04
1.0073000000e+09 8.9361000000e-01 1.4970000000e-03 -1.5460000000e-03 -6.4000000000e-05 3.7700000000e-04 3.5000000000e-04 2.9100000000e-04 3.1600000000e-04
1.0090000000e+09 8.9260000000e-01 1.6760000000e-03 -1.8280000000e-03 3.0500000000e-04 3.5600000000e-04 3.2100000000e-04 3.6300000000e-04 2.8000000000e-04
1.0106000000e+09 8.9333900000e-01 1.7800000000e-03 -1.6220000000e-03 3.9400000000e-04 3.8600000000e-04 3.3400000000e-04 3.4200000000e-04 2.8300000000e-04
1.0140000000e+09 8.9287800000e-01 2.1840000000e-03 -1.6160000000e-03 -1.7300000000e-04 3.5100000000e-04 2.9300000000e-04 2.6300000000e-04 3.0100000000e-04
1.0173000000e+09 8.9271800000e-01 1.6160000000e-03 -1.7290000000e-03 1.4900000000e-04 3.4700000000e-04 2.8500000000e-04 2.9300000000e-04 3.0200000000e-04
1.0190000000e+09 8.9258600000e-01 9.6200000000e-04 -9.7300000000e-04 1.6900000000e-04 3.5100000000e-04 3.1100000000e-04 2.9200000000e-04 2.9100000000e-04
1.0207000000e+09 8.9232300000e-01 9.1500000000e-04 -1.2400000000e-03 3.7400000000e-04 3.4200000000e-04 2.9300000000e-04 2.9600000000e-04 2.7400000000e-04
1.0223000000e+09 8.9269000000e-01 1.0390000000e-03 -4.1800000000e-04 -7.2000000000e-05 2.8000000000e-04 3.1200000000e-04 3.2500000000e-04 3.0300000000e-04
1.0257000000e+09 8.9292100000e-01 1.8280000000e-03 -1.3880000000e-03 -4.8200000000e-04 3.4800000000e-04 2.7000000000e-04 2.9700000000e-04 3.2200000000e-04
1.0274000000e+09 8.9199900000e-01 1.0240000000e-03 -1.4430000000e-03 4.6200000000e-04 3.4800000000e-04 3.2500000000e-04 2.9800000000e-04 2.8200000000e-04
1.0340000000e+09 8.9194200000e-01 1.7210000000e-03 -1.5100000000e-03 -1.1200000000e-04 3.3600000000e-04 3.1200000000e-04 2.9000000000e-04 3.1300000000e-04
1.0357000000e+09 8.9161600000e-01 1.6790000000e-03 -1.3010000000e-03 2.1000000000e-04 3.4100000000e-04 2.8600000000e-04 3.2300000000e-04 2.9200000000e-04
1.0374000000e+09 8.9158600000e-01 2.4450000000e-03 -7.3700000000e-04 -3.7700000000e-04 3.4100000000e-04 3.2100000000e-04 2.9800000000e-04 2.9400000000e-04
1.0391000000e+09 8.9109300000e-01 1.6180000000e-03 -1.1600000000e-03 1.6400000000e-04 3.7500000000e-04 3.0500000000e-04 3.1500000000e-04 2.7400000000e-04
1.0407000000e+09 8.9029900000e-01 1.9790000000e-03 -1.2130000000e-03 -1.5000000000e-05 3.3700000000e-04 2.9300000000e-04 3.0500000000e-04 3.5300000000e-04
1.0424000000e+09 8.9034800000e-01 1.2660000000e-03 -7.6200000000e-04 3.4000000000e-05 3.3700000000e-04 2.8100000000e-04 2.9000000000e-04 2.9500000000e-04
1.0441000000e+09 8.8893300000e-01 1.9470000000e-03 -1.0220000000e-03 7.3000000000e-05 3.4200000000e-04 3.1600000000e-04 3.2500000000e-04 3.2300000000e-04
1.0457000000e+09 8.8896700000e-01 1.3740000000e-03 -4.7800000000e-04 -7.0000000000e-06 3.7000000000e-04 2.8500000000e-04 2.9000000000e-04 2.9800000000e-04
1.0474000000e+09 8.8869700000e-01 2.3240000000e-03 -7.7900000000e-04 3.8800000000e-04 3.3600000000e-04 2.8000000000e-04 3.1500000000e-04 3.5600000000e-04
1.0491000000e+09 8.8874100000e-01 1.5730000000e-03 -8.9600000000e-04 -6.1600000000e-04 4.1700000000e-04 3.0400000000e-04 2.9800000000e-04 3.1600000000e-04
1.0508000000e+09 8.8898500000e-01 1.9850000000e-03 -8.2700000000e-04 -3.5100000000e-04 3.5300000000e-04 2.7500000000e-04 2.8400000000e-04 2.8900000000e-04
1.0524000000e+09 8.8843500000e-01 1.6140000000e-03 -1.4960000000e-03 -3.4300000000e-04 3.6100000000e-04 2.9800000000e-04 2.9100000000e-04 2.8800000000e-04
1.0541000000e+09 8.8882600000e-01 2.0090000000e-03 -6.5800000000e-04 7.0300000000e-04 3.5100000000e-04 2.9100000000e-04 2.9800000000e-04 2.5800000000e-04
1.0558000000e+09 8.8823900000e-01 2.1150000000e-03 -1.1590000000e-03 4.2300000000e-04 3.5700000000e-04 2.8900000000e-04 3.0000000000e-04 3.1600000000e-04
1.0574000000e+09 8.8865600000e-01 1.8870000000e-03 -1.1960000000e-03 6.6000000000e-05 3.6500000000e-04 2.7800000000e-04 2.8800000000e-04 2.6100000000e-04
1.0591000000e+09 8.8894500000e-01 1.4200000000e-03 -9.2100000000e-04 -3.6900000000e-04 3.3800000000e-04 2.7600000000e-04 3.0400000000e-04 3.2600000000e-04
1.0608000000e+09 8.8784300000e-01 1.7900000000e-03 -8.1800000000e-04 -2.0800000000e-04 3.2900000000e-04 2.8000000000e-04 2.7700000000e-04 2.8400000000e-04
1.0625000000e+09 8.8806700000e-01 2.3460000000e-03 -1.3450000000e-03 2.8100000000e-04 3.6400000000e-04 2.6100000000e-04 3.2000000000e-04 3.1600000000e-04
1.0641000000e+09 8.8809500000e-01 1.6620000000e-03 -1.3280000000e-03 1.7900000000e-04 3.7300000000e-04 2.9800000000e-04 2.7600000000e-04 2.6500000000e-04
1.0658000000e+09 8.8779400000e-01 1.9320000000e-03 -8.7200000000e-04 -2.7800000000e-04 3.0700000000e-04 2.7600000000e-04 2.8000000000e-04 2.8700000000e-04
1.0675000000e+09 8.8781800000e-01 1.5270000000e-03 -1.5560000000e-03 -3.4000000000e-05 3.6200000000e-04 3.2400000000e-04 3.1700000000e-04 2.8400000000e-04
1.0692000000e+09 8.8736200000e-01 9.8000000000e-04 -8.9800000000e-04 -2.7000000000e-04 3.4200000000e-04 3.0000000000e-04 3.0400000000e-04 2.7900000000e-04
1.0708000000e+09 8.8699500000e-01 1.4010000000e-03 -1.4770000000e-03 8.9000000000e-05 3.7100000000e-04 2.7300000000e-04 3.1300000000e-04 3.1100000000e-04
1.0725000000e+09 8.8619700000e-01 2.1010000000e-03 -1.2300000000e-03 1.7500000000e-04 3.5800000000e-04 2.6000000000e-04 3.1200000000e-04 2.7200000000e-04
1.0742000000e+09 8.8664600000e-01 1.1210000000e-03 -1.7140000000e-03 -1.1000000000e-05 3.6200000000e-04 2.8600000000e-04 2.7800000000e-04 2.8900000000e-04
1.0758000000e+09 8.8732600000e-01 2.0490000000e-03 -5.7000000000e-04 6.9000000000e-05 3.6700000000e-04 3.2600000000e-04 2.7900000000e-04 2.6400000000e-04
1.0775000000e+09 8.8763300000e-01 1.4490000000e-03 -1.0100000000e-04 1.8200000000e-04 3.2000000000e-04 2.5200000000e-04 2.7100000000e-04 2.9100000000e-04
1.0792000000e+09 8.8792800000e-01 9.6600000000e-04 -3.6900000000e-04 -2.0700000000e-04 3.3400000000e-04 2.8000000000e-04 3.1300000000e-04 3.0600000000e-04
1.0809000000e+09 8.8639500000e-01 1.1830000000e-03 -9.7000000000e-04 -1.1000000000e-05 3.2700000000e-04 2.9300000000e-04 2.9000000000e-04 2.8600000000e-04
1.0859000000e+09 8.8544200000e-01 1.6730000000e-03 -1.9580000000e-03 4.9500000000e-04 3.6500000000e-04 2.8900000000e-04 3.3000000000e-04 2.9300000000e-04
1.0942000000e+09 8.8582300000e-01 1.3290000000e-03 -2.3000000000e-04 1.1400000000e-04 3.9500000000e-04 2.7900000000e-04 2.9900000000e-04 2.6500000000e-04
1.0959000000e+09 8.8521900000e-01 9.0800000000e-04 -4.4100000000e-04 -2.6000000000e-04 3.5900000000e-04 2.8200000000e-04 2.8500000000e-04 2.7400000000e-04
1.0976000000e+09 8.8432000000e-01 1.4670000000e-03 -7.5000000000e-04 -3.3300000000e-04 3.7600000000e-04 2.7500000000e-04 3.0100000000e-04 2.9500000000e-04
1.0992000000e+09 8.8477700000e-01 1.7640000000e-03 -3.2800000000e-04 -4.6000000000e-05 3.4000000000e-04 2.9600000000e-04 3.2600000000e-04 3.0100000000e-04
1.1009000000e+09 8.8509700000e-01 1.6400000000e-03 -3.7500000000e-04 -2.9000000000e-04 2.9000000000e-04 2.7300000000e-04 3.1900000000e-04 2.4600000000e-04
1.1026000000e+09 8.8480200000e-01 1.5840000000e-03 -1.8550000000e-03 3.8400000000e-04 3.9100000000e-04 3.6900000000e-04 3.3600000000e-04 3.2000000000e-04
1.1043000000e+09 8.8549900000e-01 1.6860000000e-03 -8.4200000000e-04 1.9500000000e-04 3.6400000000e-04 3.1500000000e-04 2.9500000000e-04 2.7200000000e-04
1.1059000000e+09 8.8451200000e-01 9.1600000000e-04 -8.8900000000e-04 1.0600000000e-04 3.6100000000e-04 2.7200000000e-04 2.8800000000e-04 3.1500000000e-04
1.1076000000e+09 8.8313300000e-01 8.1900000000e-04 -3.4600000000e-04 -2.7500000000e-04 3.7700000000e-04 2.8700000000e-04 3.1800000000e-04 3.0400000000e-04
1.1093000000e+09 8.8396400000e-01 1.0790000000e-03 -1.1830000000e-03 1.8000000000e-04 3.4500000000e-04 2.9700000000e-04 2.8800000000e-04 2.5800000000e-04
1.1109000000e+09 8.8388000000e-01 9.9900000000e-04 -4.6600000000e-04 2.5200000000e-04 3.6100000000e-04 3.0200000000e-04 2.7200000000e-04 2.7800000000e-04
1.1126000000e+09 8.8377800000e-01 1.3990000000e-03 -8.3400000000e-04 -7.7000000000e-05 4.1400000000e-04 2.9400000000e-04 3.2400000000e-04 3.0500000000e-04
1.1160000000e+09 8.8394900000e-01 1.7610000000e-03 -1.8500000000e-04 -1.8100000000e-04 3.5700000000e-04 2.7500000000e-04 2.8800000000e-04 2.5000000000e-04
1.1176000000e+09 8.8344700000e-01 9.3000000000e-04 -6.5200000000e-04 -4.3000000000e-05 3.0900000000e-04 2.8300000000e-04 2.9800000000e-04 2.8000000000e-04
1.1193000000e+09 8.8315700000e-01 9.5600000000e-04 -8.4200000000e-04 3.9300000000e-04 3.3600000000e-04 2.6800000000e-04 2.7500000000e-04 2.7200000000e-04
1.1210000000e+09 8.8224700000e-01 1.7700000000e-03 -1.2970000000e-03 -3.4200000000e-04 3.1500000000e-04 2.9800000000e-04 2.7500000000e-04 2.8800000000e-04
1.1227000000e+09 8.8299300000e-01 8.1400000000e-04 -9.6000000000e-04 -3.8100000000e-04 3.4400000000e-04 3.0000000000e-04 2.7700000000e-04 2.7500000000e-04
1.1243000000e+09 8.8232900000e-01 1.6340000000e-03 -1.0430000000e-03 8.4000000000e-05 3.5100000000e-04 3.2000000000e-04 3.0400000000e-04 3.1000000000e-04
1.1260000000e+09 8.8273500000e-01 1.6470000000e-03 -1.7000000000e-04 -6.1800000000e-04 3.4200000000e-04 2.7900000000e-04 3.2400000000e-04 3.0900000000e-04
1.1293000000e+09 8.8249300000e-01 1.3860000000e-03 -4.3000000000e-05 -5.3000000000e-05 3.5600000000e-04 3.1800000000e-04 2.9700000000e-04 2.7900000000e-04
1.1310000000e+09 8.8227900000e-01 1.0580000000e-03 -4.8600000000e-04 1.9800000000e-04 3.0600000000e-04 3.0600000000e-04 2.6100000000e-04 2.7300000000e-04
1.1327000000e+09 8.8242500000e-01 6.0400000000e-04 -3.1900000000e-04 8.9000000000e-05 3.4200000000e-04 2.7800000000e-04 2.5300000000e-04 2.4700000000e-04
1.1344000000e+09 8.8311500000e-01 1.9400000000e-03 -9.3800000000e-04 -4.4400000000e-04 4.0300000000e-04 2.8100000000e-04 2.7000000000e-04 2.9400000000e-04
1.1394000000e+09 8.8212300000e-01 1.2740000000e-03 -7.9700000000e-04 2.8000000000e-05 3.2800000000e-04 3.1100000000e-04 2.8400000000e-04 2.4900000000e-04
1.1410000000e+09 8.8158500000e-01 1.5420000000e-03 -7.2500000000e-04 3.1100000000e-04 3.3100000000e-04 3.0300000000e-04 2.9800000000e-04 3.1100000000e-04
1.1427000000e+09 8.8236400000e-01 1.7780000000e-03 -8.4700000000e-04 -9.6000000000e-05 3.6000000000e-04 3.0200000000e-04 2.8200000000e-04 3.1100000000e-04
1.1461000000e+09 8.8239400000e-01 1.7670000000e-03 -1.1810000000e-03 -1.3700000000e-04 5.0000000000e-04 3.2300000000e-04 3.5700000000e-04 3.5300000000e-04
1.1477000000e+09 8.8117700000e-01 1.6140000000e-03 -7.1900000000e-04 -3.6000000000e-04 4.5800000000e-04 4.0400000000e-04 3.5700000000e-04 3.2100000000e-04
1.1494000000e+09 8.8131400000e-01 2.3010000000e-03 -1.2310000000e-03 -8.0000000000e-06 5.0100000000e-04 3.3100000000e-04 3.6200000000e-04 3.4900000000e-04
1.1511000000e+09 8.8145700000e-01 1.5080000000e-03 -1.1750000000e-03 1.4000000000e-05 3.9800000000e-04 2.9800000000e-04 3.2800000000e-04 3.4200000000e-04
1.1527000000e+09 8.8118800000e-01 1.9210000000e-03 -6.0300000000e-04 -3.2100000000e-04 3.5600000000e-04 3.0900000000e-04 3.1600000000e-04 3.0200000000e-04
1.1544000000e+09 8.8062700000e-01 2.1370000000e-03 -1.0370000000e-03 -4.7000000000e-05 3.5100000000e-04 2.9800000000e-04 2.7400000000e-04 2.9500000000e-04
1.1561000000e+09 8.7945700000e-01 2.2210000000e-03 -1.4080000000e-03 3.8100000000e-04 3.1300000000e-04 2.9300000000e-04 2.7800000000e-04 2.7800000000e-04
1.1578000000e+09 8.7995300000e-01 1.7000000000e-03 -9.0200000000e-04 2.8800000000e-04 3.5200000000e-04 2.8900000000e-04 2.9300000000e-04 2.7400000000e-04
1.1611000000e+09 8.8031000000e-01 2.0840000000e-03 -7.3800000000e-04 -2.3000000000e-04 4.0500000000e-04 2.9800000000e-04 3.5800000000e-04 3.5700000000e-04
1.1628000000e+09 8.8057400000e-01 1.6240000000e-03 -8.2500000000e-04 1.3000000000e-05 4.2200000000e-04 3.0100000000e-04 3.3700000000e-04 3.1100000000e-04
1.1644000000e+09 8.8068800000e-01 1.7440000000e-03 -8.0700000000e-04 -3.8100000000e-04 4.1300000000e-04 2.9300000000e-04 3.1800000000e-04 3.0200000000e-04
1.1661000000e+09 8.8007800000e-01 2.0860000000e-03 -1.4800000000e-04 2.5700000000e-04 3.5000000000e-04 2.9800000000e-04 3.2000000000e-04 2.8300000000e-04
1.1879000000e+09 8.7841600000e-01 1.7630000000e-03 -1.7850000000e-03 -4.0000000000e-06 4.1400000000e-04 2.9600000000e-04 3.1700000000e-04 3.5500000000e-04
1.1895000000e+09 8.7761600000e-01 1.5370000000e-03 -8.4200000000e-04 3.0000000000e-06 4.0400000000e-04 2.9200000000e-04 3.3400000000e-04 3.8700000000e-04
1.1929000000e+09 8.7835600000e-01 1.5570000000e-03 -1.3640000000e-03 -3.3500000000e-04 4.6000000000e-04 3.3100000000e-04 3.6000000000e-04 3.5600000000e-04
1.1962000000e+09 8.7883600000e-01 1.7810000000e-03 -1.2180000000e-03 6.3000000000e-05 4.0800000000e-04 3.1800000000e-04 3.1300000000e-04 3.2300000000e-04
1.2179000000e+09 8.7613900000e-01 1.4410000000e-03 -1.3130000000e-03 -6.7000000000e-05 4.4800000000e-04 3.4500000000e-04 3.2900000000e-04 3.3500000000e-04
1.2347000000e+09 8.7687000000e-01 1.6760000000e-03 -1.0280000000e-03 -1.5100000000e-04 5.5300000000e-04 3.5200000000e-04 3.7000000000e-04 3.8400000000e-04
1.2363000000e+09 8.7585600000e-01 2.1260000000e-03 -1.2910000000e-03 1.0110000000e-03 4.7400000000e-04 3.4800000000e-04 3.3800000000e-04 4.1100000000e-04
1.2380000000e+09 8.7599400000e-01 1.9430000000e-03 -7.8900000000e-04 2.0000000000e-06 3.8500000000e-04 3.3100000000e-04 3.0200000000e-04 3.2600000000e-04
1.2397000000e+09 8.7655300000e-01 1.9910000000e-03 -8.7700000000e-04 -3.9600000000e-04 3.8200000000e-04 2.9700000000e-04 3.0900000000e-04 3.2300000000e-04
1.2430000000e+09 8.7537500000e-01 2.2960000000e-03 -1.1980000000e-03 9.0500000000e-04 5.5500000000e-04 4.2100000000e-04 4.3200000000e-04 4.4200000000e-04
1.2547000000e+09 8.7532600000e-01 1.4950000000e-03 -3.9000000000e-05 6.4000000000e-05 3.7500000000e-04 3.3000000000e-04 3.2900000000e-04 3.3900000000e-04
1.2564000000e+09 8.7487800000e-01 1.7070000000e-03 -4.2000000000e-05 -4.0500000000e-04 3.7800000000e-04 2.6700000000e-04 3.0400000000e-04 2.9700000000e-04
1.2815000000e+09 8.7297900000e-01 2.3550000000e-03 -1.6860000000e-03 4.4700000000e-04 8.3900000000e-04 6.6500000000e-04 5.6000000000e-04 6.1600000000e-04
1.2999000000e+09 8.7344200000e-01 1.8460000000e-03 -2.3560000000e-03 1.6100000000e-04 3.2400000000e-04 2.8800000000e-04 2.7200000000e-04 2.9500000000e-04
1.3015000000e+09 8.7311100000e-01 2.5310000000e-03 -1.2710000000e-03 -3.7100000000e-04 3.3200000000e-04 2.8300000000e-04 3.0200000000e-04 2.8900000000e-04
1.3032000000e+09 8.7315100000e-01 2.0030000000e-03 -1.5090000000e-03 -6.4000000000e-05 3.4200000000e-04 2.6600000000e-04 2.6000000000e-04 2.6700000000e-04
1.3049000000e+09 8.7234000000e-01 1.8030000000e-03 -1.4850000000e-03 -4.1800000000e-04 3.2100000000e-04 2.7000000000e-04 2.5700000000e-04 2.7000000000e-04
1.3066000000e+09 8.7200600000e-01 1.7750000000e-03 -1.1360000000e-03 6.8000000000e-05 2.8800000000e-04 2.5800000000e-04 2.7300000000e-04 2.4200000000e-04
1.3082000000e+09 8.7254400000e-01 1.9640000000e-03 -1.1140000000e-03 -9.8000000000e-05 3.2700000000e-04 2.5800000000e-04 2.4400000000e-04 2.5800000000e-04
1.3099000000e+09 8.7217400000e-01 1.6540000000e-03 -1.1480000000e-03 -4.8900000000e-04 2.8600000000e-04 2.5300000000e-04 2.6600000000e-04 2.5200000000e-04
1.3116000000e+09 8.7154200000e-01 1.6810000000e-03 -1.6480000000e-03 -2.3000000000e-05 2.9300000000e-04 2.5500000000e-04 2.5700000000e-04 2.3000000000e-04
1.3132000000e+09 8.7189600000e-01 1.8680000000e-03 -1.2880000000e-03 -2.5500000000e-04 3.1800000000e-04 2.5000000000e-04 2.4200000000e-04 2.4300000000e-04
1.3149000000e+09 8.7166200000e-01 1.8700000000e-03 -1.6440000000e-03 1.7300000000e-04 2.8600000000e-04 2.4300000000e-04 2.5200000000e-04 2.4700000000e-04
1.3166000000e+09 8.7167600000e-01 1.5970000000e-03 -5.0200000000e-04 3.5600000000e-04 2.9000000000e-04 2.4000000000e-04 2.3600000000e-04 2.4200000000e-04
1.3183000000e+09 8.7113400000e-01 1.4110000000e-03 -1.4730000000e-03 -1.8100000000e-04 2.8400000000e-04 2.5800000000e-04 2.3900000000e-04 2.5000000000e-04
1.3199000000e+09 8.7078800000e-01 1.9370000000e-03 -1.1390000000e-03 -5.4000000000e-05 2.5100000000e-04 2.3400000000e-04 2.5400000000e-04 2.5900000000e-04
1.3216000000e+09 8.7093800000e-01 1.9770000000e-03 -1.7110000000e-03 7.5000000000e-05 2.8700000000e-04 2.7900000000e-04 2.5800000000e-04 2.4700000000e-04
1.3233000000e+09 8.7185100000e-01 2.0060000000e-03 -1.2500000000e-03 2.5700000000e-04 3.1000000000e-04 2.1100000000e-04 2.4800000000e-04 2.5900000000e-04
1.3249000000e+09 8.7114000000e-01 1.8650000000e-03 -1.9910000000e-03 2.8500000000e-04 3.0000000000e-04 2.5200000000e-04 2.5500000000e-04 2.1900000000e-04
1.3266000000e+09 8.7075000000e-01 1.8470000000e-03 -1.2160000000e-03 -4.4000000000e-05 2.9500000000e-04 2.2600000000e-04 2.5100000000e-04 2.4500000000e-04
1.3283000000e+09 8.7135900000e-01 1.9760000000e-03 -1.7680000000e-03 -1.1600000000e-04 2.9700000000e-04 2.4400000000e-04 2.5100000000e-04 2.5000000000e-04
1.3300000000e+09 8.7131300000e-01 1.7310000000e-03 -1.6700000000e-03 -2.2000000000e-05 2.7800000000e-04 2.4000000000e-04 2.3000000000e-04 2.5000000000e-04
1.3316000000e+09 8.7109300000e-01 1.2900000000e-03 -1.7230000000e-03 -2.4600000000e-04 2.9700000000e-04 2.6200000000e-04 2.6200000000e-04 2.7600000000e-04
1.3333000000e+09 8.7093200000e-01 1.9120000000e-03 -1.0260000000e-03 2.3600000000e-04 2.9900000000e-04 2.4300000000e-04 2.3400000000e-04 2.4400000000e-04
1.3350000000e+09 8.7061200000e-01 1.7320000000e-03 -1.0130000000e-03 -6.1000000000e-05 2.9200000000e-04 2.3400000000e-04 2.5700000000e-04 2.5800000000e-04
1.3367000000e+09 8.7018800000e-01 1.5570000000e-03 -8.7700000000e-04 8.7000000000e-05 2.9400000000e-04 2.4000000000e-04 2.6200000000e-04 2.3200000000e-04
1.3383000000e+09 8.7011000000e-01 1.3500000000e-03 -1.2130000000e-03 2.2400000000e-04 2.7000000000e-04 2.3700000000e-04 2.2700000000e-04 2.3100000000e-04
1.3400000000e+09 8.7061500000e-01 1.5650000000e-03 -1.1850000000e-03 2.5300000000e-04 2.8100000000e-04 2.4200000000e-04 2.4300000000e-04 2.4600000000e-04
1.3417000000e+09 8.7033200000e-01 1.2330000000e-03 -1.4990000000e-03 1.4200000000e-04 3.0100000000e-04 2.4100000000e-04 2.2100000000e-04 2.3600000000e-04
1.3433000000e+09 8.7006300000e-01 1.5900000000e-03 -7.3800000000e-04 -4.3600000000e-04 2.9300000000e-04 2.3300000000e-04 2.4400000000e-04 2.4500000000e-04
1.3450000000e+09 8.7025000000e-01 1.6190000000e-03 -9.3000000000e-04 -1.4000000000e-05 2.6000000000e-04 2.2500000000e-04 2.3100000000e-04 2.3100000000e-04
1.3467000000e+09 8.7015300000e-01 1.8820000000e-03 -9.7900000000e-04 -2.0600000000e-04 2.8200000000e-04 2.5100000000e-04 2.3300000000e-04 2.3900000000e-04
1.3484000000e+09 8.6984800000e-01 1.9540000000e-03 -1.2290000000e-03 6.8000000000e-05 2.9700000000e-04 2.3000000000e-04 2.7500000000e-04 2.4800000000e-04
1.3500000000e+09 8.7073100000e-01 2.4670000000e-03 -7.6500000000e-04 -6.8000000000e-05 2.7600000000e-04 2.3600000000e-04 2.3600000000e-04 2.3100000000e-04
1.3517000000e+09 8.6983600000e-01 1.9000000000e-03 -1.4210000000e-03 1.5000000000e-05 2.6900000000e-04 2.2800000000e-04 2.2800000000e-04 2.2200000000e-04
1.3534000000e+09 8.7032800000e-01 1.8420000000e-03 -8.7000000000e-04 -1.7000000000e-05 2.8800000000e-04 2.5200000000e-04 2.2400000000e-04 2.4200000000e-04
1.3550000000e+09 8.6965000000e-01 2.1750000000e-03 -1.0020000000e-03 -7.6000000000e-05 3.0800000000e-04 2.6000000000e-04 2.6400000000e-04 2.4300000000e-04
1.3567000000e+09 8.7012000000e-01 2.2400000000e-03 -9.3200000000e-04 4.0900000000e-04 2.6800000000e-04 2.3500000000e-04 2.5600000000e-04 2.4400000000e-04
1.3584000000e+09 8.7006200000e-01 2.2740000000e-03 -9.6900000000e-04 -8.0000000000e-06 2.7500000000e-04 2.4500000000e-04 2.1900000000e-04 2.4300000000e-04
1.3601000000e+09 8.6981900000e-01 2.2230000000e-03 -8.0800000000e-04 -1.8300000000e-04 2.6700000000e-04 2.4600000000e-04 2.3400000000e-04 2.4200000000e-04
1.3617000000e+09 8.6931800000e-01 2.5140000000e-03 -1.2850000000e-03 -1.3000000000e-05 2.7600000000e-04 2.4200000000e-04 2.4800000000e-04 2.3200000000e-04
1.3634000000e+09 8.6950100000e-01 2.2040000000e-03 -9.4200000000e-04 1.9100000000e-04 2.7400000000e-04 2.4500000000e-04 2.3900000000e-04 2.4800000000e-04
1.3651000000e+09 8.6946700000e-01 2.1350000000e-03 -1.0400000000e-03 3.6000000000e-05 2.7500000000e-04 2.4000000000e-04 2.4500000000e-04 2.4900000000e-04
1.3667000000e+09 8.6883400000e-01 1.7570000000e-03 -9.3300000000e-04 -3.7000000000e-04 2.8700000000e-04 2.5000000000e-04 2.4600000000e-04 2.4600000000e-04
1.3684000000e+09 8.6920300000e-01 1.9060000000e-03 -1.3240000000e-03 5.4600000000e-04 2.9300000000e-04 2.4800000000e-04 2.4100000000e-04 2.3300000000e-04
1.3701000000e+09 8.6945800000e-01 2.1330000000e-03 -4.4400000000e-04 -5.0300000000e-04 3.0200000000e-04 2.2800000000e-04 2.5700000000e-04 2.1700000000e-04
1.3718000000e+09 8.6940300000e-01 2.5820000000e-03 -7.8700000000e-04 2.0000000000e-06 2.8100000000e-04 2.4500000000e-04 2.5500000000e-04 2.1100000000e-04
1.3734000000e+09 8.6861600000e-01 2.6480000000e-03 -9.1100000000e-04 7.0000000000e-06 2.8000000000e-04 2.4800000000e-04 2.2900000000e-04 2.3200000000e-04
1.3751000000e+09 8.6853800000e-01 2.9920000000e-03 -1.2310000000e-03 2.7500000000e-04 2.6300000000e-04 2.2800000000e-04 2.2500000000e-04 2.5200000000e-04
1.3768000000e+09 8.6904700000e-01 1.9920000000e-03 -1.2390000000e-03 -5.1000000000e-05 2.8400000000e-04 2.4100000000e-04 2.4400000000e-04 2.4900000000e-04
1.3784000000e+09 8.6865500000e-01 1.9060000000e-03 -1.4090000000e-03 1.6600000000e-04 3.0100000000e-04 2.6600000000e-04 2.5300000000e-04 2.3700000000e-04
1.3801000000e+09 8.6844500000e-01 2.2270000000e-03 -1.2840000000e-03 -2.3500000000e-04 2.5500000000e-04 2.2400000000e-04 2.5500000000e-04 2.2500000000e-04
1.3818000000e+09 8.6851800000e-01 2.7410000000e-03 -1.1420000000e-03 -1.7300000000e-04 2.9100000000e-04 2.1100000000e-04 2.4400000000e-04 2.5300000000e-04
1.3835000000e+09 8.6876400000e-01 2.3230000000e-03 -4.0300000000e-04 1.2000000000e-05 2.8500000000e-04 2.2800000000e-04 2.6300000000e-04 2.3600000000e-04
1.3851000000e+09 8.6835400000e-01 2.9620000000e-03 -7.2900000000e-04 -1.3900000000e-04 2.8600000000e-04 2.4100000000e-04 2.1900000000e-04 2.3200000000e-04
1.3868000000e+09 8.6863200000e-01 2.4640000000e-03 -8.4800000000e-04 -3.1300000000e-04 2.7600000000e-04 2.3200000000e-04 2.2600000000e-04 2.2800000000e-04
1.3885000000e+09 8.6842000000e-01 2.6370000000e-03 -9.1100000000e-04 3.0400000000e-04 2.8500000000e-04 2.3900000000e-04 2.3300000000e-04 2.2100000000e-04
1.3902000000e+09 8.6837500000e-01 2.9770000000e-03 3.7000000000e-05 2.9500000000e-04 2.9000000000e-04 2.4800000000e-04 2.5100000000e-04 2.3200000000e-04
1.3918000000e+09 8.6862000000e-01 2.5980000000e-03 -1.1310000000e-03 -2.9600000000e-04 2.6900000000e-04 2.3500000000e-04 2.4700000000e-04 2.5100000000e-04
1.3935000000e+09 8.6777400000e-01 2.9080000000e-03 3.6300000000e-04 -1.1900000000e-04 2.9000000000e-04 2.4700000000e-04 2.8200000000e-04 2.3900000000e-04
1.3952000000e+09 8.6821200000e-01 2.9690000000e-03 -4.9800000000e-04 2.1400000000e-04 2.7800000000e-04 2.1400000000e-04 2.4100000000e-04 2.2900000000e-04
1.3968000000e+09 8.6798000000e-01 2.7930000000e-03 -3.7900000000e-04 4.2200000000e-04 2.8600000000e-04 2.3700000000e-04 2.6200000000e-04 2.3200000000e-04
1.3985000000e+09 8.6819600000e-01 3.1620000000e-03 -3.4700000000e-04 6.2000000000e-05 2.9600000000e-04 2.4100000000e-04 2.3300000000e-04 2.2800000000e-04
1.4002000000e+09 8.6794900000e-01 2.7990000000e-03 6.3000000000e-05 1.1600000000e-04 2.6400000000e-04 2.2300000000e-04 2.5800000000e-04 2.5900000000e-04
1.4019000000e+09 8.6789000000e-01 3.0220000000e-03 -3.6300000000e-04 -5.2000000000e-05 2.6000000000e-04 2.5200000000e-04 2.2300000000e-04 2.2300000000e-04
1.4035000000e+09 8.6762800000e-01 2.9780000000e-03 -6.5000000000e-04 6.9000000000e-05 2.7400000000e-04 2.2400000000e-04 2.6000000000e-04 2.4200000000e-04
1.4052000000e+09 8.6784600000e-01 2.7020000000e-03 -1.1900000000e-04 5.4000000000e-05 2.9200000000e-04 2.4900000000e-04 2.2900000000e-04 2.3100000000e-04
1.4069000000e+09 8.6751500000e-01 3.0260000000e-03 2.1800000000e-04 2.7800000000e-04 2.7900000000e-04 2.2600000000e-04 2.5400000000e-04 2.3400000000e-04
1.4085000000e+09 8.6748500000e-01 3.0750000000e-03 -3.1200000000e-04 -4.6200000000e-04 2.7600000000e-04 2.4400000000e-04 2.3700000000e-04 2.2600000000e-04
1.4102000000e+09 8.6751600000e-01 3.3490000000e-03 1.3000000000e-05 -8.0000000000e-06 2.7300000000e-04 2.4400000000e-04 2.5700000000e-04 2.6200000000e-04
1.4119000000e+09 8.6731700000e-01 3.1990000000e-03 1.8500000000e-04 3.9500000000e-04 2.9100000000e-04 2.3200000000e-04 2.5000000000e-04 2.5100000000e-04
1.4136000000e+09 8.6746000000e-01 3.1090000000e-03 -1.7000000000e-05 -4.1200000000e-04 2.9000000000e-04 2.1300000000e-04 2.3800000000e-04 2.1600000000e-04
1.4152000000e+09 8.6776700000e-01 3.2270000000e-03 1.2500000000e-04 6.0000000000e-05 2.7700000000e-04 2.5100000000e-04 2.2100000000e-04 2.5900000000e-04
1.4169000000e+09 8.6754100000e-01 3.3760000000e-03 2.9200000000e-04 -2.0000000000e-06 2.7100000000e-04 2.3800000000e-04 2.4200000000e-04 2.2000000000e-04
1.4236000000e+09 8.6740600000e-01 3.4100000000e-03 3.3700000000e-04 -8.9000000000e-05 2.7400000000e-04 2.4300000000e-04 2.2800000000e-04 2.4000000000e-04
1.4253000000e+09 8.6717600000e-01 2.9520000000e-03 -2.8000000000e-04 3.0200000000e-04 2.7100000000e-04 2.2200000000e-04 2.5800000000e-04 2.4400000000e-04
1.4269000000e+09 8.6753300000e-01 3.3110000000e-03 3.1600000000e-04 -3.5000000000e-04 2.7300000000e-04 2.3100000000e-04 2.4200000000e-04 2.5300000000e-04
1.4286000000e+09 8.6660900000e-01 3.2640000000e-03 5.2000000000e-05 1.8000000000e-05 3.0300000000e-04 2.3800000000e-04 2.2700000000e-04 2.4700000000e-04
1.4303000000e+09 8.6746000000e-01 2.9590000000e-03 6.9900000000e-04 1.2300000000e-04 2.7600000000e-04 2.2300000000e-04 2.4200000000e-04 2.1000000000e-04
1.4319000000e+09 8.6744500000e-01 3.2310000000e-03 -2.6600000000e-04 -3.2000000000e-05 2.7900000000e-04 2.5200000000e-04 2.3300000000e-04 2.1600000000e-04
1.4336000000e+09 8.6746800000e-01 3.2740000000e-03 2.7000000000e-05 2.5000000000e-05 2.8300000000e-04 2.2700000000e-04 2.5400000000e-04 2.5300000000e-04
1.4353000000e+09 8.6659800000e-01 3.2220000000e-03 5.3900000000e-04 2.2200000000e-04 2.9400000000e-04 2.6600000000e-04 2.4200000000e-04 2.4000000000e-04
1.4370000000e+09 8.6670400000e-01 3.3720000000e-03 1.5300000000e-04 -1.8000000000e-04 2.9200000000e-04 2.4800000000e-04 2.4400000000e-04 2.2600000000e-04
1.4386000000e+09 8.6668000000e-01 3.0510000000e-03 1.8000000000e-04 -1.4000000000e-05 2.7200000000e-04 2.3700000000e-04 2.4300000000e-04 2.7200000000e-04
1.4403000000e+09 8.6674500000e-01 3.5200000000e-03 3.5300000000e-04 2.3000000000e-04 2.7700000000e-04 2.3300000000e-04 2.5200000000e-04 2.2600000000e-04
1.4420000000e+09 8.6635800000e-01 3.4420000000e-03 -1.5000000000e-04 2.2900000000e-04 2.7400000000e-04 2.4400000000e-04 2.4300000000e-04 2.6100000000e-04
1.4437000000e+09 8.6680800000e-01 3.4720000000e-03 1.6300000000e-04 -2.4100000000e-04 2.7400000000e-04 2.3000000000e-04 2.3900000000e-04 2.3800000000e-04
1.4453000000e+09 8.6660600000e-01 3.6450000000e-03 4.0000000000e-05 -2.9000000000e-05 2.9100000000e-04 2.4500000000e-04 2.4100000000e-04 2.3900000000e-04
1.4470000000e+09 8.6664800000e-01 3.4040000000e-03 5.8300000000e-04 2.2800000000e-04 3.1600000000e-04 2.4500000000e-04 2.3500000000e-04 2.5300000000e-04
1.4487000000e+09 8.6624200000e-01 3.6590000000e-03 1.5400000000e-04 -1.4500000000e-04 2.9300000000e-04 2.3700000000e-04 2.5300000000e-04 2.4100000000e-04
1.4503000000e+09 8.6607300000e-01 3.3600000000e-03 -6.1700000000e-04 -5.3000000000e-05 2.6300000000e-04 2.2400000000e-04 2.2000000000e-04 2.3700000000e-04
1.4520000000e+09 8.6638900000e-01 4.0990000000e-03 7.4500000000e-04 -2.8900000000e-04 2.8100000000e-04 2.5300000000e-04 2.5500000000e-04 2.6000000000e-04
1.4537000000e+09 8.6650300000e-01 3.4950000000e-03 -2.4800000000e-04 2.2800000000e-04 2.6900000000e-04 2.5000000000e-04 2.3200000000e-04 2.3100000000e-04
1.4554000000e+09 8.6636400000e-01 3.5060000000e-03 -1.6900000000e-04 1.9100000000e-04 2.9600000000e-04 2.4900000000e-04 2.5000000000e-04 2.5800000000e-04
1.4570000000e+09 8.6610900000e-01 3.3170000000e-03 2.7000000000e-04 1.5000000000e-04 3.0100000000e-04 2.2600000000e-04 2.3300000000e-04 2.3100000000e-04
1.4587000000e+09 8.6589100000e-01 4.2280000000e-03 -1.7000000000e-05 6.6800000000e-04 2.7000000000e-04 2.4400000000e-04 2.5300000000e-04 2.4300000000e-04
1.4604000000e+09 8.6648300000e-01 4.0100000000e-03 5.7500000000e-04 -2.2200000000e-04 2.9300000000e-04 2.1300000000e-04 2.3800000000e-04 2.2500000000e-04
1.4620000000e+09 8.6583100000e-01 3.8490000000e-03 5.5600000000e-04 -1.4100000000e-04 2.8100000000e-04 2.4300000000e-04 2.4800000000e-04 2.3900000000e-04
1.4637000000e+09 8.6590600000e-01 3.8470000000e-03 1.8900000000e-04 -1.6100000000e-04 2.7400000000e-04 2.2800000000e-04 2.2400000000e-04 2.4400000000e-04
1.4654000000e+09 8.6609600000e-01 3.6880000000e-03 5.4400000000e-04 -3.0200000000e-04 3.1000000000e-04 2.2000000000e-04 2.1600000000e-04 2.4700000000e-04
1.4671000000e+09 8.6555200000e-01 3.4550000000e-03 1.7500000000e-04 1.6200000000e-04 2.7900000000e-04 2.5500000000e-04 2.3800000000e-04 2.1100000000e-04
1.4687000000e+09 8.6537800000e-01 3.7590000000e-03 5.8500000000e-04 -9.7000000000e-05 2.7200000000e-04 2.0900000000e-04 2.2600000000e-04 2.3100000000e-04
1.4704000000e+09 8.6588800000e-01 4.0880000000e-03 7.4400000000e-04 1.8900000000e-04 2.8700000000e-04 2.5600000000e-04 2.4600000000e-04 2.2600000000e-04
1.4721000000e+09 8.6497800000e-01 3.6800000000e-03 4.6600000000e-04 3.9400000000e-04 2.7700000000e-04 2.6000000000e-04 2.4600000000e-04 2.1900000000e-04
1.4737000000e+09 8.6597100000e-01 3.7990000000e-03 7.3700000000e-04 3.6300000000e-04 2.8300000000e-04 2.3900000000e-04 2.3500000000e-04 2.1800000000e-04
1.4754000000e+09 8.6572100000e-01 3.8360000000e-03 2.7600000000e-04 -4.6400000000e-04 2.8100000000e-04 2.4300000000e-04 2.4600000000e-04 2.5100000000e-04
1.4771000000e+09 8.6598100000e-01 4.3170000000e-03 9.4000000000e-04 -1.8400000000e-04 2.8700000000e-04 2.4200000000e-04 2.4700000000e-04 2.2500000000e-04
1.4788000000e+09 8.6564600000e-01 4.1290000000e-03 7.0000000000e-05 -1.0300000000e-04 2.7700000000e-04 2.3100000000e-04 2.3900000000e-04 2.4800000000e-04
1.4804000000e+09 8.6557500000e-01 3.7020000000e-03 5.6200000000e-04 3.9000000000e-05 2.9600000000e-04 2.2600000000e-04 2.6000000000e-04 2.3800000000e-04
1.4821000000e+09 8.6541200000e-01 3.8320000000e-03 2.7000000000e-05 2.1700000000e-04 3.0600000000e-04 2.4000000000e-04 2.4800000000e-04 2.4500000000e-04
1.4838000000e+09 8.6537400000e-01 3.3560000000e-03 8.8500000000e-04 2.7400000000e-04 2.9100000000e-04 2.2900000000e-04 2.2300000000e-04 2.4200000000e-04
1.4854000000e+09 8.6508000000e-01 3.5860000000e-03 7.8200000000e-04 -2.4600000000e-04 2.8200000000e-04 2.3800000000e-04 2.1800000000e-04 2.4000000000e-04
1.4871000000e+09 8.6519200000e-01 3.7560000000e-03 6.1800000000e-04 2.3400000000e-04 2.8900000000e-04 2.3900000000e-04 2.5800000000e-04 2.4900000000e-04
1.4888000000e+09 8.6527200000e-01 4.3300000000e-03 9.5500000000e-04 -7.0000000000e-06 3.0100000000e-04 2.4000000000e-04 2.4600000000e-04 2.2800000000e-04
1.4905000000e+09 8.6538500000e-01 3.7560000000e-03 4.3300000000e-04 2.5200000000e-04 2.6300000000e-04 2.2300000000e-04 2.4200000000e-04 2.3500000000e-04
1.4921000000e+09 8.6521800000e-01 4.1810000000e-03 4.3800000000e-04 1.8300000000e-04 2.8600000000e-04 2.6300000000e-04 2.4500000000e-04 2.2900000000e-04
1.4938000000e+09 8.6502700000e-01 3.9000000000e-03 9.9300000000e-04 9.3000000000e-05 2.9100000000e-04 2.4300000000e-04 2.4100000000e-04 2.4600000000e-04
1.4955000000e+09 8.6475000000e-01 4.0780000000e-03 7.6700000000e-04 -1.7800000000e-04 2.8100000000e-04 2.4300000000e-04 2.5700000000e-04 2.4600000000e-04
1.4972000000e+09 8.6488600000e-01 4.2140000000e-03 1.1220000000e-03 -5.6200000000e-04 2.9000000000e-04 2.3900000000e-04 2.3500000000e-04 2.2100000000e-04
1.4988000000e+09 8.6470700000e-01 3.8570000000e-03 8.5400000000e-04 1.1500000000e-04 2.9500000000e-04 2.3700000000e-04 2.3100000000e-04 2.3300000000e-04
1.5005000000e+09 8.6487700000e-01 4.1550000000e-03 4.8900000000e-04 -1.8000000000e-05 3.0000000000e-04 2.2900000000e-04 2.4700000000e-04 2.2900000000e-04
1.5022000000e+09 8.6487900000e-01 4.1070000000e-03 7.7900000000e-04 -1.3500000000e-04 3.1000000000e-04 2.5400000000e-04 2.5600000000e-04 2.4600000000e-04
1.5038000000e+09 8.6456000000e-01 3.5020000000e-03 4.1100000000e-04 5.8000000000e-05 2.9100000000e-04 2.5200000000e-04 2.1500000000e-04 2.4600000000e-04
1.5055000000e+09 8.6463100000e-01 3.6020000000e-03 7.4800000000e-04 4.4100000000e-04 2.8300000000e-04 2.4600000000e-04 2.3400000000e-04 2.6300000000e-04
1.5072000000e+09 8.6448100000e-01 3.4790000000e-03 3.6300000000e-04 -9.5000000000e-05 2.7900000000e-04 2.2100000000e-04 2.3900000000e-04 2.3600000000e-04
1.5089000000e+09 8.6442200000e-01 3.0960000000e-03 3.8000000000e-04 -2.7000000000e-05 2.8500000000e-04 2.4400000000e-04 2.4600000000e-04 2.4900000000e-04
1.5105000000e+09 8.6428400000e-01 3.7380000000e-03 6.2000000000e-05 -2.2200000000e-04 2.7500000000e-04 2.2300000000e-04 2.4000000000e-04 2.2400000000e-04
1.5122000000e+09 8.6426500000e-01 3.8400000000e-03 8.2900000000e-04 9.5000000000e-05 2.9600000000e-04 2.3500000000e-04 2.5800000000e-04 2.5700000000e-04
1.5139000000e+09 8.6403000000e-01 4.0990000000e-03 5.2000000000e-05 -4.6600000000e-04 2.7300000000e-04 2.5200000000e-04 2.2800000000e-04 2.5200000000e-04
1.5155000000e+09 8.6464300000e-01 3.5660000000e-03 4.1300000000e-04 6.4000000000e-05 2.9400000000e-04 2.5000000000e-04 2.4300000000e-04 2.5400000000e-04
1.5206000000e+09 8.6483500000e-01 4.0990000000e-03 3.4400000000e-04 1.2200000000e-04 3.4100000000e-04 2.7400000000e-04 2.5000000000e-04 2.7100000000e-04
1.5222000000e+09 8.6433900000e-01 3.4860000000e-03 4.3800000000e-04 2.0200000000e-04 3.1300000000e-04 2.2700000000e-04 2.3300000000e-04 2.3300000000e-04
1.5657000000e+09 8.6307200000e-01 3.4390000000e-03 -1.3100000000e-04 -2.4400000000e-04 3.8600000000e-04 2.7200000000e-04 2.6400000000e-04 2.9200000000e-04
1.5674000000e+09 8.6371500000e-01 3.4780000000e-03 -2.8000000000e-04 -2.9100000000e-04 4.2100000000e-04 2.7500000000e-04 3.3500000000e-04 3.1700000000e-04
1.5690000000e+09 8.6319200000e-01 3.3450000000e-03 1.2700000000e-04 -4.2700000000e-04 4.8200000000e-04 3.6500000000e-04 3.5100000000e-04 3.7800000000e-04
1.5807000000e+09 8.6321400000e-01 3.0010000000e-03 -6.4000000000e-04 -1.3000000000e-04 4.8200000000e-04 3.5600000000e-04 3.4300000000e-04 3.8400000000e-04
1.5824000000e+09 8.6268700000e-01 3.0640000000e-03 -1.1300000000e-04 2.5200000000e-04 4.2600000000e-04 3.0900000000e-04 3.1500000000e-04 3.5700000000e-04
1.5841000000e+09 8.6290600000e-01 3.4030000000e-03 3.0000000000e-06 2.7400000000e-04 3.7500000000e-04 2.7200000000e-04 2.6900000000e-04 2.5800000000e-04
1.5858000000e+09 8.6250600000e-01 3.4040000000e-03 -8.8000000000e-04 -1.1600000000e-04 3.5800000000e-04 2.7800000000e-04 3.0600000000e-04 2.6900000000e-04
1.6058000000e+09 8.6180100000e-01 3.0720000000e-03 -9.8200000000e-04 -3.5000000000e-05 4.2800000000e-04 2.7500000000e-04 3.1100000000e-04 3.2300000000e-04
1.6075000000e+09 8.6122400000e-01 3.5930000000e-03 -6.4800000000e-04 -2.1400000000e-04 3.1100000000e-04 2.5700000000e-04 2.4700000000e-04 2.4000000000e-04
1.6092000000e+09 8.6119400000e-01 3.2880000000e-03 -7.3000000000e-04 -1.4700000000e-04 2.7900000000e-04 2.2700000000e-04 2.2500000000e-04 2.3300000000e-04
1.6108000000e+09 8.6076500000e-01 3.4380000000e-03 -8.3500000000e-04 2.1900000000e-04 2.7500000000e-04 2.4300000000e-04 2.5500000000e-04 2.4800000000e-04
1.6125000000e+09 8.6083100000e-01 3.2800000000e-03 -1.1740000000e-03 1.8900000000e-04 3.0200000000e-04 2.2100000000e-04 2.4300000000e-04 2.3700000000e-04
1.6142000000e+09 8.6046400000e-01 3.5990000000e-03 -1.0050000000e-03 -1.8700000000e-04 2.9600000000e-04 2.2700000000e-04 2.2100000000e-04 2.2600000000e-04
1.6159000000e+09 8.6084400000e-01 3.5850000000e-03 -7.1900000000e-04 -3.4900000000e-04 2.9600000000e-04 2.1100000000e-04 2.2800000000e-04 2.1900000000e-04
1.6175000000e+09 8.6005400000e-01 3.2890000000e-03 -1.4970000000e-03 3.3800000000e-04 4.1500000000e-04 2.8900000000e-04 2.8600000000e-04 2.5000000000e-04
1.6192000000e+09 8.6189600000e-01 2.8490000000e-03 -1.5650000000e-03 -4.7700000000e-04 4.2500000000e-04 3.1100000000e-04 3.1500000000e-04 3.5300000000e-04
1.6292000000e+09 8.5975100000e-01 3.3800000000e-03 -4.0300000000e-04 -2.9300000000e-04 3.3300000000e-04 2.2500000000e-04 2.4300000000e-04 2.2500000000e-04
1.6309000000e+09 8.6003600000e-01 3.1960000000e-03 -6.1100000000e-04 2.3900000000e-04 3.2300000000e-04 2.3800000000e-04 2.2800000000e-04 2.5000000000e-04
1.6326000000e+09 8.6032900000e-01 3.0090000000e-03 -9.3800000000e-04 1.2700000000e-04 3.1500000000e-04 2.4400000000e-04 2.8300000000e-04 2.5700000000e-04
1.6342000000e+09 8.6020800000e-01 2.6350000000e-03 -1.1850000000e-03 -1.2300000000e-04 2.9700000000e-04 2.3300000000e-04 2.2000000000e-04 2.5200000000e-04
1.6359000000e+09 8.5943300000e-01 2.5050000000e-03 -7.1300000000e-04 1.2700000000e-04 2.9500000000e-04 2.5700000000e-04 2.3800000000e-04 2.4900000000e-04
1.6393000000e+09 8.6095400000e-01 3.2980000000e-03 -8.3400000000e-04 -3.7800000000e-04 3.1400000000e-04 2.2600000000e-04 2.4000000000e-04 2.5100000000e-04
1.6409000000e+09 8.5946100000e-01 3.0230000000e-03 -1.0610000000e-03 -8.1000000000e-05 3.1400000000e-04 2.6200000000e-04 2.4600000000e-04 2.2000000000e-04
1.6426000000e+09 8.5918800000e-01 3.4980000000e-03 -1.3060000000e-03 7.3000000000e-05 3.2000000000e-04 2.3800000000e-04 2.5900000000e-04 2.5300000000e-04
1.6459000000e+09 8.5966000000e-01 3.1800000000e-03 -1.6480000000e-03 -7.9000000000e-05 3.1400000000e-04 2.3400000000e-04 2.3300000000e-04 2.4000000000e-04
