9.028000000000000000e+08 1.866713700000000031e+01 1.373388000000000053e+00 -3.587460000000000093e-01 1.239600000000000077e-02 9.340000000000000429e-04 1.108000000000000044e-03
9.162000000000000000e+08 1.849731500000000040e+01 1.398004000000000024e+00 -3.381100000000000216e-01 9.544999999999999665e-03 7.169999999999999724e-04 1.016999999999999892e-03
9.295000000000000000e+08 1.834005000000000152e+01 1.427632999999999930e+00 -3.123549999999999938e-01 7.307000000000000127e-03 6.509999999999999945e-04 9.210000000000000521e-04
9.429000000000000000e+08 1.798339599999999905e+01 1.459913999999999934e+00 -2.627639999999999976e-01 9.450999999999999332e-03 7.720000000000000083e-04 1.288000000000000082e-03
9.563000000000000000e+08 1.802578400000000158e+01 1.467805000000000026e+00 -2.306970000000000132e-01 5.318999999999999943e-03 4.270000000000000249e-04 7.380000000000000492e-04
9.697000000000000000e+08 1.787369400000000041e+01 1.479584999999999928e+00 -1.863170000000000104e-01 5.106000000000000295e-03 2.939999999999999905e-04 7.240000000000000342e-04
9.830000000000000000e+08 1.773074700000000092e+01 1.486987999999999976e+00 -1.444290000000000018e-01 4.710999999999999910e-03 3.280000000000000038e-04 7.069999999999999462e-04
9.964000000000000000e+08 1.760444800000000143e+01 1.493568999999999924e+00 -1.063349999999999990e-01 4.401999999999999663e-03 2.559999999999999884e-04 6.960000000000000041e-04
1.009800000000000000e+09 1.746720099999999931e+01 1.498953999999999898e+00 -7.379900000000000349e-02 4.151000000000000176e-03 2.910000000000000260e-04 6.549999999999999833e-04
1.023200000000000000e+09 1.734669500000000042e+01 1.501179999999999959e+00 -1.199999999999999895e-03 4.120999999999999663e-03 2.759999999999999867e-04 6.489999999999999459e-04
1.036500000000000000e+09 1.721594599999999886e+01 1.499697000000000058e+00 7.185099999999999820e-02 4.069999999999999833e-03 3.220000000000000206e-04 6.560000000000000076e-04
1.049900000000000000e+09 1.708531199999999828e+01 1.495973999999999915e+00 9.510799999999999810e-02 3.713999999999999854e-03 2.700000000000000035e-04 6.139999999999999625e-04
1.063300000000000000e+09 1.698034499999999980e+01 1.488061999999999996e+00 1.232489999999999974e-01 3.794000000000000063e-03 2.469999999999999865e-04 5.779999999999999548e-04
1.076700000000000000e+09 1.686939100000000025e+01 1.483233999999999941e+00 1.555449999999999888e-01 3.151999999999999854e-03 2.910000000000000260e-04 6.350000000000000392e-04
1.090000000000000000e+09 1.675238799999999983e+01 1.479014000000000051e+00 1.932969999999999966e-01 3.377999999999999926e-03 3.069999999999999812e-04 6.109999999999999980e-04
1.103400000000000000e+09 1.662196000000000140e+01 1.479281999999999986e+00 2.174159999999999981e-01 3.517999999999999860e-03 2.770000000000000110e-04 6.019999999999999961e-04
1.116800000000000000e+09 1.651444800000000157e+01 1.472520999999999969e+00 2.456359999999999932e-01 2.778999999999999786e-03 2.829999999999999942e-04 6.009999999999999717e-04
1.130200000000000000e+09 1.640678199999999975e+01 1.465527999999999942e+00 2.779150000000000231e-01 2.985999999999999939e-03 2.829999999999999942e-04 6.430000000000000169e-04
1.143500000000000000e+09 1.629797900000000155e+01 1.455599000000000087e+00 3.091209999999999791e-01 2.912000000000000092e-03 2.579999999999999828e-04 6.070000000000000092e-04
1.156900000000000000e+09 1.618871100000000141e+01 1.440779999999999950e+00 3.402370000000000116e-01 2.592000000000000120e-03 2.889999999999999774e-04 6.239999999999999887e-04
1.170300000000000000e+09 1.608777200000000107e+01 1.423691999999999958e+00 3.539619999999999989e-01 3.451000000000000074e-03 3.959999999999999762e-04 6.530000000000000431e-04
1.183700000000000000e+09 1.598230000000000040e+01 1.430844000000000005e+00 4.049280000000000102e-01 3.213999999999999843e-03 3.310000000000000225e-04 5.980000000000000072e-04
1.197000000000000000e+09 1.587375100000000039e+01 1.424519000000000091e+00 4.127259999999999818e-01 3.209000000000000047e-03 3.609999999999999928e-04 6.049999999999999606e-04
1.210400000000000000e+09 1.578653199999999934e+01 1.421505000000000019e+00 4.418259999999999965e-01 3.429000000000000190e-03 4.040000000000000080e-04 5.890000000000000053e-04
1.223800000000000000e+09 1.567071499999999951e+01 1.414714000000000027e+00 4.994080000000000186e-01 3.364999999999999936e-03 3.289999999999999739e-04 5.789999999999999791e-04
1.237200000000000000e+09 1.557601900000000050e+01 1.395427999999999891e+00 5.096239999999999659e-01 2.628000000000000128e-03 2.950000000000000148e-04 5.720000000000000258e-04
1.250500000000000000e+09 1.548924599999999963e+01 1.384573000000000054e+00 4.849060000000000037e-01 2.406000000000000152e-03 3.469999999999999777e-04 5.630000000000000239e-04
1.263900000000000000e+09 1.540377999999999936e+01 1.374841999999999897e+00 4.933670000000000000e-01 3.598000000000000070e-03 3.800000000000000209e-04 6.089999999999999494e-04
1.277300000000000000e+09 1.530786400000000036e+01 1.360131999999999897e+00 5.138800000000000034e-01 4.246999999999999907e-03 4.459999999999999989e-04 6.480000000000000300e-04
1.290700000000000000e+09 1.521377400000000080e+01 1.350004999999999900e+00 5.322040000000000104e-01 2.987000000000000072e-03 3.020000000000000223e-04 5.559999999999999621e-04
1.304000000000000000e+09 1.512838299999999947e+01 1.343720000000000026e+00 5.482590000000000519e-01 2.713999999999999833e-03 2.759999999999999867e-04 5.140000000000000254e-04
1.317400000000000000e+09 1.504405500000000018e+01 1.336000000000000076e+00 5.703310000000000324e-01 2.475000000000000203e-03 2.900000000000000017e-04 5.220000000000000031e-04
1.330800000000000000e+09 1.495913200000000032e+01 1.323207999999999940e+00 5.887109999999999843e-01 2.448000000000000089e-03 2.799999999999999755e-04 4.929999999999999487e-04
1.344200000000000000e+09 1.487253300000000067e+01 1.314033999999999924e+00 6.008029999999999760e-01 2.589999999999999854e-03 2.759999999999999867e-04 4.910000000000000085e-04
1.357500000000000000e+09 1.479389199999999960e+01 1.301357000000000097e+00 6.175129999999999786e-01 2.615000000000000137e-03 2.750000000000000166e-04 4.640000000000000027e-04
1.370900000000000000e+09 1.470790299999999995e+01 1.291519000000000084e+00 6.265190000000000481e-01 2.400999999999999922e-03 3.299999999999999982e-04 4.870000000000000197e-04
1.384300000000000000e+09 1.463010200000000083e+01 1.282434999999999992e+00 6.386450000000000182e-01 2.324000000000000111e-03 3.040000000000000167e-04 4.699999999999999859e-04
1.397700000000000000e+09 1.455641499999999944e+01 1.270269000000000092e+00 6.570989999999999887e-01 2.222000000000000017e-03 3.150000000000000131e-04 4.539999999999999765e-04
1.411000000000000000e+09 1.447962599999999966e+01 1.260008999999999935e+00 6.718079999999999607e-01 2.399000000000000091e-03 2.869999999999999830e-04 4.499999999999999877e-04
1.424400000000000000e+09 1.440803700000000021e+01 1.247773000000000021e+00 6.837020000000000319e-01 2.567999999999999970e-03 3.669999999999999760e-04 5.010000000000000347e-04
1.437800000000000000e+09 1.433631199999999950e+01 1.239027000000000100e+00 6.936780000000000168e-01 2.233000000000000176e-03 3.330000000000000169e-04 4.749999999999999990e-04
1.451200000000000000e+09 1.426554800000000078e+01 1.230005999999999933e+00 7.019570000000000531e-01 2.096000000000000207e-03 3.429999999999999889e-04 4.749999999999999990e-04
1.464500000000000000e+09 1.419571400000000061e+01 1.218604999999999938e+00 7.101650000000000462e-01 2.164000000000000125e-03 3.190000000000000019e-04 4.699999999999999859e-04
1.477900000000000000e+09 1.412452500000000022e+01 1.207495999999999903e+00 7.190980000000000150e-01 2.576000000000000165e-03 2.999999999999999737e-04 4.569999999999999952e-04
1.491300000000000000e+09 1.406113399999999913e+01 1.196366999999999958e+00 7.266500000000000181e-01 2.327000000000000075e-03 3.319999999999999926e-04 4.319999999999999838e-04
1.504700000000000000e+09 1.399784299999999959e+01 1.187084999999999946e+00 7.331839999999999469e-01 2.197000000000000168e-03 3.260000000000000094e-04 4.429999999999999802e-04
1.518000000000000000e+09 1.393907500000000077e+01 1.177615000000000078e+00 7.397390000000000354e-01 2.102000000000000136e-03 3.669999999999999760e-04 4.539999999999999765e-04
1.531400000000000000e+09 1.388261100000000070e+01 1.171327000000000007e+00 7.408230000000000093e-01 2.458999999999999814e-03 3.879999999999999985e-04 5.370000000000000424e-04
1.544800000000000000e+09 1.381970500000000079e+01 1.161327999999999916e+00 7.462370000000000392e-01 3.591000000000000008e-03 4.690000000000000158e-04 5.649999999999999641e-04
1.558200000000000000e+09 1.375801900000000089e+01 1.150552999999999937e+00 7.610649999999999915e-01 2.370000000000000145e-03 3.559999999999999797e-04 4.629999999999999784e-04
1.571500000000000000e+09 1.369707200000000036e+01 1.144560000000000022e+00 7.715840000000000476e-01 2.331000000000000173e-03 4.519999999999999821e-04 4.769999999999999934e-04
1.584900000000000000e+09 1.364539199999999930e+01 1.137539999999999996e+00 7.817610000000000392e-01 2.230999999999999910e-03 4.029999999999999837e-04 4.490000000000000176e-04
1.598300000000000000e+09 1.359229500000000002e+01 1.126821000000000073e+00 7.761909999999999643e-01 2.266999999999999918e-03 3.359999999999999814e-04 4.910000000000000085e-04
1.611700000000000000e+09 1.354261900000000018e+01 1.115917999999999966e+00 7.817309999999999537e-01 2.216999999999999787e-03 3.989999999999999949e-04 4.299999999999999894e-04
1.625000000000000000e+09 1.349332000000000065e+01 1.106116000000000099e+00 7.802480000000000526e-01 2.890999999999999907e-03 3.989999999999999949e-04 5.710000000000000015e-04
1.638400000000000000e+09 1.344533000000000023e+01 1.101715999999999918e+00 7.845619999999999816e-01 2.341000000000000199e-03 3.510000000000000208e-04 4.429999999999999802e-04
1.651800000000000000e+09 1.340229199999999921e+01 1.093026999999999971e+00 7.859559999999999880e-01 2.579999999999999828e-03 4.490000000000000176e-04 5.299999999999999807e-04
