# ======================================================================
# FLAGGED DATA - KEPT CHANNELS ONLY
# ======================================================================
# 
# FLAGGING SUMMARY:
#   Total channels: 57
#   Flagged: 3 (5.3%)
#   Kept: 54 (94.7%)
# 
# FLAGGING CRITERIA APPLIED:
#   - Gross outliers: 1 channels
#   - Spectral baseline clipping: 2 channels
# 
# COLUMN FORMAT: freq(Hz) I Q U V dI dQ dU dV
# ======================================================================
9.0279943848e+08 1.5580000000e-03 1.7600000000e-04 1.8000000000e-04 -2.1400000000e-04 1.9400000000e-04 1.6400000000e-04 1.7700000000e-04 1.5700000000e-04
9.1617443848e+08 1.4840000000e-03 8.3000000000e-05 3.0000000000e-04 -1.1000000000e-05 1.3300000000e-04 1.3000000000e-04 1.1300000000e-04 1.1600000000e-04
9.2954943848e+08 1.2490000000e-03 2.0700000000e-04 2.5900000000e-04 2.4000000000e-04 1.7700000000e-04 1.5400000000e-04 1.3000000000e-04 1.3600000000e-04
9.5629943848e+08 1.6830000000e-03 8.3000000000e-05 -7.4000000000e-05 2.4700000000e-04 2.5500000000e-04 2.4000000000e-04 2.2400000000e-04 2.2700000000e-04
9.6967443848e+08 1.2170000000e-03 -4.7000000000e-05 -1.7600000000e-04 -1.3500000000e-04 1.2300000000e-04 1.1000000000e-04 1.1200000000e-04 1.1200000000e-04
9.8304943848e+08 1.3630000000e-03 7.8000000000e-05 -1.6500000000e-04 5.0000000000e-06 1.1800000000e-04 1.1300000000e-04 1.0200000000e-04 1.0700000000e-04
9.9642443848e+08 1.3800000000e-03 1.0700000000e-04 -1.5000000000e-05 9.1000000000e-05 1.1500000000e-04 1.0900000000e-04 1.1400000000e-04 9.8000000000e-05
1.0097994385e+09 1.3170000000e-03 2.3100000000e-04 -3.7000000000e-05 -1.6000000000e-04 1.1600000000e-04 1.1400000000e-04 1.1200000000e-04 9.8000000000e-05
1.0231744385e+09 1.2040000000e-03 8.6000000000e-05 1.2600000000e-04 -1.3300000000e-04 1.2700000000e-04 1.1300000000e-04 1.0100000000e-04 1.0300000000e-04
1.0365494385e+09 9.7500000000e-04 -6.0000000000e-06 0.0000000000e+00 -1.6500000000e-04 1.2900000000e-04 1.1000000000e-04 1.1500000000e-04 1.1100000000e-04
1.0499244385e+09 1.0800000000e-03 1.3000000000e-04 1.3200000000e-04 2.2000000000e-05 1.1400000000e-04 1.0300000000e-04 1.1000000000e-04 1.1100000000e-04
1.0632994385e+09 1.1040000000e-03 -3.4000000000e-05 -5.6000000000e-05 1.5000000000e-04 1.1200000000e-04 1.0800000000e-04 1.0100000000e-04 9.3000000000e-05
1.0766744385e+09 8.9600000000e-04 7.0000000000e-06 7.8000000000e-05 -2.0600000000e-04 1.0900000000e-04 9.4000000000e-05 9.5000000000e-05 1.0500000000e-04
1.0900494385e+09 8.4300000000e-04 2.1700000000e-04 -2.5900000000e-04 -8.1000000000e-05 1.5700000000e-04 1.4100000000e-04 1.5100000000e-04 1.6600000000e-04
1.1034244385e+09 1.0090000000e-03 1.1700000000e-04 8.0000000000e-05 -9.3000000000e-05 1.0300000000e-04 9.6000000000e-05 1.0200000000e-04 9.9000000000e-05
1.1167994385e+09 8.5300000000e-04 1.4800000000e-04 1.5900000000e-04 1.1400000000e-04 1.0600000000e-04 9.2000000000e-05 9.9000000000e-05 1.0900000000e-04
1.1301744385e+09 9.7300000000e-04 -2.9000000000e-05 3.6000000000e-04 -6.0000000000e-05 1.1000000000e-04 1.0500000000e-04 9.3000000000e-05 9.9000000000e-05
1.1435494385e+09 1.1090000000e-03 8.2000000000e-05 1.4900000000e-04 -1.8000000000e-05 1.3400000000e-04 1.0300000000e-04 1.1100000000e-04 1.0300000000e-04
1.1569244385e+09 7.8200000000e-04 3.2600000000e-04 1.1700000000e-04 -6.9000000000e-05 1.2200000000e-04 1.0400000000e-04 1.0600000000e-04 1.0700000000e-04
1.1836744385e+09 7.7700000000e-04 4.4000000000e-05 9.2000000000e-05 -4.8000000000e-05 1.6700000000e-04 1.4700000000e-04 1.6900000000e-04 1.8000000000e-04
1.1970494385e+09 8.4400000000e-04 -9.0000000000e-05 -7.3000000000e-05 -5.7000000000e-05 1.3700000000e-04 1.2600000000e-04 1.2100000000e-04 1.3800000000e-04
1.2104244385e+09 7.1700000000e-04 2.3600000000e-04 1.9700000000e-04 4.5000000000e-05 2.5800000000e-04 1.7800000000e-04 2.0400000000e-04 2.1200000000e-04
1.2237994385e+09 1.1030000000e-03 5.2000000000e-05 3.2100000000e-04 2.1500000000e-04 1.7600000000e-04 1.6100000000e-04 1.5500000000e-04 1.6600000000e-04
1.2371744385e+09 7.7000000000e-04 7.8000000000e-05 1.1700000000e-04 -1.2500000000e-04 1.3200000000e-04 1.1200000000e-04 1.0300000000e-04 1.2700000000e-04
1.2505494385e+09 9.5300000000e-04 2.5100000000e-04 -4.3000000000e-05 -5.0000000000e-05 1.1400000000e-04 1.0400000000e-04 1.0200000000e-04 1.1700000000e-04
1.2639244385e+09 6.3300000000e-04 -6.0000000000e-05 1.8100000000e-04 2.1000000000e-05 1.9100000000e-04 1.7800000000e-04 1.9600000000e-04 2.0000000000e-04
1.2772994385e+09 8.3400000000e-04 -2.4700000000e-04 2.9000000000e-04 5.0000000000e-06 2.5400000000e-04 2.1500000000e-04 1.9600000000e-04 2.3700000000e-04
1.2906744385e+09 7.7800000000e-04 -2.7500000000e-04 -4.0500000000e-04 1.4100000000e-04 1.4500000000e-04 1.4300000000e-04 1.5100000000e-04 1.4100000000e-04
1.3040494385e+09 8.6300000000e-04 1.6700000000e-04 6.5000000000e-05 1.4000000000e-05 9.9000000000e-05 8.8000000000e-05 9.1000000000e-05 9.7000000000e-05
1.3174244385e+09 8.7300000000e-04 2.2300000000e-04 2.0000000000e-05 -1.8000000000e-05 9.5000000000e-05 9.5000000000e-05 9.4000000000e-05 8.8000000000e-05
1.3307994385e+09 9.3800000000e-04 -7.3000000000e-05 -1.5200000000e-04 -2.8000000000e-05 9.4000000000e-05 8.5000000000e-05 8.9000000000e-05 8.3000000000e-05
1.3441744385e+09 9.9400000000e-04 6.9000000000e-05 -1.9800000000e-04 -4.4000000000e-05 8.7000000000e-05 8.4000000000e-05 8.6000000000e-05 8.6000000000e-05
1.3575494385e+09 9.4600000000e-04 6.5000000000e-05 -3.0000000000e-06 -3.2000000000e-05 8.5000000000e-05 8.1000000000e-05 8.6000000000e-05 8.3000000000e-05
1.3709244385e+09 7.0000000000e-04 1.1800000000e-04 7.1000000000e-05 6.4000000000e-05 8.8000000000e-05 8.5000000000e-05 8.0000000000e-05 7.6000000000e-05
1.3842994385e+09 9.4800000000e-04 2.3700000000e-04 9.7000000000e-05 -4.4000000000e-05 8.5000000000e-05 8.6000000000e-05 8.3000000000e-05 8.3000000000e-05
1.3976744385e+09 7.7200000000e-04 -7.4000000000e-05 -9.9000000000e-05 4.0000000000e-05 8.8000000000e-05 8.2000000000e-05 8.2000000000e-05 8.3000000000e-05
1.4110494385e+09 9.2600000000e-04 5.0000000000e-05 -1.1000000000e-04 -3.9000000000e-05 9.3000000000e-05 8.4000000000e-05 8.4000000000e-05 8.1000000000e-05
1.4244244385e+09 7.6500000000e-04 -4.7000000000e-05 9.5000000000e-05 -7.8000000000e-05 1.1000000000e-04 1.0700000000e-04 1.1700000000e-04 1.0800000000e-04
1.4377994385e+09 9.7900000000e-04 2.3900000000e-04 -4.6000000000e-05 -8.4000000000e-05 8.3000000000e-05 8.5000000000e-05 8.7000000000e-05 8.3000000000e-05
1.4511744385e+09 7.8900000000e-04 1.4500000000e-04 -2.9000000000e-05 7.6000000000e-05 8.9000000000e-05 8.8000000000e-05 8.2000000000e-05 8.7000000000e-05
1.4645494385e+09 8.5900000000e-04 -3.0000000000e-06 -1.0400000000e-04 5.5000000000e-05 9.8000000000e-05 7.9000000000e-05 8.2000000000e-05 8.3000000000e-05
1.4779244385e+09 9.0700000000e-04 -1.4000000000e-05 -1.0000000000e-06 -5.9000000000e-05 8.6000000000e-05 9.6000000000e-05 8.5000000000e-05 8.6000000000e-05
1.4912994385e+09 9.6100000000e-04 7.9000000000e-05 -9.2000000000e-05 2.0000000000e-05 8.3000000000e-05 8.7000000000e-05 8.5000000000e-05 8.5000000000e-05
1.5046744385e+09 7.7400000000e-04 -3.4000000000e-05 1.1000000000e-05 -6.5000000000e-05 1.0000000000e-04 9.8000000000e-05 9.6000000000e-05 9.4000000000e-05
1.5180494385e+09 8.9900000000e-04 6.1000000000e-05 -4.5000000000e-05 -1.1300000000e-04 1.3000000000e-04 1.2300000000e-04 1.1900000000e-04 1.2600000000e-04
1.5447994385e+09 5.7600000000e-04 2.2900000000e-04 -3.8700000000e-04 2.6200000000e-04 2.6500000000e-04 2.6200000000e-04 2.3300000000e-04 2.6100000000e-04
1.5581744385e+09 5.4700000000e-04 2.2500000000e-04 3.4000000000e-05 9.2000000000e-05 1.9300000000e-04 1.6100000000e-04 1.7700000000e-04 1.8500000000e-04
1.5715494385e+09 9.0700000000e-04 1.0900000000e-04 3.3400000000e-04 1.6300000000e-04 1.8700000000e-04 1.6900000000e-04 1.7600000000e-04 1.8000000000e-04
1.5849244385e+09 9.8100000000e-04 2.2500000000e-04 3.0800000000e-04 -1.3300000000e-04 1.5600000000e-04 1.4700000000e-04 1.4700000000e-04 1.3900000000e-04
1.5982994385e+09 8.1200000000e-04 -5.0000000000e-05 2.0000000000e-04 5.7000000000e-05 1.3200000000e-04 1.3000000000e-04 1.2900000000e-04 1.3300000000e-04
1.6116744385e+09 7.7500000000e-04 9.0000000000e-05 -3.7000000000e-05 -1.8400000000e-04 9.2000000000e-05 9.7000000000e-05 9.8000000000e-05 9.1000000000e-05
1.6250494385e+09 8.3700000000e-04 1.4100000000e-04 2.4500000000e-04 -8.3000000000e-05 1.6100000000e-04 1.5600000000e-04 1.4100000000e-04 1.4000000000e-04
1.6384244385e+09 6.6900000000e-04 1.7000000000e-05 1.0000000000e-06 -2.5000000000e-05 9.9000000000e-05 9.2000000000e-05 8.7000000000e-05 8.4000000000e-05
1.6517994385e+09 7.0100000000e-04 4.3500000000e-04 -8.2000000000e-05 -1.4100000000e-04 1.8400000000e-04 1.9000000000e-04 1.7400000000e-04 1.8300000000e-04
