9.027994384765620232e+08 4.612999999999999913e-03 -3.739999999999999835e-04 1.160000000000000007e-04 1.720000000000000066e-04 1.640000000000000019e-04 1.920000000000000049e-04
9.161744384765620232e+08 4.755999999999999811e-03 -1.910000000000000077e-04 2.020000000000000040e-04 1.479999999999999925e-04 1.369999999999999961e-04 1.510000000000000112e-04
9.295494384765620232e+08 4.309999999999999595e-03 -4.200000000000000174e-04 4.300000000000000165e-05 1.620000000000000075e-04 1.600000000000000131e-04 1.340000000000000045e-04
9.696744384765620232e+08 4.139999999999999583e-03 -3.069999999999999812e-04 1.489999999999999897e-04 1.160000000000000007e-04 1.079999999999999960e-04 1.150000000000000035e-04
9.830494384765620232e+08 4.164000000000000166e-03 -2.959999999999999849e-04 3.409999999999999945e-04 1.269999999999999970e-04 1.110000000000000011e-04 1.039999999999999936e-04
9.964244384765620232e+08 4.172999999999999626e-03 -4.020000000000000136e-04 7.799999999999999859e-05 1.110000000000000011e-04 1.000000000000000048e-04 1.090000000000000067e-04
1.009799438476559997e+09 4.231999999999999651e-03 -4.589999999999999896e-04 -9.999999999999999547e-07 1.190000000000000058e-04 1.069999999999999988e-04 1.079999999999999960e-04
1.023174438476559997e+09 4.334000000000000179e-03 -2.280000000000000126e-04 -1.150000000000000035e-04 1.200000000000000030e-04 1.129999999999999955e-04 1.169999999999999979e-04
1.036549438476559997e+09 3.959999999999999978e-03 -3.930000000000000117e-04 7.799999999999999859e-05 1.150000000000000035e-04 1.069999999999999988e-04 1.050000000000000044e-04
1.049924438476559997e+09 4.004999999999999880e-03 -4.159999999999999744e-04 2.220000000000000022e-04 1.190000000000000058e-04 1.079999999999999960e-04 1.029999999999999964e-04
1.063299438476559997e+09 3.836000000000000000e-03 -1.310000000000000129e-04 1.569999999999999944e-04 1.150000000000000035e-04 1.060000000000000016e-04 1.069999999999999988e-04
1.076674438476560116e+09 4.099000000000000213e-03 -2.030000000000000012e-04 1.219999999999999974e-04 1.050000000000000044e-04 9.799999999999999684e-05 1.010000000000000020e-04
1.090049438476560116e+09 3.739999999999999835e-03 -3.869999999999999742e-04 1.510000000000000112e-04 1.090000000000000067e-04 9.500000000000000523e-05 1.029999999999999964e-04
1.116799438476560116e+09 3.977999999999999765e-03 -3.069999999999999812e-04 -1.500000000000000038e-05 9.899999999999999404e-05 1.039999999999999936e-04 1.010000000000000020e-04
1.130174438476560116e+09 3.674000000000000182e-03 -1.900000000000000105e-04 2.629999999999999959e-04 9.799999999999999684e-05 9.899999999999999404e-05 1.090000000000000067e-04
1.143549438476560116e+09 3.693999999999999801e-03 -2.380000000000000117e-04 -7.700000000000000139e-05 1.250000000000000026e-04 1.179999999999999951e-04 1.140000000000000063e-04
1.156924438476560116e+09 3.487000000000000082e-03 -1.910000000000000077e-04 7.399999999999999623e-05 1.200000000000000030e-04 1.079999999999999960e-04 1.169999999999999979e-04
1.170299438476560116e+09 3.263999999999999974e-03 -2.730000000000000222e-04 3.899999999999999929e-04 1.910000000000000077e-04 1.969999999999999909e-04 1.859999999999999945e-04
1.197049438476560116e+09 3.818000000000000213e-03 -4.910000000000000085e-04 2.110000000000000059e-04 1.469999999999999953e-04 1.440000000000000036e-04 1.330000000000000073e-04
1.223799438476560116e+09 3.533999999999999815e-03 -1.749999999999999982e-04 -1.320000000000000101e-04 2.090000000000000115e-04 1.879999999999999890e-04 1.830000000000000029e-04
1.237174438476560116e+09 3.462999999999999932e-03 -1.559999999999999972e-04 3.800000000000000209e-05 1.320000000000000101e-04 1.169999999999999979e-04 1.219999999999999974e-04
1.250549438476560116e+09 3.438000000000000084e-03 -2.090000000000000115e-04 1.500000000000000038e-05 1.179999999999999951e-04 1.110000000000000011e-04 1.140000000000000063e-04
1.263924438476560116e+09 3.063000000000000184e-03 4.399999999999999886e-05 3.939999999999999817e-04 1.969999999999999909e-04 1.600000000000000131e-04 1.789999999999999870e-04
1.277299438476560116e+09 3.278000000000000098e-03 -2.489999999999999809e-04 3.020000000000000223e-04 2.709999999999999735e-04 2.310000000000000042e-04 2.460000000000000164e-04
1.290674438476560116e+09 3.670999999999999784e-03 -1.679999999999999907e-04 1.830000000000000029e-04 1.720000000000000066e-04 1.769999999999999926e-04 1.559999999999999972e-04
1.304049438476560116e+09 3.559999999999999797e-03 -1.720000000000000066e-04 1.019999999999999992e-04 1.050000000000000044e-04 9.500000000000000523e-05 1.000000000000000048e-04
1.317424438476560116e+09 3.432000000000000155e-03 -2.700000000000000035e-04 -3.699999999999999811e-05 9.299999999999999727e-05 8.799999999999999771e-05 8.000000000000000654e-05
1.330799438476560116e+09 3.344999999999999883e-03 -2.590000000000000071e-04 -5.800000000000000034e-05 9.200000000000000007e-05 8.299999999999999815e-05 8.600000000000000331e-05
1.344174438476560116e+09 3.288000000000000124e-03 -3.190000000000000019e-04 8.000000000000000654e-05 8.799999999999999771e-05 9.299999999999999727e-05 8.399999999999999535e-05
1.357549438476560116e+09 3.360999999999999838e-03 -1.219999999999999974e-04 1.710000000000000094e-04 8.000000000000000654e-05 8.000000000000000654e-05 8.700000000000000051e-05
1.370924438476560116e+09 3.220999999999999905e-03 -3.150000000000000131e-04 5.599999999999999916e-05 8.399999999999999535e-05 7.899999999999999579e-05 9.000000000000000567e-05
1.384299438476560116e+09 3.471000000000000127e-03 -2.809999999999999998e-04 1.800000000000000046e-05 8.700000000000000051e-05 7.600000000000000418e-05 9.799999999999999684e-05
1.397674438476560116e+09 3.127000000000000005e-03 -1.840000000000000001e-04 1.129999999999999955e-04 8.100000000000000375e-05 8.500000000000000611e-05 9.899999999999999404e-05
1.411049438476560116e+09 3.446999999999999977e-03 -1.810000000000000085e-04 1.240000000000000054e-04 8.600000000000000331e-05 8.100000000000000375e-05 8.200000000000000095e-05
1.424424438476560116e+09 3.137000000000000031e-03 -1.649999999999999991e-04 1.599999999999999928e-05 1.050000000000000044e-04 1.039999999999999936e-04 1.010000000000000020e-04
1.437799438476560116e+09 3.227999999999999967e-03 -4.270000000000000249e-04 1.320000000000000101e-04 9.600000000000000243e-05 8.100000000000000375e-05 8.600000000000000331e-05
1.464549438476560116e+09 3.324999999999999831e-03 -9.899999999999999404e-05 6.000000000000000152e-06 9.000000000000000567e-05 9.399999999999999448e-05 8.500000000000000611e-05
1.477924438476560116e+09 3.111000000000000050e-03 -1.369999999999999961e-04 -1.200000000000000030e-05 9.000000000000000567e-05 8.600000000000000331e-05 8.600000000000000331e-05
1.491299438476560116e+09 3.171999999999999906e-03 -4.090000000000000211e-04 -9.299999999999999727e-05 9.200000000000000007e-05 8.399999999999999535e-05 8.100000000000000375e-05
1.504674438476560116e+09 3.173000000000000039e-03 -2.329999999999999986e-04 3.600000000000000091e-05 1.050000000000000044e-04 9.699999999999999963e-05 9.500000000000000523e-05
1.518049438476560116e+09 3.324000000000000132e-03 -2.039999999999999984e-04 -1.090000000000000067e-04 1.069999999999999988e-04 1.019999999999999992e-04 1.150000000000000035e-04
1.558174438476560116e+09 2.997000000000000098e-03 -4.009999999999999893e-04 2.149999999999999947e-04 2.200000000000000078e-04 1.859999999999999945e-04 2.020000000000000040e-04
1.571549438476560116e+09 2.703000000000000107e-03 -2.570000000000000127e-04 8.100000000000000375e-05 2.400000000000000061e-04 2.100000000000000087e-04 2.039999999999999984e-04
1.584924438476560116e+09 3.070999999999999945e-03 -1.700000000000000122e-04 -1.099999999999999971e-05 1.730000000000000038e-04 1.579999999999999916e-04 1.630000000000000047e-04
1.598299438476560116e+09 3.007999999999999823e-03 -4.519999999999999821e-04 -1.200000000000000030e-05 1.369999999999999961e-04 1.440000000000000036e-04 1.289999999999999914e-04
1.611674438476560116e+09 3.089000000000000166e-03 -2.570000000000000127e-04 -6.799999999999999946e-05 1.090000000000000067e-04 1.019999999999999992e-04 9.200000000000000007e-05
1.638424438476560116e+09 3.021999999999999947e-03 -2.380000000000000117e-04 -1.599999999999999928e-05 1.010000000000000020e-04 9.200000000000000007e-05 1.039999999999999936e-04
1.651799438476560116e+09 2.969999999999999984e-03 -2.300000000000000002e-05 1.820000000000000057e-04 1.810000000000000085e-04 1.969999999999999909e-04 1.920000000000000049e-04
