# ======================================================================
# FLAGGED DATA - KEPT CHANNELS ONLY
# ======================================================================
# 
# FLAGGING SUMMARY:
#   Total channels: 218
#   Flagged: 48 (22.0%)
#   Kept: 170 (78.0%)
# 
# FLAGGING CRITERIA APPLIED:
#   - Gross outliers: 9 channels
#   - Error outliers: 31 channels
#       Threshold: 4.0σ above median in log-space
#       Iterations: 4
#   - Spectral baseline clipping: 8 channels
# 
# COLUMN FORMAT: freq(Hz) I Q U V dI dQ dU dV
# ======================================================================
9.0447131348e+08 8.3540000000e-03 5.6400000000e-04 -8.7200000000e-04 1.5000000000e-04 3.0700000000e-04 2.7600000000e-04 2.5600000000e-04 2.4200000000e-04
9.0781506348e+08 8.4380000000e-03 7.0100000000e-04 -2.5700000000e-04 -2.8800000000e-04 2.8300000000e-04 2.3600000000e-04 2.2000000000e-04 2.3600000000e-04
9.1115881348e+08 8.3910000000e-03 1.6900000000e-04 -7.4100000000e-04 -1.5900000000e-04 2.8700000000e-04 2.6500000000e-04 2.6200000000e-04 2.5000000000e-04
9.1450256348e+08 8.7640000000e-03 5.2800000000e-04 -9.1000000000e-05 -1.7300000000e-04 2.7800000000e-04 2.6300000000e-04 2.6500000000e-04 2.3800000000e-04
9.1784631348e+08 8.6530000000e-03 2.1200000000e-04 -6.3000000000e-05 -7.8000000000e-05 2.8700000000e-04 2.5700000000e-04 2.5800000000e-04 2.1600000000e-04
9.2453381348e+08 8.3270000000e-03 6.2300000000e-04 -5.4200000000e-04 2.1700000000e-04 3.0800000000e-04 2.5300000000e-04 2.4800000000e-04 2.4900000000e-04
9.2787756348e+08 8.9190000000e-03 8.8000000000e-04 -5.3100000000e-04 5.3000000000e-05 2.8100000000e-04 2.4600000000e-04 2.4800000000e-04 2.6300000000e-04
9.3122131348e+08 9.1140000000e-03 7.8200000000e-04 -2.4300000000e-04 1.2000000000e-05 2.9300000000e-04 2.4500000000e-04 2.4500000000e-04 2.4400000000e-04
9.5128381348e+08 8.3840000000e-03 6.4100000000e-04 -3.4900000000e-04 1.8000000000e-04 2.8100000000e-04 2.6400000000e-04 2.7700000000e-04 2.5600000000e-04
9.6800256348e+08 8.1850000000e-03 3.4100000000e-04 -2.2000000000e-04 1.2100000000e-04 2.3200000000e-04 2.4900000000e-04 2.0800000000e-04 2.3100000000e-04
9.7134631348e+08 8.4350000000e-03 7.1800000000e-04 -7.3000000000e-04 1.0000000000e-06 2.5400000000e-04 2.3300000000e-04 2.0800000000e-04 2.4300000000e-04
9.7469006348e+08 8.3260000000e-03 5.3200000000e-04 -3.1300000000e-04 2.9300000000e-04 2.3800000000e-04 2.3500000000e-04 2.1200000000e-04 1.9200000000e-04
9.7803381348e+08 8.5150000000e-03 3.3100000000e-04 -3.6700000000e-04 -1.6400000000e-04 2.5500000000e-04 2.1800000000e-04 2.3700000000e-04 2.0900000000e-04
9.9140881348e+08 8.1960000000e-03 7.6500000000e-04 -8.4700000000e-04 -1.8300000000e-04 2.3200000000e-04 2.1200000000e-04 2.2200000000e-04 1.9300000000e-04
9.9475256348e+08 8.2800000000e-03 6.3800000000e-04 -7.0200000000e-04 -4.2800000000e-04 2.4100000000e-04 2.1600000000e-04 2.1000000000e-04 2.2000000000e-04
9.9809631348e+08 8.3530000000e-03 6.7000000000e-04 -2.8400000000e-04 -5.8000000000e-05 2.4800000000e-04 2.4500000000e-04 2.1200000000e-04 2.1900000000e-04
1.0014400635e+09 7.8770000000e-03 6.2900000000e-04 -5.7200000000e-04 3.8500000000e-04 2.2400000000e-04 2.3200000000e-04 2.3000000000e-04 2.1400000000e-04
1.0047838135e+09 8.4550000000e-03 6.5700000000e-04 -3.6200000000e-04 8.6000000000e-05 2.3700000000e-04 2.2500000000e-04 2.2600000000e-04 2.0800000000e-04
1.0081275635e+09 8.5890000000e-03 5.2200000000e-04 -5.6600000000e-04 -1.4700000000e-04 2.4200000000e-04 2.3000000000e-04 2.0700000000e-04 2.0000000000e-04
1.0114713135e+09 7.6690000000e-03 8.2500000000e-04 -2.5000000000e-04 -5.9000000000e-05 2.6900000000e-04 2.1300000000e-04 2.2600000000e-04 2.1600000000e-04
1.0148150635e+09 8.5520000000e-03 3.7100000000e-04 -2.0500000000e-04 -1.7200000000e-04 2.2700000000e-04 2.1800000000e-04 2.2200000000e-04 2.2600000000e-04
1.0181588135e+09 8.4190000000e-03 1.8000000000e-04 -5.3400000000e-04 1.6400000000e-04 2.4400000000e-04 2.2800000000e-04 2.0800000000e-04 2.1500000000e-04
1.0215025635e+09 7.8370000000e-03 1.3800000000e-04 -6.4800000000e-04 6.6000000000e-05 2.2300000000e-04 2.3600000000e-04 2.2700000000e-04 2.3700000000e-04
1.0248463135e+09 8.3790000000e-03 3.5800000000e-04 -3.5500000000e-04 3.4900000000e-04 2.2600000000e-04 2.1900000000e-04 2.0500000000e-04 2.2700000000e-04
1.0281900635e+09 8.3840000000e-03 4.1600000000e-04 -4.5600000000e-04 -1.2000000000e-04 2.8000000000e-04 2.3800000000e-04 2.5600000000e-04 2.2900000000e-04
1.0348775635e+09 7.9580000000e-03 3.5700000000e-04 -1.9800000000e-04 1.4600000000e-04 2.4300000000e-04 2.1300000000e-04 2.0200000000e-04 2.0800000000e-04
1.0382213135e+09 7.8210000000e-03 -4.0000000000e-06 -2.3000000000e-04 -2.6800000000e-04 2.3200000000e-04 2.1300000000e-04 2.1700000000e-04 1.9700000000e-04
1.0415650635e+09 8.0830000000e-03 6.0600000000e-04 -2.8400000000e-04 1.0200000000e-04 2.4200000000e-04 2.3500000000e-04 2.3900000000e-04 1.9200000000e-04
1.0449088135e+09 8.0230000000e-03 4.6700000000e-04 -4.2000000000e-05 -1.0200000000e-04 2.2300000000e-04 2.2800000000e-04 2.4000000000e-04 2.1500000000e-04
1.0482525635e+09 7.6550000000e-03 2.6700000000e-04 -2.8600000000e-04 -1.9400000000e-04 2.2800000000e-04 1.9600000000e-04 2.1500000000e-04 1.8400000000e-04
1.0515963135e+09 7.5040000000e-03 6.2500000000e-04 -3.3200000000e-04 2.2500000000e-04 2.1300000000e-04 2.1300000000e-04 2.1100000000e-04 2.2500000000e-04
1.0549400635e+09 7.7020000000e-03 4.4300000000e-04 -3.2400000000e-04 -1.5200000000e-04 2.1100000000e-04 2.0800000000e-04 2.2100000000e-04 1.9800000000e-04
1.0582838135e+09 7.1680000000e-03 -1.5000000000e-05 -6.7500000000e-04 4.3800000000e-04 2.4100000000e-04 2.2000000000e-04 2.5000000000e-04 2.3600000000e-04
1.0649713135e+09 7.5660000000e-03 5.5000000000e-04 -4.9500000000e-04 -1.1100000000e-04 2.1300000000e-04 1.9400000000e-04 2.1400000000e-04 1.9800000000e-04
1.0683150635e+09 8.0740000000e-03 4.6500000000e-04 -1.8900000000e-04 -5.1000000000e-05 2.2100000000e-04 1.9700000000e-04 2.1300000000e-04 2.0000000000e-04
1.0716588135e+09 7.1650000000e-03 2.8100000000e-04 -1.7900000000e-04 -3.6000000000e-05 2.2700000000e-04 2.0100000000e-04 2.0200000000e-04 2.1500000000e-04
1.0750025635e+09 7.5860000000e-03 3.5700000000e-04 -1.3600000000e-04 1.1400000000e-04 2.3400000000e-04 2.2100000000e-04 2.0000000000e-04 1.8800000000e-04
1.0783463135e+09 7.9350000000e-03 1.3900000000e-04 -2.4500000000e-04 1.1100000000e-04 2.2000000000e-04 2.0500000000e-04 1.9300000000e-04 2.0900000000e-04
1.0816900635e+09 7.5730000000e-03 4.0000000000e-04 -3.0300000000e-04 1.0400000000e-04 2.3500000000e-04 2.3100000000e-04 2.0800000000e-04 1.9400000000e-04
1.0850338135e+09 7.4390000000e-03 7.4400000000e-04 -1.4700000000e-04 -8.5000000000e-05 2.3700000000e-04 2.2600000000e-04 2.1100000000e-04 2.1800000000e-04
1.0950650635e+09 7.1300000000e-03 3.6500000000e-04 -2.4000000000e-05 2.1000000000e-04 2.0200000000e-04 2.0700000000e-04 1.9700000000e-04 1.9100000000e-04
1.0984088135e+09 7.4990000000e-03 5.5600000000e-04 -1.5600000000e-04 5.7500000000e-04 2.1600000000e-04 2.1900000000e-04 2.1000000000e-04 2.2000000000e-04
1.1017525635e+09 7.1530000000e-03 2.6200000000e-04 -4.3800000000e-04 -5.0000000000e-06 2.1900000000e-04 2.2500000000e-04 2.2400000000e-04 2.2100000000e-04
1.1050963135e+09 7.2760000000e-03 4.3300000000e-04 1.1700000000e-04 -2.2500000000e-04 2.0800000000e-04 1.8800000000e-04 2.0900000000e-04 2.0400000000e-04
1.1084400635e+09 7.0100000000e-03 6.0200000000e-04 -4.0500000000e-04 2.7000000000e-05 2.2200000000e-04 2.0800000000e-04 2.0900000000e-04 1.9100000000e-04
1.1117838135e+09 7.5580000000e-03 5.0900000000e-04 -1.8900000000e-04 4.8000000000e-05 2.3000000000e-04 2.0700000000e-04 2.3000000000e-04 2.2700000000e-04
1.1151275635e+09 7.1770000000e-03 4.4100000000e-04 -5.3700000000e-04 1.5000000000e-05 2.0900000000e-04 1.9900000000e-04 1.9300000000e-04 2.1600000000e-04
1.1184713135e+09 7.2900000000e-03 4.4500000000e-04 -3.6300000000e-04 2.3700000000e-04 2.0600000000e-04 1.9600000000e-04 1.9300000000e-04 1.8800000000e-04
1.1218150635e+09 7.2970000000e-03 4.4200000000e-04 -2.8800000000e-04 -5.1000000000e-05 2.2200000000e-04 2.2900000000e-04 2.0900000000e-04 2.3000000000e-04
1.1251588135e+09 7.1310000000e-03 8.7000000000e-05 1.6500000000e-04 -1.2000000000e-04 2.2900000000e-04 2.0400000000e-04 1.9800000000e-04 2.1200000000e-04
1.1285025635e+09 7.3350000000e-03 7.0300000000e-04 -1.8200000000e-04 1.8900000000e-04 1.9700000000e-04 2.0200000000e-04 2.1600000000e-04 2.0900000000e-04
1.1318463135e+09 7.3340000000e-03 6.9100000000e-04 -1.5900000000e-04 -2.9000000000e-04 2.0600000000e-04 1.9500000000e-04 1.9200000000e-04 2.0600000000e-04
1.1351900635e+09 7.1500000000e-03 7.2600000000e-04 -3.7000000000e-05 5.6000000000e-05 2.2100000000e-04 2.1000000000e-04 2.2300000000e-04 2.1500000000e-04
1.1385338135e+09 6.5950000000e-03 5.5900000000e-04 -1.9600000000e-04 -2.7000000000e-05 2.4100000000e-04 1.8900000000e-04 2.0700000000e-04 2.0800000000e-04
1.1418775635e+09 7.1480000000e-03 3.9300000000e-04 -3.9100000000e-04 1.5200000000e-04 2.2900000000e-04 2.1800000000e-04 1.9100000000e-04 1.9900000000e-04
1.1452213135e+09 6.8360000000e-03 8.1500000000e-04 -8.7000000000e-05 -1.2700000000e-04 2.4700000000e-04 2.2700000000e-04 2.1500000000e-04 2.2500000000e-04
1.1485650635e+09 6.8060000000e-03 4.6300000000e-04 -1.8600000000e-04 -5.4600000000e-04 2.4300000000e-04 2.2600000000e-04 2.2300000000e-04 2.3700000000e-04
1.1519088135e+09 6.8450000000e-03 4.5200000000e-04 -1.4700000000e-04 3.7000000000e-05 2.2700000000e-04 2.0600000000e-04 2.1100000000e-04 2.2600000000e-04
1.1552525635e+09 7.1520000000e-03 3.3300000000e-04 -4.4900000000e-04 -3.8600000000e-04 2.1500000000e-04 1.8700000000e-04 1.9000000000e-04 2.0800000000e-04
1.1585963135e+09 7.1380000000e-03 4.5100000000e-04 -6.4600000000e-04 2.1100000000e-04 1.9100000000e-04 1.8800000000e-04 2.0700000000e-04 2.0900000000e-04
1.1619400635e+09 7.0620000000e-03 4.9500000000e-04 -2.2000000000e-04 -1.9400000000e-04 2.4200000000e-04 2.2000000000e-04 2.0300000000e-04 2.0500000000e-04
1.1652838135e+09 7.1100000000e-03 7.9000000000e-04 -2.1300000000e-04 1.0600000000e-04 1.7900000000e-04 1.8200000000e-04 1.8500000000e-04 2.0600000000e-04
1.1686275635e+09 6.6890000000e-03 7.1400000000e-04 -4.1300000000e-04 5.3200000000e-04 3.1700000000e-04 2.6400000000e-04 2.5400000000e-04 2.7800000000e-04
1.1853463135e+09 6.4440000000e-03 1.7300000000e-04 -2.5300000000e-04 4.3800000000e-04 2.5200000000e-04 2.1100000000e-04 2.1000000000e-04 2.1600000000e-04
1.1886900635e+09 6.7890000000e-03 5.8700000000e-04 -3.0100000000e-04 5.2000000000e-05 1.9200000000e-04 1.8600000000e-04 2.1300000000e-04 2.0300000000e-04
1.1920338135e+09 6.5820000000e-03 2.0000000000e-04 -3.6900000000e-04 -6.6000000000e-05 2.2300000000e-04 2.1300000000e-04 1.9100000000e-04 2.1000000000e-04
1.1953775635e+09 6.9750000000e-03 2.2000000000e-04 -6.4800000000e-04 -9.3000000000e-05 2.2000000000e-04 2.0400000000e-04 1.9900000000e-04 1.9800000000e-04
1.1987213135e+09 6.6360000000e-03 5.5900000000e-04 -2.5200000000e-04 1.9200000000e-04 2.6600000000e-04 2.0700000000e-04 2.4000000000e-04 2.4600000000e-04
1.2154400635e+09 6.4200000000e-03 3.6500000000e-04 -3.7800000000e-04 -4.3200000000e-04 2.3200000000e-04 2.2800000000e-04 2.1000000000e-04 2.0400000000e-04
1.2187838135e+09 7.4430000000e-03 7.5300000000e-04 -1.2200000000e-04 -1.4800000000e-04 2.2400000000e-04 1.9600000000e-04 2.1100000000e-04 2.1100000000e-04
1.2221275635e+09 7.2710000000e-03 5.3200000000e-04 -9.7000000000e-05 1.1600000000e-04 2.3100000000e-04 2.0400000000e-04 2.0700000000e-04 2.2800000000e-04
1.2321588135e+09 6.5880000000e-03 3.2800000000e-04 -4.4800000000e-04 1.3200000000e-04 2.5700000000e-04 2.3100000000e-04 2.1400000000e-04 2.2000000000e-04
1.2355025635e+09 6.7090000000e-03 5.1900000000e-04 -2.8700000000e-04 -5.5400000000e-04 2.4300000000e-04 2.1200000000e-04 2.3100000000e-04 2.1500000000e-04
1.2388463135e+09 6.8030000000e-03 2.2200000000e-04 2.7200000000e-04 -2.9000000000e-04 2.3300000000e-04 2.0000000000e-04 1.9800000000e-04 2.1100000000e-04
1.2421900635e+09 6.7240000000e-03 2.0000000000e-05 -4.0700000000e-04 1.2900000000e-04 2.4000000000e-04 2.2300000000e-04 2.4000000000e-04 2.2300000000e-04
1.2522213135e+09 6.8870000000e-03 4.6800000000e-04 -2.6000000000e-04 -1.3000000000e-05 2.0100000000e-04 2.1700000000e-04 1.9800000000e-04 1.9600000000e-04
1.2555650635e+09 6.5240000000e-03 5.5500000000e-04 -1.1100000000e-04 8.7000000000e-05 2.0400000000e-04 2.1000000000e-04 2.0000000000e-04 1.8700000000e-04
1.2589088135e+09 6.8920000000e-03 3.0000000000e-04 2.6400000000e-04 2.3400000000e-04 2.0100000000e-04 1.9600000000e-04 1.9000000000e-04 2.1600000000e-04
1.2823150635e+09 6.0280000000e-03 2.6800000000e-04 -2.5700000000e-04 -1.0400000000e-04 2.8700000000e-04 2.8700000000e-04 2.6400000000e-04 2.7900000000e-04
1.2856588135e+09 6.9880000000e-03 6.0000000000e-06 -1.8300000000e-04 -6.9000000000e-05 3.0000000000e-04 2.8900000000e-04 2.6300000000e-04 3.0500000000e-04
1.2956900635e+09 6.8220000000e-03 3.7500000000e-04 -1.4400000000e-04 2.6800000000e-04 2.1700000000e-04 2.1400000000e-04 2.0200000000e-04 2.2300000000e-04
1.2990338135e+09 6.3140000000e-03 7.1100000000e-04 -2.7100000000e-04 2.0200000000e-04 2.1000000000e-04 2.1300000000e-04 2.0700000000e-04 2.2300000000e-04
1.3023775635e+09 6.5130000000e-03 5.0200000000e-04 -9.9000000000e-05 2.9800000000e-04 2.1900000000e-04 2.0300000000e-04 2.0800000000e-04 2.1600000000e-04
1.3057213135e+09 6.7150000000e-03 4.0500000000e-04 -2.3600000000e-04 1.8300000000e-04 1.8800000000e-04 2.0300000000e-04 1.9200000000e-04 2.1600000000e-04
1.3090650635e+09 6.7020000000e-03 6.6500000000e-04 -3.9100000000e-04 3.0000000000e-06 1.9400000000e-04 2.0600000000e-04 1.9900000000e-04 2.0400000000e-04
1.3124088135e+09 6.7870000000e-03 7.0900000000e-04 -8.2000000000e-05 3.0000000000e-05 1.9000000000e-04 2.0200000000e-04 2.0200000000e-04 1.8600000000e-04
1.3157525635e+09 6.7150000000e-03 5.4800000000e-04 -3.2200000000e-04 -9.3000000000e-05 2.0000000000e-04 2.1000000000e-04 1.9300000000e-04 1.9900000000e-04
1.3190963135e+09 6.5220000000e-03 5.3900000000e-04 1.5800000000e-04 1.1900000000e-04 2.1500000000e-04 2.0700000000e-04 2.0600000000e-04 2.0000000000e-04
1.3224400635e+09 6.8070000000e-03 5.0500000000e-04 -2.8000000000e-05 -4.7000000000e-05 1.9400000000e-04 1.9100000000e-04 2.0700000000e-04 1.9900000000e-04
1.3257838135e+09 6.4750000000e-03 5.4500000000e-04 -1.6800000000e-04 5.3000000000e-05 1.9200000000e-04 1.9000000000e-04 1.9200000000e-04 1.8600000000e-04
1.3291275635e+09 6.2960000000e-03 5.8400000000e-04 -1.4000000000e-04 1.9800000000e-04 1.9500000000e-04 2.0300000000e-04 2.2100000000e-04 1.8200000000e-04
1.3324713135e+09 5.9410000000e-03 6.1600000000e-04 -2.5400000000e-04 3.0000000000e-06 2.1400000000e-04 2.0700000000e-04 2.1600000000e-04 1.8900000000e-04
1.3358150635e+09 6.4220000000e-03 4.3200000000e-04 -3.6900000000e-04 1.5400000000e-04 1.8400000000e-04 2.0200000000e-04 2.0200000000e-04 2.0300000000e-04
1.3391588135e+09 6.1660000000e-03 4.6400000000e-04 -3.2100000000e-04 1.1800000000e-04 2.0100000000e-04 1.8300000000e-04 1.9100000000e-04 1.8900000000e-04
1.3425025635e+09 6.2970000000e-03 6.8100000000e-04 -1.0200000000e-04 -1.0000000000e-05 2.1800000000e-04 2.1200000000e-04 1.8700000000e-04 1.9200000000e-04
1.3458463135e+09 6.1400000000e-03 3.5800000000e-04 -4.0000000000e-04 1.0700000000e-04 1.8800000000e-04 2.0500000000e-04 1.7800000000e-04 1.8500000000e-04
1.3491900635e+09 5.9700000000e-03 4.1700000000e-04 -2.1300000000e-04 2.0200000000e-04 2.0000000000e-04 1.9500000000e-04 1.8600000000e-04 1.8500000000e-04
1.3525338135e+09 6.1640000000e-03 1.6800000000e-04 -1.9000000000e-04 7.3000000000e-05 1.9700000000e-04 1.9500000000e-04 1.6800000000e-04 1.9700000000e-04
1.3558775635e+09 6.2180000000e-03 4.8300000000e-04 -1.7600000000e-04 -5.2000000000e-05 2.0400000000e-04 1.8800000000e-04 1.8200000000e-04 1.9500000000e-04
1.3592213135e+09 6.2600000000e-03 4.4800000000e-04 -2.5500000000e-04 2.4200000000e-04 1.8700000000e-04 1.8300000000e-04 1.8300000000e-04 1.7800000000e-04
1.3625650635e+09 6.4150000000e-03 6.7500000000e-04 -1.7000000000e-04 -4.5600000000e-04 1.9100000000e-04 1.9500000000e-04 1.8700000000e-04 2.0500000000e-04
1.3659088135e+09 6.5110000000e-03 8.3000000000e-04 5.0000000000e-05 -2.6800000000e-04 1.9300000000e-04 1.9000000000e-04 2.0200000000e-04 1.8600000000e-04
1.3692525635e+09 6.0770000000e-03 6.3000000000e-04 4.7000000000e-05 1.3300000000e-04 1.8900000000e-04 2.0000000000e-04 1.6700000000e-04 1.9700000000e-04
1.3725963135e+09 6.2680000000e-03 3.4900000000e-04 -5.9000000000e-05 1.4300000000e-04 2.1000000000e-04 2.1000000000e-04 1.8700000000e-04 1.9600000000e-04
1.3759400635e+09 6.0790000000e-03 4.6700000000e-04 -3.0000000000e-05 4.8000000000e-05 1.9100000000e-04 1.9100000000e-04 1.9700000000e-04 2.0200000000e-04
1.3792838135e+09 6.2570000000e-03 3.7500000000e-04 -1.2700000000e-04 -6.6000000000e-05 1.8900000000e-04 1.8100000000e-04 1.8400000000e-04 1.7900000000e-04
1.3826275635e+09 5.9940000000e-03 6.1000000000e-04 -1.7300000000e-04 2.7000000000e-05 2.0500000000e-04 1.9200000000e-04 1.9100000000e-04 1.9800000000e-04
1.3859713135e+09 6.2760000000e-03 3.7900000000e-04 -3.9000000000e-05 4.0000000000e-05 1.8200000000e-04 1.8200000000e-04 1.8500000000e-04 1.9700000000e-04
1.3893150635e+09 6.4880000000e-03 3.2900000000e-04 -1.5500000000e-04 1.0800000000e-04 1.9000000000e-04 1.9400000000e-04 1.9400000000e-04 1.9700000000e-04
1.3926588135e+09 6.3760000000e-03 5.6300000000e-04 -2.2200000000e-04 -1.1000000000e-04 2.0300000000e-04 1.9900000000e-04 2.0200000000e-04 1.8300000000e-04
1.3960025635e+09 6.2510000000e-03 4.9000000000e-04 -1.4300000000e-04 -5.0000000000e-06 1.9000000000e-04 2.0200000000e-04 1.9400000000e-04 2.0100000000e-04
1.3993463135e+09 6.4380000000e-03 3.4600000000e-04 1.4600000000e-04 -2.6000000000e-05 1.8000000000e-04 1.9500000000e-04 1.9200000000e-04 1.9400000000e-04
1.4026900635e+09 5.8900000000e-03 6.8200000000e-04 -4.9800000000e-04 6.0000000000e-06 1.9100000000e-04 2.1000000000e-04 1.9600000000e-04 1.8500000000e-04
1.4060338135e+09 6.0570000000e-03 3.9900000000e-04 -2.7000000000e-04 3.5000000000e-05 2.0300000000e-04 1.7800000000e-04 2.0100000000e-04 1.7500000000e-04
1.4093775635e+09 6.1360000000e-03 9.1500000000e-04 5.4000000000e-05 -1.1100000000e-04 2.0900000000e-04 1.8600000000e-04 1.9600000000e-04 1.8100000000e-04
1.4127213135e+09 6.0430000000e-03 4.8100000000e-04 -1.2400000000e-04 -3.6500000000e-04 1.9700000000e-04 1.9400000000e-04 2.0300000000e-04 1.9800000000e-04
1.4160650635e+09 6.2580000000e-03 3.5900000000e-04 6.0000000000e-05 -1.1000000000e-05 2.0200000000e-04 1.8000000000e-04 2.0200000000e-04 1.9300000000e-04
1.4227525635e+09 5.6350000000e-03 4.5100000000e-04 1.0700000000e-04 -4.5000000000e-05 2.7000000000e-04 2.7300000000e-04 2.6900000000e-04 2.6400000000e-04
1.4260963135e+09 5.9520000000e-03 5.0600000000e-04 -3.2600000000e-04 -1.4500000000e-04 1.8400000000e-04 1.9700000000e-04 1.8800000000e-04 1.8600000000e-04
1.4294400635e+09 5.8800000000e-03 3.4800000000e-04 1.2200000000e-04 -3.1000000000e-05 1.8800000000e-04 1.8100000000e-04 2.0200000000e-04 1.9100000000e-04
1.4327838135e+09 6.3250000000e-03 4.7400000000e-04 -1.9900000000e-04 1.0900000000e-04 2.0400000000e-04 1.9700000000e-04 1.8900000000e-04 1.9000000000e-04
1.4361275635e+09 6.1650000000e-03 7.9300000000e-04 -1.0700000000e-04 -1.9900000000e-04 1.9800000000e-04 1.7700000000e-04 1.8100000000e-04 1.8500000000e-04
1.4394713135e+09 6.2250000000e-03 5.1900000000e-04 -2.5100000000e-04 1.4100000000e-04 1.9400000000e-04 2.0600000000e-04 1.8400000000e-04 1.8800000000e-04
1.4428150635e+09 6.4400000000e-03 3.9200000000e-04 -2.4000000000e-05 -1.0300000000e-04 1.8900000000e-04 1.8700000000e-04 1.8600000000e-04 1.8800000000e-04
1.4461588135e+09 6.1660000000e-03 3.6600000000e-04 -9.0000000000e-05 7.2000000000e-05 1.9300000000e-04 1.9000000000e-04 1.8800000000e-04 1.8800000000e-04
1.4495025635e+09 5.9000000000e-03 3.3000000000e-04 6.3000000000e-05 -4.1000000000e-05 2.0800000000e-04 2.0000000000e-04 1.8200000000e-04 1.8300000000e-04
1.4528463135e+09 6.3100000000e-03 2.8500000000e-04 3.3000000000e-05 9.5000000000e-05 2.0000000000e-04 1.9500000000e-04 1.9900000000e-04 2.0200000000e-04
1.4561900635e+09 5.8030000000e-03 3.9800000000e-04 -4.4800000000e-04 -4.8000000000e-05 2.0100000000e-04 1.9900000000e-04 1.9400000000e-04 1.8300000000e-04
1.4595338135e+09 5.9860000000e-03 3.1900000000e-04 -4.0000000000e-04 -6.7000000000e-05 1.8500000000e-04 2.1300000000e-04 1.9400000000e-04 1.9300000000e-04
1.4628775635e+09 6.1110000000e-03 5.7700000000e-04 -1.5100000000e-04 1.2700000000e-04 1.8400000000e-04 1.9200000000e-04 1.9400000000e-04 1.8100000000e-04
1.4662213135e+09 6.1180000000e-03 3.6700000000e-04 -1.6000000000e-05 3.1000000000e-05 1.8800000000e-04 2.0200000000e-04 1.7600000000e-04 1.8600000000e-04
1.4695650635e+09 6.2040000000e-03 5.6400000000e-04 -3.3400000000e-04 2.0800000000e-04 1.8900000000e-04 2.0500000000e-04 1.8300000000e-04 2.0000000000e-04
1.4729088135e+09 6.2120000000e-03 3.5500000000e-04 1.0200000000e-04 1.6800000000e-04 1.9100000000e-04 1.8500000000e-04 1.9300000000e-04 1.9900000000e-04
1.4762525635e+09 5.8790000000e-03 3.7400000000e-04 -5.6000000000e-05 1.2500000000e-04 1.7300000000e-04 2.1000000000e-04 1.9200000000e-04 1.8700000000e-04
1.4795963135e+09 5.7060000000e-03 1.7800000000e-04 1.9300000000e-04 2.0300000000e-04 1.9500000000e-04 2.1600000000e-04 1.9600000000e-04 1.9500000000e-04
1.4829400635e+09 6.1000000000e-03 4.7200000000e-04 3.8000000000e-05 -2.6300000000e-04 2.1200000000e-04 1.8400000000e-04 1.9800000000e-04 1.8800000000e-04
1.4862838135e+09 5.7750000000e-03 9.3300000000e-04 -7.0000000000e-06 2.1900000000e-04 1.8400000000e-04 1.9200000000e-04 1.9200000000e-04 2.0200000000e-04
1.4896275635e+09 5.9010000000e-03 5.7400000000e-04 1.6000000000e-05 2.1800000000e-04 1.9000000000e-04 1.9200000000e-04 1.8100000000e-04 1.9000000000e-04
1.4929713135e+09 5.8540000000e-03 5.8100000000e-04 6.1000000000e-05 2.2000000000e-05 1.9200000000e-04 1.9900000000e-04 2.1400000000e-04 1.9100000000e-04
1.4963150635e+09 6.1690000000e-03 6.0800000000e-04 1.7500000000e-04 5.0000000000e-05 2.0000000000e-04 2.0100000000e-04 1.8900000000e-04 1.9000000000e-04
1.4996588135e+09 6.2320000000e-03 3.4200000000e-04 -4.3000000000e-05 7.3000000000e-05 1.9000000000e-04 1.6700000000e-04 1.7100000000e-04 1.7700000000e-04
1.5030025635e+09 6.1550000000e-03 4.2700000000e-04 1.2000000000e-04 -3.0200000000e-04 1.6300000000e-04 1.7500000000e-04 1.6300000000e-04 1.6700000000e-04
1.5063463135e+09 5.7630000000e-03 5.9200000000e-04 -1.7200000000e-04 1.2000000000e-05 1.6300000000e-04 1.7000000000e-04 1.7100000000e-04 1.6600000000e-04
1.5096900635e+09 6.0040000000e-03 4.6900000000e-04 -2.1300000000e-04 -2.2500000000e-04 1.8100000000e-04 1.8800000000e-04 1.6900000000e-04 1.6600000000e-04
1.5130338135e+09 5.8810000000e-03 4.7500000000e-04 -5.8000000000e-05 1.1800000000e-04 1.6900000000e-04 1.6700000000e-04 1.7500000000e-04 1.6800000000e-04
1.5163775635e+09 5.5920000000e-03 3.4000000000e-04 -1.8500000000e-04 -3.6200000000e-04 1.7400000000e-04 1.7400000000e-04 1.7900000000e-04 1.9500000000e-04
1.5197213135e+09 6.0000000000e-03 6.3500000000e-04 -2.4000000000e-05 -2.5000000000e-04 1.6400000000e-04 1.7400000000e-04 1.6300000000e-04 1.5500000000e-04
1.5297525635e+09 5.8230000000e-03 3.4400000000e-04 -4.7700000000e-04 -1.6600000000e-04 2.9300000000e-04 2.9500000000e-04 2.5900000000e-04 2.7300000000e-04
1.5498150635e+09 5.9550000000e-03 9.0000000000e-05 1.1300000000e-04 -1.8400000000e-04 2.5700000000e-04 2.4500000000e-04 2.4700000000e-04 2.4100000000e-04
1.5565025635e+09 5.5370000000e-03 4.1400000000e-04 -3.5400000000e-04 4.0800000000e-04 2.2400000000e-04 2.1600000000e-04 2.1400000000e-04 2.2100000000e-04
1.5631900635e+09 5.7090000000e-03 4.5000000000e-04 -3.6300000000e-04 1.7400000000e-04 3.2000000000e-04 2.9500000000e-04 2.8400000000e-04 3.0200000000e-04
1.5665338135e+09 5.6290000000e-03 3.4100000000e-04 -4.4200000000e-04 -3.7700000000e-04 2.1400000000e-04 1.8800000000e-04 1.8300000000e-04 1.8500000000e-04
1.5698775635e+09 5.6880000000e-03 2.8300000000e-04 1.2000000000e-05 3.2000000000e-05 2.1900000000e-04 2.0600000000e-04 2.0200000000e-04 2.0700000000e-04
1.5799088135e+09 6.0190000000e-03 3.8300000000e-04 -1.5600000000e-04 -6.0000000000e-06 2.3000000000e-04 2.2800000000e-04 2.1800000000e-04 2.1800000000e-04
1.5832525635e+09 6.0080000000e-03 1.8400000000e-04 -1.0200000000e-04 1.5900000000e-04 2.0400000000e-04 1.8300000000e-04 2.0700000000e-04 1.9600000000e-04
1.5865963135e+09 5.7270000000e-03 3.8900000000e-04 5.9000000000e-05 -5.0000000000e-05 2.0500000000e-04 1.9700000000e-04 2.0700000000e-04 2.0500000000e-04
1.5932838135e+09 5.5350000000e-03 3.1500000000e-04 -1.6600000000e-04 4.1500000000e-04 2.2700000000e-04 2.3800000000e-04 2.3800000000e-04 2.5000000000e-04
1.5966275635e+09 5.9020000000e-03 3.9400000000e-04 -1.1900000000e-04 -5.4000000000e-05 1.9100000000e-04 1.8400000000e-04 1.6200000000e-04 1.7700000000e-04
1.6033150635e+09 5.2880000000e-03 3.8900000000e-04 -3.3800000000e-04 -3.7200000000e-04 2.9300000000e-04 2.9000000000e-04 2.8800000000e-04 3.0600000000e-04
1.6066588135e+09 5.7540000000e-03 3.8900000000e-04 2.2000000000e-05 -4.9000000000e-05 1.8300000000e-04 1.9000000000e-04 1.9100000000e-04 1.8600000000e-04
1.6100025635e+09 5.7150000000e-03 2.0800000000e-04 -3.6200000000e-04 3.5900000000e-04 1.5400000000e-04 1.4300000000e-04 1.5300000000e-04 1.6200000000e-04
1.6133463135e+09 5.8080000000e-03 4.7900000000e-04 -7.9000000000e-05 -2.2000000000e-04 1.5400000000e-04 1.7300000000e-04 1.5200000000e-04 1.6600000000e-04
1.6166900635e+09 5.3920000000e-03 3.8300000000e-04 -3.9000000000e-05 -3.1400000000e-04 1.8100000000e-04 1.7500000000e-04 1.7500000000e-04 1.8000000000e-04
1.6200338135e+09 4.9460000000e-03 5.7100000000e-04 1.7300000000e-04 -1.4400000000e-04 2.3200000000e-04 2.2900000000e-04 2.2800000000e-04 2.2800000000e-04
1.6300650635e+09 5.0770000000e-03 2.3800000000e-04 -3.0900000000e-04 3.2600000000e-04 1.6100000000e-04 1.6400000000e-04 1.6700000000e-04 1.7900000000e-04
1.6334088135e+09 5.5730000000e-03 2.7700000000e-04 -1.1600000000e-04 -1.5300000000e-04 1.6300000000e-04 1.6900000000e-04 1.5700000000e-04 1.7500000000e-04
1.6367525635e+09 5.7260000000e-03 5.7000000000e-04 -3.6600000000e-04 1.7900000000e-04 1.6200000000e-04 1.5200000000e-04 1.7300000000e-04 1.6900000000e-04
1.6400963135e+09 5.3390000000e-03 3.4300000000e-04 -9.6000000000e-05 -9.8000000000e-05 1.6400000000e-04 1.6400000000e-04 1.6500000000e-04 1.6300000000e-04
1.6434400635e+09 5.4860000000e-03 2.1200000000e-04 3.2000000000e-05 -2.7900000000e-04 1.6800000000e-04 1.5400000000e-04 1.7100000000e-04 1.6100000000e-04
1.6467838135e+09 5.4380000000e-03 3.7300000000e-04 1.4600000000e-04 3.4500000000e-04 1.6000000000e-04 1.7800000000e-04 1.7500000000e-04 1.6600000000e-04
