9.161744384765620232e+08 1.508999999999999925e-03 -5.599999999999999916e-05 7.100000000000000462e-05 1.479999999999999925e-04 1.369999999999999961e-04 1.510000000000000112e-04
9.295494384765620232e+08 1.809000000000000061e-03 2.010000000000000068e-04 -2.699999999999999899e-05 1.620000000000000075e-04 1.600000000000000131e-04 1.340000000000000045e-04
9.562994384765620232e+08 1.660999999999999933e-03 -8.299999999999999815e-05 -1.100000000000000039e-04 1.440000000000000036e-04 1.259999999999999998e-04 1.369999999999999961e-04
9.696744384765620232e+08 1.807999999999999928e-03 -1.200000000000000030e-04 2.799999999999999958e-05 1.160000000000000007e-04 1.079999999999999960e-04 1.150000000000000035e-04
9.830494384765620232e+08 1.583999999999999905e-03 9.600000000000000243e-05 -1.600000000000000131e-04 1.269999999999999970e-04 1.110000000000000011e-04 1.039999999999999936e-04
9.964244384765620232e+08 1.559000000000000056e-03 5.199999999999999680e-05 -6.000000000000000152e-06 1.110000000000000011e-04 1.000000000000000048e-04 1.090000000000000067e-04
1.009799438476559997e+09 1.521999999999999915e-03 1.079999999999999960e-04 -4.000000000000000327e-05 1.190000000000000058e-04 1.069999999999999988e-04 1.079999999999999960e-04
1.023174438476559997e+09 1.248999999999999893e-03 5.500000000000000196e-05 5.399999999999999798e-05 1.200000000000000030e-04 1.129999999999999955e-04 1.169999999999999979e-04
1.036549438476559997e+09 1.428000000000000016e-03 6.999999999999999895e-06 8.000000000000000654e-05 1.150000000000000035e-04 1.069999999999999988e-04 1.050000000000000044e-04
1.049924438476559997e+09 1.520000000000000084e-03 6.899999999999999667e-05 -1.610000000000000103e-04 1.190000000000000058e-04 1.079999999999999960e-04 1.029999999999999964e-04
1.063299438476559997e+09 1.575000000000000011e-03 2.000000000000000164e-05 1.999999999999999909e-06 1.150000000000000035e-04 1.060000000000000016e-04 1.069999999999999988e-04
1.076674438476560116e+09 1.374999999999999920e-03 -4.800000000000000122e-05 4.500000000000000283e-05 1.050000000000000044e-04 9.799999999999999684e-05 1.010000000000000020e-04
1.090049438476560116e+09 1.525000000000000097e-03 1.820000000000000057e-04 -1.399999999999999877e-04 1.090000000000000067e-04 9.500000000000000523e-05 1.029999999999999964e-04
1.103424438476560116e+09 1.412999999999999977e-03 6.999999999999999387e-05 -1.200000000000000030e-05 1.110000000000000011e-04 1.000000000000000048e-04 9.899999999999999404e-05
1.116799438476560116e+09 1.389999999999999960e-03 1.379999999999999933e-04 8.799999999999999771e-05 9.899999999999999404e-05 1.039999999999999936e-04 1.010000000000000020e-04
1.130174438476560116e+09 1.335000000000000032e-03 1.160000000000000007e-04 -4.300000000000000165e-05 9.799999999999999684e-05 9.899999999999999404e-05 1.090000000000000067e-04
1.143549438476560116e+09 1.484000000000000076e-03 2.310000000000000042e-04 -0.000000000000000000e+00 1.250000000000000026e-04 1.179999999999999951e-04 1.140000000000000063e-04
1.156924438476560116e+09 1.412999999999999977e-03 2.120000000000000031e-04 -2.100000000000000087e-04 1.200000000000000030e-04 1.079999999999999960e-04 1.169999999999999979e-04
1.170299438476560116e+09 1.371000000000000040e-03 1.000000000000000048e-04 -5.000000000000000240e-05 1.910000000000000077e-04 1.969999999999999909e-04 1.859999999999999945e-04
1.197049438476560116e+09 1.386999999999999995e-03 2.649999999999999903e-04 -6.899999999999999667e-05 1.469999999999999953e-04 1.440000000000000036e-04 1.330000000000000073e-04
1.210424438476560116e+09 1.507000000000000093e-03 -4.100000000000000047e-05 -6.299999999999999990e-05 2.320000000000000014e-04 1.869999999999999917e-04 2.110000000000000059e-04
1.237174438476560116e+09 1.306000000000000086e-03 -4.199999999999999768e-05 -7.399999999999999623e-05 1.320000000000000101e-04 1.169999999999999979e-04 1.219999999999999974e-04
1.250549438476560116e+09 1.427000000000000100e-03 -2.099999999999999884e-05 4.699999999999999724e-05 1.179999999999999951e-04 1.110000000000000011e-04 1.140000000000000063e-04
1.290674438476560116e+09 1.278000000000000056e-03 1.930000000000000021e-04 -1.959999999999999937e-04 1.720000000000000066e-04 1.769999999999999926e-04 1.559999999999999972e-04
1.304049438476560116e+09 1.350999999999999987e-03 -1.019999999999999992e-04 -2.699999999999999899e-05 1.050000000000000044e-04 9.500000000000000523e-05 1.000000000000000048e-04
1.317424438476560116e+09 1.231000000000000106e-03 -7.100000000000000462e-05 3.499999999999999693e-05 9.299999999999999727e-05 8.799999999999999771e-05 8.000000000000000654e-05
1.330799438476560116e+09 1.291000000000000047e-03 9.399999999999999448e-05 -4.699999999999999724e-05 9.200000000000000007e-05 8.299999999999999815e-05 8.600000000000000331e-05
1.357549438476560116e+09 1.173999999999999913e-03 -2.099999999999999884e-05 -1.890000000000000133e-04 8.000000000000000654e-05 8.000000000000000654e-05 8.700000000000000051e-05
1.370924438476560116e+09 1.374999999999999920e-03 -2.799999999999999958e-05 -1.200000000000000030e-04 8.399999999999999535e-05 7.899999999999999579e-05 9.000000000000000567e-05
1.384299438476560116e+09 1.182000000000000108e-03 1.129999999999999955e-04 -4.000000000000000327e-05 8.700000000000000051e-05 7.600000000000000418e-05 9.799999999999999684e-05
1.397674438476560116e+09 1.466999999999999988e-03 -7.499999999999999343e-05 -8.299999999999999815e-05 8.100000000000000375e-05 8.500000000000000611e-05 9.899999999999999404e-05
1.411049438476560116e+09 1.146000000000000100e-03 6.799999999999999946e-05 -2.249999999999999938e-04 8.600000000000000331e-05 8.100000000000000375e-05 8.200000000000000095e-05
1.424424438476560116e+09 1.492999999999999969e-03 8.700000000000000051e-05 -5.700000000000000314e-05 1.050000000000000044e-04 1.039999999999999936e-04 1.010000000000000020e-04
1.437799438476560116e+09 1.280000000000000105e-03 5.399999999999999798e-05 -1.350000000000000017e-04 9.600000000000000243e-05 8.100000000000000375e-05 8.600000000000000331e-05
1.451174438476560116e+09 1.296000000000000060e-03 7.100000000000000462e-05 -8.899999999999999491e-05 8.500000000000000611e-05 8.700000000000000051e-05 8.700000000000000051e-05
1.464549438476560116e+09 1.191000000000000001e-03 2.400000000000000061e-05 -2.900000000000000017e-05 9.000000000000000567e-05 9.399999999999999448e-05 8.500000000000000611e-05
1.477924438476560116e+09 1.271999999999999910e-03 -9.100000000000000287e-05 -5.300000000000000078e-05 9.000000000000000567e-05 8.600000000000000331e-05 8.600000000000000331e-05
1.491299438476560116e+09 1.085999999999999943e-03 2.220000000000000022e-04 -1.599999999999999928e-05 9.200000000000000007e-05 8.399999999999999535e-05 8.100000000000000375e-05
1.504674438476560116e+09 1.183000000000000024e-03 9.600000000000000243e-05 3.399999999999999973e-05 1.050000000000000044e-04 9.699999999999999963e-05 9.500000000000000523e-05
1.518049438476560116e+09 1.139999999999999954e-03 -7.200000000000000182e-05 1.150000000000000035e-04 1.069999999999999988e-04 1.019999999999999992e-04 1.150000000000000035e-04
1.558174438476560116e+09 1.361999999999999929e-03 1.679999999999999907e-04 -6.299999999999999990e-05 2.200000000000000078e-04 1.859999999999999945e-04 2.020000000000000040e-04
1.571549438476560116e+09 1.415000000000000025e-03 1.979999999999999881e-04 -1.740000000000000010e-04 2.400000000000000061e-04 2.100000000000000087e-04 2.039999999999999984e-04
1.584924438476560116e+09 1.152999999999999945e-03 1.730000000000000038e-04 -1.800000000000000046e-05 1.730000000000000038e-04 1.579999999999999916e-04 1.630000000000000047e-04
1.598299438476560116e+09 1.131000000000000061e-03 4.399999999999999886e-05 -6.499999999999999431e-05 1.369999999999999961e-04 1.440000000000000036e-04 1.289999999999999914e-04
1.611674438476560116e+09 1.098000000000000018e-03 -2.000000000000000164e-05 -6.000000000000000152e-06 1.090000000000000067e-04 1.019999999999999992e-04 9.200000000000000007e-05
1.625049438476560116e+09 9.060000000000000128e-04 2.220000000000000022e-04 -2.500000000000000120e-05 1.600000000000000131e-04 1.730000000000000038e-04 1.640000000000000019e-04
1.638424438476560116e+09 1.067999999999999939e-03 1.730000000000000038e-04 -8.299999999999999815e-05 1.010000000000000020e-04 9.200000000000000007e-05 1.039999999999999936e-04
1.651799438476560116e+09 1.345999999999999974e-03 3.939999999999999817e-04 1.440000000000000036e-04 1.810000000000000085e-04 1.969999999999999909e-04 1.920000000000000049e-04
