9.027994384765620232e+08 1.858914400000000100e+01 1.487908000000000008e+00 8.615299999999999347e-02 1.952500000000000069e-02 1.273999999999999959e-03 1.433000000000000029e-03
9.161744384765620232e+08 1.852163499999999985e+01 1.489317000000000002e+00 1.201819999999999972e-01 1.298099999999999948e-02 6.579999999999999478e-04 9.219999999999999680e-04
9.295494384765620232e+08 1.836490200000000073e+01 1.511041999999999996e+00 1.480869999999999964e-01 1.293599999999999958e-02 6.830000000000000134e-04 8.890000000000000333e-04
9.429244384765620232e+08 1.832282800000000123e+01 1.531285000000000007e+00 2.045299999999999896e-01 1.404299999999999993e-02 1.188000000000000037e-03 1.263000000000000017e-03
9.562994384765620232e+08 1.811374299999999948e+01 1.525913000000000075e+00 2.265800000000000036e-01 9.166000000000000536e-03 3.930000000000000117e-04 5.999999999999999474e-04
9.696744384765620232e+08 1.798462100000000063e+01 1.523389000000000104e+00 2.648800000000000043e-01 8.153000000000000524e-03 3.049999999999999868e-04 5.529999999999999976e-04
9.830494384765620232e+08 1.785297600000000173e+01 1.517417000000000016e+00 2.991070000000000118e-01 7.748999999999999812e-03 3.099999999999999999e-04 5.599999999999999509e-04
9.964244384765620232e+08 1.772366299999999839e+01 1.510674999999999990e+00 3.322309999999999985e-01 7.677999999999999929e-03 3.049999999999999868e-04 5.190000000000000386e-04
1.009799438476559997e+09 1.760401500000000041e+01 1.509327000000000085e+00 3.623790000000000067e-01 7.249000000000000235e-03 2.799999999999999755e-04 4.889999999999999599e-04
1.023174438476559997e+09 1.747943700000000078e+01 1.511864000000000097e+00 3.854779999999999873e-01 6.905999999999999812e-03 3.379999999999999758e-04 5.280000000000000405e-04
1.036549438476559997e+09 1.736640500000000031e+01 1.502655000000000074e+00 4.166540000000000243e-01 6.666000000000000050e-03 3.040000000000000167e-04 5.169999999999999899e-04
1.049924438476559997e+09 1.724552699999999916e+01 1.499055000000000026e+00 4.401849999999999929e-01 6.407000000000000368e-03 2.620000000000000258e-04 4.699999999999999859e-04
1.063299438476559997e+09 1.713313700000000139e+01 1.488955999999999946e+00 4.637959999999999861e-01 5.948000000000000162e-03 2.669999999999999847e-04 4.650000000000000270e-04
1.076674438476560116e+09 1.702082400000000106e+01 1.473435999999999968e+00 4.900370000000000004e-01 5.866999999999999819e-03 3.020000000000000223e-04 4.620000000000000083e-04
1.090049438476560116e+09 1.691024000000000171e+01 1.461994999999999933e+00 5.150550000000000406e-01 5.690999999999999878e-03 3.860000000000000041e-04 5.050000000000000235e-04
1.103424438476560116e+09 1.680314999999999870e+01 1.452471999999999985e+00 5.426769999999999650e-01 5.295000000000000227e-03 2.809999999999999998e-04 4.580000000000000195e-04
1.116799438476560116e+09 1.670032499999999942e+01 1.441343000000000041e+00 5.643270000000000231e-01 5.177000000000000178e-03 2.930000000000000204e-04 4.459999999999999989e-04
1.130174438476560116e+09 1.659614600000000095e+01 1.433135999999999965e+00 5.818860000000000143e-01 5.095999999999999835e-03 2.889999999999999774e-04 4.249999999999999763e-04
1.143549438476560116e+09 1.650102400000000102e+01 1.415305000000000035e+00 6.041140000000000398e-01 4.681000000000000265e-03 2.809999999999999998e-04 4.609999999999999840e-04
1.156924438476560116e+09 1.639860300000000137e+01 1.403458000000000094e+00 6.275530000000000275e-01 4.440999999999999635e-03 2.759999999999999867e-04 4.200000000000000174e-04
1.170299438476560116e+09 1.630630100000000127e+01 1.397307999999999995e+00 6.425480000000000080e-01 4.418000000000000052e-03 6.599999999999999964e-04 5.490000000000000088e-04
1.183674438476560116e+09 1.621313999999999922e+01 1.375860000000000083e+00 6.629249999999999865e-01 4.049999999999999781e-03 4.299999999999999894e-04 4.789999999999999879e-04
1.197049438476560116e+09 1.611787599999999898e+01 1.370433999999999930e+00 6.798440000000000039e-01 3.929000000000000201e-03 3.310000000000000225e-04 4.490000000000000176e-04
1.210424438476560116e+09 1.602581800000000101e+01 1.358255999999999908e+00 6.993390000000000439e-01 4.081000000000000426e-03 4.200000000000000174e-04 5.010000000000000347e-04
1.223799438476560116e+09 1.594194099999999992e+01 1.346065000000000067e+00 7.124759999999999982e-01 3.969000000000000306e-03 4.829999999999999767e-04 5.410000000000000312e-04
1.237174438476560116e+09 1.585211699999999979e+01 1.331992000000000065e+00 7.306550000000000544e-01 3.452000000000000207e-03 3.759999999999999779e-04 4.449999999999999746e-04
1.250549438476560116e+09 1.575924000000000014e+01 1.323096000000000050e+00 7.377590000000000536e-01 3.213000000000000144e-03 1.115000000000000106e-03 6.380000000000000037e-04
1.263924438476560116e+09 1.567765799999999921e+01 1.309774999999999912e+00 7.476639999999999953e-01 3.138000000000000164e-03 9.370000000000000074e-04 6.909999999999999910e-04
1.277299438476560116e+09 1.558775299999999930e+01 1.295612999999999904e+00 7.616770000000000485e-01 2.835999999999999979e-03 3.770000000000000022e-04 4.650000000000000270e-04
1.290674438476560116e+09 1.551541300000000057e+01 1.286365999999999898e+00 7.723470000000000057e-01 2.426000000000000205e-03 3.029999999999999924e-04 3.970000000000000005e-04
1.304049438476560116e+09 1.543327799999999961e+01 1.275732000000000088e+00 7.842050000000000409e-01 2.272000000000000148e-03 2.990000000000000036e-04 3.690000000000000246e-04
1.317424438476560116e+09 1.535679000000000016e+01 1.261271000000000031e+00 7.988290000000000113e-01 2.069000000000000093e-03 2.979999999999999793e-04 3.579999999999999741e-04
1.330799438476560116e+09 1.527787299999999959e+01 1.250569000000000042e+00 8.100410000000000110e-01 1.946999999999999946e-03 3.170000000000000075e-04 3.660000000000000059e-04
1.344174438476560116e+09 1.520164100000000040e+01 1.244906000000000068e+00 8.167590000000000128e-01 1.758999999999999930e-03 3.060000000000000111e-04 3.589999999999999984e-04
1.357549438476560116e+09 1.512410099999999957e+01 1.239038000000000084e+00 8.269020000000000259e-01 1.567000000000000033e-03 2.959999999999999849e-04 3.550000000000000096e-04
1.370924438476560116e+09 1.505076999999999998e+01 1.230196000000000067e+00 8.332340000000000302e-01 1.471000000000000085e-03 3.009999999999999980e-04 3.460000000000000076e-04
1.384299438476560116e+09 1.497808200000000056e+01 1.219165999999999972e+00 8.393100000000000005e-01 1.433000000000000029e-03 3.150000000000000131e-04 3.510000000000000208e-04
1.397674438476560116e+09 1.490620400000000068e+01 1.202472999999999903e+00 8.479950000000000543e-01 1.374999999999999920e-03 3.139999999999999888e-04 3.480000000000000020e-04
1.411049438476560116e+09 1.483533199999999930e+01 1.187496000000000107e+00 8.564859999999999696e-01 1.330000000000000019e-03 3.130000000000000187e-04 3.440000000000000132e-04
1.424424438476560116e+09 1.476630199999999959e+01 1.173203999999999914e+00 8.632410000000000361e-01 1.415999999999999941e-03 3.339999999999999870e-04 3.780000000000000265e-04
1.437799438476560116e+09 1.469065900000000013e+01 1.164900999999999964e+00 8.687000000000000277e-01 1.415999999999999941e-03 3.310000000000000225e-04 3.179999999999999776e-04
1.451174438476560116e+09 1.462260799999999961e+01 1.157054000000000027e+00 8.725709999999999855e-01 1.608999999999999970e-03 3.469999999999999777e-04 3.220000000000000206e-04
1.464549438476560116e+09 1.455257899999999971e+01 1.150261999999999896e+00 8.769310000000000160e-01 1.698999999999999989e-03 3.330000000000000169e-04 3.379999999999999758e-04
1.477924438476560116e+09 1.447948000000000057e+01 1.140425000000000022e+00 8.825359999999999872e-01 1.928999999999999942e-03 3.289999999999999739e-04 3.310000000000000225e-04
1.491299438476560116e+09 1.441094599999999915e+01 1.132632000000000083e+00 8.878200000000000536e-01 2.043999999999999810e-03 3.550000000000000096e-04 3.190000000000000019e-04
1.504674438476560116e+09 1.434215400000000074e+01 1.123947000000000029e+00 8.909019999999999717e-01 2.151000000000000134e-03 3.319999999999999926e-04 3.299999999999999982e-04
1.518049438476560116e+09 1.427205900000000049e+01 1.116158999999999901e+00 8.934919999999999529e-01 2.284000000000000006e-03 3.530000000000000152e-04 3.469999999999999777e-04
1.531424438476560116e+09 1.418541399999999975e+01 1.119337000000000026e+00 8.909190000000000165e-01 3.225000000000000002e-03 5.270000000000000162e-04 5.119999999999999768e-04
1.544799438476560116e+09 1.411492299999999922e+01 1.105680999999999914e+00 8.941029999999999811e-01 3.046999999999999795e-03 4.840000000000000010e-04 4.670000000000000214e-04
1.558174438476560116e+09 1.405691999999999986e+01 1.095480999999999927e+00 9.022189999999999932e-01 2.667000000000000100e-03 4.020000000000000136e-04 3.649999999999999816e-04
1.571549438476560116e+09 1.397051800000000021e+01 1.091204999999999981e+00 9.064290000000000402e-01 3.069000000000000113e-03 5.100000000000000366e-04 4.899999999999999842e-04
1.584924438476560116e+09 1.390892299999999970e+01 1.080729999999999968e+00 9.046929999999999694e-01 3.017000000000000150e-03 4.350000000000000026e-04 4.029999999999999837e-04
1.598299438476560116e+09 1.384650199999999920e+01 1.073673000000000100e+00 9.053560000000000496e-01 3.209000000000000047e-03 3.939999999999999817e-04 3.480000000000000020e-04
1.611674438476560116e+09 1.377123399999999975e+01 1.065722000000000058e+00 9.086210000000000120e-01 3.464000000000000065e-03 4.060000000000000024e-04 3.440000000000000132e-04
1.625049438476560116e+09 1.370684499999999950e+01 1.057736000000000010e+00 9.045769999999999644e-01 3.716999999999999818e-03 4.730000000000000046e-04 4.240000000000000062e-04
1.638424438476560116e+09 1.362165899999999930e+01 1.041500000000000092e+00 9.075050000000000061e-01 4.301000000000000136e-03 5.479999999999999845e-04 4.189999999999999931e-04
1.651799438476560116e+09 1.356363600000000069e+01 1.025177000000000005e+00 9.061040000000000205e-01 4.197000000000000210e-03 4.699999999999999859e-04 4.609999999999999840e-04
