9.027994384765620232e+08 1.299000000000000024e-03 1.299999999999999920e-05 2.079999999999999872e-04 2.059999999999999928e-04 1.579999999999999916e-04 1.740000000000000010e-04
9.161744384765620232e+08 1.229000000000000058e-03 2.610000000000000015e-04 -1.060000000000000016e-04 1.399999999999999877e-04 1.100000000000000039e-04 1.259999999999999998e-04
9.696744384765620232e+08 1.188999999999999953e-03 1.090000000000000067e-04 9.299999999999999727e-05 1.259999999999999998e-04 1.179999999999999951e-04 1.259999999999999998e-04
9.830494384765620232e+08 1.092000000000000089e-03 2.229999999999999994e-04 1.190000000000000058e-04 1.269999999999999970e-04 1.060000000000000016e-04 1.160000000000000007e-04
1.009799438476559997e+09 1.118999999999999986e-03 2.300000000000000070e-04 9.299999999999999727e-05 1.230000000000000082e-04 1.069999999999999988e-04 1.019999999999999992e-04
1.023174438476559997e+09 1.147999999999999932e-03 -1.689999999999999879e-04 -1.699999999999999987e-05 1.140000000000000063e-04 1.039999999999999936e-04 1.069999999999999988e-04
1.036549438476559997e+09 9.280000000000000054e-04 -6.899999999999999667e-05 1.039999999999999936e-04 1.259999999999999998e-04 1.100000000000000039e-04 1.000000000000000048e-04
1.049924438476559997e+09 1.000000000000000021e-03 1.579999999999999916e-04 -6.200000000000000270e-05 1.299999999999999886e-04 1.210000000000000002e-04 1.060000000000000016e-04
1.063299438476559997e+09 1.046000000000000055e-03 1.550000000000000000e-04 3.000000000000000076e-06 1.129999999999999955e-04 9.699999999999999963e-05 1.060000000000000016e-04
1.076674438476560116e+09 9.600000000000000243e-04 -9.999999999999999547e-07 1.200000000000000030e-05 1.160000000000000007e-04 1.019999999999999992e-04 1.160000000000000007e-04
1.090049438476560116e+09 1.020000000000000073e-03 1.450000000000000009e-04 -2.400000000000000061e-05 1.069999999999999988e-04 9.600000000000000243e-05 9.399999999999999448e-05
1.116799438476560116e+09 1.049000000000000019e-03 1.039999999999999936e-04 -1.800000000000000046e-05 1.060000000000000016e-04 9.100000000000000287e-05 1.039999999999999936e-04
1.130174438476560116e+09 1.046999999999999971e-03 1.800000000000000046e-05 -3.100000000000000135e-05 1.079999999999999960e-04 9.299999999999999727e-05 9.799999999999999684e-05
1.143549438476560116e+09 1.013000000000000012e-03 -7.600000000000000418e-05 -7.899999999999999579e-05 1.119999999999999983e-04 1.050000000000000044e-04 1.160000000000000007e-04
1.156924438476560116e+09 9.079999999999999530e-04 1.160000000000000007e-04 4.899999999999999842e-05 1.250000000000000026e-04 1.119999999999999983e-04 1.039999999999999936e-04
1.197049438476560116e+09 7.100000000000000191e-04 -5.399999999999999798e-05 -7.499999999999999343e-05 1.540000000000000028e-04 1.430000000000000064e-04 1.410000000000000120e-04
1.210424438476560116e+09 1.003999999999999901e-03 3.440000000000000132e-04 8.100000000000000375e-05 2.310000000000000042e-04 2.049999999999999956e-04 2.229999999999999994e-04
1.223799438476560116e+09 1.059000000000000045e-03 1.250000000000000026e-04 1.649999999999999991e-04 2.200000000000000078e-04 1.759999999999999954e-04 1.900000000000000105e-04
1.250549438476560116e+09 7.780000000000000457e-04 6.200000000000000270e-05 6.099999999999999872e-05 1.129999999999999955e-04 1.069999999999999988e-04 1.150000000000000035e-04
1.263924438476560116e+09 1.095999999999999969e-03 1.759999999999999954e-04 8.600000000000000331e-05 1.830000000000000029e-04 1.579999999999999916e-04 1.640000000000000019e-04
1.290674438476560116e+09 8.239999999999999712e-04 -2.210000000000000050e-04 -1.640000000000000019e-04 1.569999999999999944e-04 1.450000000000000009e-04 1.610000000000000103e-04
1.304049438476560116e+09 9.970000000000000563e-04 1.410000000000000120e-04 1.959999999999999937e-04 1.110000000000000011e-04 9.500000000000000523e-05 1.000000000000000048e-04
1.317424438476560116e+09 1.036999999999999944e-03 1.920000000000000049e-04 5.599999999999999916e-05 9.200000000000000007e-05 9.299999999999999727e-05 9.399999999999999448e-05
1.330799438476560116e+09 7.330000000000000361e-04 8.799999999999999771e-05 4.899999999999999842e-05 9.600000000000000243e-05 8.500000000000000611e-05 9.399999999999999448e-05
1.344174438476560116e+09 8.069999999999999916e-04 3.000000000000000076e-05 -1.599999999999999928e-05 9.500000000000000523e-05 8.600000000000000331e-05 8.399999999999999535e-05
1.357549438476560116e+09 8.019999999999999785e-04 6.700000000000000226e-05 1.299999999999999920e-05 9.200000000000000007e-05 9.000000000000000567e-05 8.100000000000000375e-05
1.370924438476560116e+09 7.230000000000000098e-04 2.000000000000000164e-05 -1.699999999999999987e-05 8.399999999999999535e-05 7.700000000000000139e-05 9.000000000000000567e-05
1.384299438476560116e+09 8.440000000000000236e-04 -3.800000000000000209e-05 -8.100000000000000375e-05 9.100000000000000287e-05 9.200000000000000007e-05 9.600000000000000243e-05
1.397674438476560116e+09 6.049999999999999606e-04 -4.399999999999999886e-05 -2.359999999999999902e-04 8.799999999999999771e-05 8.299999999999999815e-05 9.399999999999999448e-05
1.411049438476560116e+09 7.960000000000000495e-04 5.300000000000000078e-05 -1.060000000000000016e-04 8.799999999999999771e-05 8.200000000000000095e-05 9.200000000000000007e-05
1.424424438476560116e+09 7.299999999999999632e-04 3.800000000000000209e-05 -5.099999999999999960e-05 1.200000000000000030e-04 1.140000000000000063e-04 1.179999999999999951e-04
1.437799438476560116e+09 7.730000000000000326e-04 2.480000000000000108e-04 -6.299999999999999990e-05 9.799999999999999684e-05 8.700000000000000051e-05 8.500000000000000611e-05
1.451174438476560116e+09 7.410000000000000137e-04 2.149999999999999947e-04 -5.199999999999999680e-05 8.700000000000000051e-05 9.200000000000000007e-05 9.399999999999999448e-05
1.464549438476560116e+09 8.440000000000000236e-04 1.029999999999999964e-04 1.500000000000000038e-05 8.700000000000000051e-05 8.899999999999999491e-05 9.000000000000000567e-05
1.477924438476560116e+09 7.820000000000000345e-04 2.290000000000000098e-04 -2.799999999999999958e-05 9.200000000000000007e-05 8.399999999999999535e-05 9.100000000000000287e-05
1.491299438476560116e+09 6.980000000000000527e-04 7.200000000000000182e-05 1.200000000000000030e-05 8.000000000000000654e-05 9.299999999999999727e-05 9.600000000000000243e-05
1.504674438476560116e+09 8.369999999999999619e-04 -1.399999999999999979e-05 -9.999999999999999547e-07 9.399999999999999448e-05 9.299999999999999727e-05 9.399999999999999448e-05
1.518049438476560116e+09 6.059999999999999849e-04 1.100000000000000039e-04 2.199999999999999943e-05 1.250000000000000026e-04 1.320000000000000101e-04 1.190000000000000058e-04
1.598299438476560116e+09 6.870000000000000022e-04 3.999999999999999819e-06 -9.000000000000000228e-06 1.530000000000000056e-04 1.459999999999999981e-04 1.430000000000000064e-04
1.611674438476560116e+09 5.720000000000000258e-04 7.100000000000000462e-05 6.000000000000000152e-06 1.010000000000000020e-04 9.500000000000000523e-05 1.069999999999999988e-04
1.638424438476560116e+09 7.150000000000000322e-04 1.569999999999999944e-04 -3.100000000000000135e-05 9.299999999999999727e-05 9.399999999999999448e-05 1.010000000000000020e-04
1.651799438476560116e+09 5.860000000000000408e-04 2.719999999999999979e-04 6.899999999999999667e-05 1.859999999999999945e-04 1.910000000000000077e-04 1.910000000000000077e-04
