9.638000000000000000e+08 7.585823500000000000e+06
9.655000320000000000e+08 7.310914500000000000e+06
9.672000000000000000e+08 8.684451000000000000e+06
9.688000000000000000e+08 8.216132500000000000e+06
9.722000000000000000e+08 7.340992000000000000e+06
9.739000320000000000e+08 7.163546500000000000e+06
9.755000320000000000e+08 9.750840000000000000e+06
9.772000000000000000e+08 6.989265000000000000e+06
9.788999680000000000e+08 7.987632000000000000e+06
9.804999680000000000e+08 1.068140400000000000e+07
9.822000000000000000e+08 7.320529000000000000e+06
9.839000320000000000e+08 9.796204000000000000e+06
9.856000000000000000e+08 9.656376000000000000e+06
9.872000000000000000e+08 7.796634000000000000e+06
9.888999680000000000e+08 8.329033000000000000e+06
9.906000000000000000e+08 8.685050000000000000e+06
9.922000000000000000e+08 9.187955000000000000e+06
9.939000320000000000e+08 8.792728000000000000e+06
9.956000000000000000e+08 8.788775000000000000e+06
9.972999680000000000e+08 9.559845000000000000e+06
9.988999680000000000e+08 9.999841000000000000e+06
1.000600000000000000e+09 8.835696000000000000e+06
1.002300032000000000e+09 9.225964000000000000e+06
1.003900032000000000e+09 8.404135000000000000e+06
1.005600000000000000e+09 7.663177500000000000e+06
1.007299968000000000e+09 7.779821000000000000e+06
1.009000000000000000e+09 6.829454500000000000e+06
1.010600000000000000e+09 6.989231000000000000e+06
1.014000000000000000e+09 1.032293400000000000e+07
1.017299968000000000e+09 9.544250000000000000e+06
1.019000000000000000e+09 8.765589000000000000e+06
1.020700032000000000e+09 9.183423000000000000e+06
1.022300032000000000e+09 7.848508500000000000e+06
1.025699968000000000e+09 9.897900000000000000e+06
1.027400000000000000e+09 8.195135500000000000e+06
1.034000000000000000e+09 8.763167000000000000e+06
1.035699968000000000e+09 8.559473000000000000e+06
1.037400000000000000e+09 8.281877500000000000e+06
1.039100032000000000e+09 8.251941500000000000e+06
1.040700032000000000e+09 8.867016000000000000e+06
1.042400000000000000e+09 9.721622000000000000e+06
1.044099968000000000e+09 7.711288500000000000e+06
1.045699968000000000e+09 9.579661000000000000e+06
1.047400000000000000e+09 8.943048000000000000e+06
1.049100032000000000e+09 8.732953000000000000e+06
1.050800000000000000e+09 1.012432500000000000e+07
1.052400000000000000e+09 9.116016000000000000e+06
1.054099968000000000e+09 9.112602000000000000e+06
1.055800000000000000e+09 9.109205000000000000e+06
1.057400000000000000e+09 9.861128000000000000e+06
1.059100032000000000e+09 9.387354000000000000e+06
1.060800000000000000e+09 1.017488300000000000e+07
1.062499968000000000e+09 9.348219000000000000e+06
1.064099968000000000e+09 9.574344000000000000e+06
1.065800000000000000e+09 1.020061500000000000e+07
1.067500032000000000e+09 7.671915000000000000e+06
1.069200000000000000e+09 8.637554000000000000e+06
1.070800000000000000e+09 9.173268000000000000e+06
1.072499968000000000e+09 9.624400000000000000e+06
1.074200064000000000e+09 9.895887000000000000e+06
1.075800064000000000e+09 8.597240000000000000e+06
1.077500032000000000e+09 1.150045900000000000e+07
1.079200000000000000e+09 8.942496000000000000e+06
1.080899968000000000e+09 9.248717000000000000e+06
1.085900032000000000e+09 8.195998500000000000e+06
1.094200064000000000e+09 9.384681000000000000e+06
1.095900032000000000e+09 9.749140000000000000e+06
1.097600000000000000e+09 9.443773000000000000e+06
1.099200000000000000e+09 8.096117000000000000e+06
1.100899968000000000e+09 8.934568000000000000e+06
1.102599936000000000e+09 6.297949500000000000e+06
1.104300032000000000e+09 8.409665000000000000e+06
1.105900032000000000e+09 9.975439000000000000e+06
1.107600000000000000e+09 8.543972000000000000e+06
1.109299968000000000e+09 9.135281000000000000e+06
1.110899968000000000e+09 9.485973000000000000e+06
1.112600064000000000e+09 8.180753000000000000e+06
1.116000000000000000e+09 9.851098000000000000e+06
1.117600000000000000e+09 9.247486000000000000e+06
1.119299968000000000e+09 1.058385100000000000e+07
1.120999936000000000e+09 9.501720000000000000e+06
1.122700032000000000e+09 9.367605000000000000e+06
1.124300032000000000e+09 8.007339000000000000e+06
1.126000000000000000e+09 8.572212000000000000e+06
1.129299968000000000e+09 8.236204000000000000e+06
1.131000064000000000e+09 9.686867000000000000e+06
1.132700032000000000e+09 1.104163100000000000e+07
1.134400000000000000e+09 1.025162400000000000e+07
1.139399936000000000e+09 8.784027000000000000e+06
1.140999936000000000e+09 8.607202000000000000e+06
1.142700032000000000e+09 9.113013000000000000e+06
1.146099968000000000e+09 6.717773000000000000e+06
1.147699968000000000e+09 5.362404000000000000e+06
1.149400064000000000e+09 6.464599500000000000e+06
1.151100032000000000e+09 7.920258000000000000e+06
1.152700032000000000e+09 7.943565500000000000e+06
1.154400000000000000e+09 9.481227000000000000e+06
1.156099968000000000e+09 9.511875000000000000e+06
1.157799936000000000e+09 9.153237000000000000e+06
1.161100032000000000e+09 7.200893000000000000e+06
1.162800000000000000e+09 7.610913000000000000e+06
1.164400000000000000e+09 8.296354000000000000e+06
1.166099968000000000e+09 8.107333500000000000e+06
1.187900032000000000e+09 8.213245000000000000e+06
1.189500032000000000e+09 7.873840000000000000e+06
1.192899968000000000e+09 6.459028500000000000e+06
1.196199936000000000e+09 7.742135000000000000e+06
1.217900032000000000e+09 6.765640500000000000e+06
1.234700032000000000e+09 5.883146500000000000e+06
1.236300032000000000e+09 6.515506000000000000e+06
1.238000000000000000e+09 7.650615000000000000e+06
1.239699968000000000e+09 8.345768000000000000e+06
1.243000064000000000e+09 4.210521000000000000e+06
1.254700032000000000e+09 7.044434000000000000e+06
1.256400000000000000e+09 9.381165000000000000e+06
1.281500032000000000e+09 2.032374625000000000e+06
1.299900032000000000e+09 9.705827000000000000e+06
1.301500032000000000e+09 8.892492000000000000e+06
1.303200000000000000e+09 1.099729300000000000e+07
1.304899968000000000e+09 1.095364400000000000e+07
1.306599936000000000e+09 1.078732100000000000e+07
1.308199936000000000e+09 1.206765800000000000e+07
1.309900032000000000e+09 1.128805500000000000e+07
1.311600000000000000e+09 1.159678800000000000e+07
1.313200000000000000e+09 1.255671200000000000e+07
1.314899968000000000e+09 1.240281300000000000e+07
1.316600064000000000e+09 1.341039200000000000e+07
1.318300032000000000e+09 1.229893600000000000e+07
1.319900032000000000e+09 1.275470100000000000e+07
1.321600000000000000e+09 1.053142300000000000e+07
1.323299968000000000e+09 1.441239400000000000e+07
1.324899968000000000e+09 1.181071100000000000e+07
1.326599936000000000e+09 1.334079500000000000e+07
1.328300032000000000e+09 1.238610900000000000e+07
1.330000000000000000e+09 1.373651300000000000e+07
1.331600000000000000e+09 1.104946500000000000e+07
1.333299968000000000e+09 1.333197900000000000e+07
1.335000064000000000e+09 1.258044900000000000e+07
1.336700032000000000e+09 1.203316700000000000e+07
1.338300032000000000e+09 1.408263600000000000e+07
1.340000000000000000e+09 1.288739300000000000e+07
1.341699968000000000e+09 1.420017200000000000e+07
1.343299968000000000e+09 1.331907300000000000e+07
1.344999936000000000e+09 1.457171500000000000e+07
1.346700032000000000e+09 1.293240200000000000e+07
1.348400000000000000e+09 1.187728100000000000e+07
1.350000000000000000e+09 1.359409100000000000e+07
1.351699968000000000e+09 1.456246500000000000e+07
1.353400064000000000e+09 1.336230400000000000e+07
1.355000064000000000e+09 1.102472400000000000e+07
1.356700032000000000e+09 1.255447000000000000e+07
1.358400000000000000e+09 1.405584200000000000e+07
1.360099968000000000e+09 1.313233500000000000e+07
1.361699968000000000e+09 1.259993100000000000e+07
1.363399936000000000e+09 1.291224200000000000e+07
1.365100032000000000e+09 1.285704700000000000e+07
1.366700032000000000e+09 1.229130000000000000e+07
1.368400000000000000e+09 1.264376100000000000e+07
1.370099968000000000e+09 1.285119500000000000e+07
1.371800064000000000e+09 1.208983000000000000e+07
1.373400064000000000e+09 1.328191700000000000e+07
1.375100032000000000e+09 1.472430100000000000e+07
1.376800000000000000e+09 1.284344400000000000e+07
1.378400000000000000e+09 1.121419800000000000e+07
1.380099968000000000e+09 1.316334300000000000e+07
1.381799936000000000e+09 1.458642200000000000e+07
1.383500032000000000e+09 1.252400400000000000e+07
1.385100032000000000e+09 1.426688700000000000e+07
1.386800000000000000e+09 1.438960900000000000e+07
1.388499968000000000e+09 1.354662700000000000e+07
1.390200064000000000e+09 1.211851900000000000e+07
1.391800064000000000e+09 1.298661500000000000e+07
1.393500032000000000e+09 1.077989200000000000e+07
1.395200000000000000e+09 1.456931200000000000e+07
1.396800000000000000e+09 1.211157600000000000e+07
1.398499968000000000e+09 1.342089100000000000e+07
1.400199936000000000e+09 1.303120300000000000e+07
1.401900032000000000e+09 1.336054000000000000e+07
1.403500032000000000e+09 1.286652200000000000e+07
1.405200000000000000e+09 1.318964700000000000e+07
1.406899968000000000e+09 1.307806600000000000e+07
1.408499968000000000e+09 1.302197700000000000e+07
1.410200064000000000e+09 1.200132600000000000e+07
1.411900032000000000e+09 1.296427500000000000e+07
1.413600000000000000e+09 1.480563700000000000e+07
1.415200000000000000e+09 1.351568100000000000e+07
1.416899968000000000e+09 1.306705000000000000e+07
1.423600000000000000e+09 1.356362900000000000e+07
1.425299968000000000e+09 1.305792700000000000e+07
1.426899968000000000e+09 1.344550000000000000e+07
1.428600064000000000e+09 1.391017600000000000e+07
1.430300032000000000e+09 1.390823300000000000e+07
1.431900032000000000e+09 1.278313400000000000e+07
1.433600000000000000e+09 1.299481800000000000e+07
1.435299968000000000e+09 1.164857300000000000e+07
1.436999936000000000e+09 1.241680100000000000e+07
1.438599936000000000e+09 1.304370600000000000e+07
1.440300032000000000e+09 1.277438700000000000e+07
1.442000000000000000e+09 1.266793400000000000e+07
1.443699968000000000e+09 1.365709900000000000e+07
1.445299968000000000e+09 1.271673200000000000e+07
1.447000064000000000e+09 1.303485300000000000e+07
1.448700032000000000e+09 1.250653700000000000e+07
1.450300032000000000e+09 1.523027200000000000e+07
1.452000000000000000e+09 1.163287400000000000e+07
1.453699968000000000e+09 1.291997000000000000e+07
1.455399936000000000e+09 1.205301100000000000e+07
1.456999936000000000e+09 1.424347400000000000e+07
1.458700032000000000e+09 1.214702200000000000e+07
1.460400000000000000e+09 1.474928700000000000e+07
1.462000000000000000e+09 1.244245500000000000e+07
1.463699968000000000e+09 1.468025800000000000e+07
1.465400064000000000e+09 1.577536300000000000e+07
1.467100032000000000e+09 1.233673700000000000e+07
1.468700032000000000e+09 1.584385800000000000e+07
1.470400000000000000e+09 1.189526200000000000e+07
1.472099968000000000e+09 1.170637500000000000e+07
1.473699968000000000e+09 1.333866600000000000e+07
1.475399936000000000e+09 1.253122400000000000e+07
1.477100032000000000e+09 1.252956200000000000e+07
1.478800000000000000e+09 1.356126800000000000e+07
1.480400000000000000e+09 1.268146000000000000e+07
1.482099968000000000e+09 1.257606400000000000e+07
1.483800064000000000e+09 1.465717200000000000e+07
1.485400064000000000e+09 1.439936500000000000e+07
1.487100032000000000e+09 1.212001300000000000e+07
1.488800000000000000e+09 1.267319500000000000e+07
1.490499968000000000e+09 1.384189700000000000e+07
1.492099968000000000e+09 1.159632300000000000e+07
1.493799936000000000e+09 1.277321200000000000e+07
1.495500032000000000e+09 1.196723200000000000e+07
1.497200000000000000e+09 1.331436000000000000e+07
1.498800000000000000e+09 1.365626200000000000e+07
1.500499968000000000e+09 1.319936100000000000e+07
1.502200064000000000e+09 1.149660500000000000e+07
1.503800064000000000e+09 1.370954300000000000e+07
1.505500032000000000e+09 1.297530300000000000e+07
1.507200000000000000e+09 1.412628300000000000e+07
1.508899968000000000e+09 1.244786100000000000e+07
1.510499968000000000e+09 1.394029300000000000e+07
1.512199936000000000e+09 1.229372600000000000e+07
1.513900032000000000e+09 1.296697100000000000e+07
1.515500032000000000e+09 1.229062800000000000e+07
1.520600064000000000e+09 1.087518000000000000e+07
1.522200064000000000e+09 1.411010900000000000e+07
1.565699968000000000e+09 1.035816300000000000e+07
1.567399936000000000e+09 7.996437500000000000e+06
1.568999936000000000e+09 5.803332500000000000e+06
1.580700032000000000e+09 6.083630000000000000e+06
1.582400000000000000e+09 7.632938000000000000e+06
1.584099968000000000e+09 1.015336600000000000e+07
1.585799936000000000e+09 8.712097000000000000e+06
1.605799936000000000e+09 8.639486000000000000e+06
1.607500032000000000e+09 1.167791400000000000e+07
1.609200000000000000e+09 1.451752300000000000e+07
1.610800000000000000e+09 1.195796100000000000e+07
1.612499968000000000e+09 1.377282200000000000e+07
1.614200064000000000e+09 1.477221900000000000e+07
1.615900032000000000e+09 1.538210300000000000e+07
1.617500032000000000e+09 8.965102000000000000e+06
1.619200000000000000e+09 7.562841500000000000e+06
1.629200000000000000e+09 1.352085400000000000e+07
1.630899968000000000e+09 1.363535300000000000e+07
1.632600064000000000e+09 1.066005000000000000e+07
1.634200064000000000e+09 1.442545700000000000e+07
1.635900032000000000e+09 1.207974500000000000e+07
1.639299968000000000e+09 1.362637800000000000e+07
1.640899968000000000e+09 1.146489600000000000e+07
1.642599936000000000e+09 1.197640700000000000e+07
1.645900032000000000e+09 1.356101800000000000e+07
