9.638000000000000000e+08 8.993090000000000250e-01 1.154999999999999994e-03 -2.121000000000000055e-03 3.669999999999999760e-04 3.170000000000000075e-04 3.359999999999999814e-04
9.655000000000000000e+08 8.990909999999999735e-01 3.240000000000000150e-04 -1.694999999999999892e-03 4.139999999999999800e-04 3.269999999999999795e-04 3.379999999999999758e-04
9.672000000000000000e+08 8.994010000000000060e-01 8.220000000000000310e-04 -1.400999999999999902e-03 3.910000000000000172e-04 3.150000000000000131e-04 2.950000000000000148e-04
9.688000000000000000e+08 8.983609999999999651e-01 1.309000000000000051e-03 -1.345000000000000058e-03 3.780000000000000265e-04 3.119999999999999944e-04 3.150000000000000131e-04
9.722000000000000000e+08 8.988260000000000138e-01 9.449999999999999850e-04 -1.822000000000000052e-03 3.710000000000000190e-04 3.449999999999999833e-04 3.179999999999999776e-04
9.739000000000000000e+08 8.985830000000000206e-01 1.087999999999999991e-03 -1.825000000000000016e-03 3.869999999999999742e-04 3.579999999999999741e-04 3.130000000000000187e-04
9.755000000000000000e+08 8.985779999999999879e-01 1.994999999999999812e-03 -2.298000000000000129e-03 3.409999999999999945e-04 2.680000000000000090e-04 3.069999999999999812e-04
9.772000000000000000e+08 8.984060000000000379e-01 1.618000000000000081e-03 -9.749999999999999552e-04 3.669999999999999760e-04 3.190000000000000019e-04 3.600000000000000227e-04
9.789000000000000000e+08 8.980209999999999582e-01 8.869999999999999846e-04 -2.014999999999999864e-03 3.400000000000000244e-04 3.280000000000000038e-04 3.069999999999999812e-04
9.805000000000000000e+08 8.976720000000000255e-01 1.067999999999999939e-03 -2.099000000000000171e-03 3.840000000000000097e-04 2.750000000000000166e-04 2.739999999999999923e-04
9.822000000000000000e+08 8.965919999999999446e-01 1.152000000000000029e-03 -1.425000000000000051e-03 3.330000000000000169e-04 3.139999999999999888e-04 3.490000000000000263e-04
9.839000000000000000e+08 8.959679999999999866e-01 1.471000000000000085e-03 -2.295000000000000165e-03 3.730000000000000134e-04 2.779999999999999811e-04 2.950000000000000148e-04
9.856000000000000000e+08 8.952480000000000437e-01 1.173999999999999913e-03 -1.961000000000000069e-03 3.579999999999999741e-04 3.049999999999999868e-04 2.719999999999999979e-04
9.872000000000000000e+08 8.963590000000000169e-01 1.489000000000000089e-03 -1.897999999999999948e-03 3.629999999999999872e-04 3.049999999999999868e-04 3.370000000000000057e-04
9.889000000000000000e+08 8.960019999999999651e-01 1.505999999999999960e-03 -2.324999999999999810e-03 3.559999999999999797e-04 2.730000000000000222e-04 3.480000000000000020e-04
9.906000000000000000e+08 8.957720000000000127e-01 1.832999999999999994e-03 -2.390000000000000197e-03 3.849999999999999798e-04 2.919999999999999961e-04 3.159999999999999832e-04
9.922000000000000000e+08 8.961930000000000174e-01 1.954000000000000008e-03 -1.443999999999999971e-03 3.609999999999999928e-04 2.869999999999999830e-04 3.040000000000000167e-04
9.939000000000000000e+08 8.956380000000000452e-01 1.492999999999999969e-03 -1.520000000000000084e-03 3.390000000000000001e-04 3.040000000000000167e-04 2.999999999999999737e-04
9.956000000000000000e+08 8.954600000000000337e-01 1.636000000000000084e-03 -2.122999999999999887e-03 3.289999999999999739e-04 2.959999999999999849e-04 3.080000000000000055e-04
9.973000000000000000e+08 8.945650000000000546e-01 1.711000000000000064e-03 -1.559000000000000056e-03 3.710000000000000190e-04 3.159999999999999832e-04 2.629999999999999959e-04
9.989000000000000000e+08 8.941480000000000539e-01 1.549000000000000030e-03 -2.531999999999999963e-03 4.009999999999999893e-04 2.860000000000000129e-04 2.799999999999999755e-04
1.000600000000000000e+09 8.950510000000000410e-01 1.732999999999999948e-03 -2.171000000000000187e-03 3.550000000000000096e-04 3.119999999999999944e-04 2.900000000000000017e-04
1.002300000000000000e+09 8.947699999999999543e-01 1.152000000000000029e-03 -2.462000000000000213e-03 4.220000000000000118e-04 3.139999999999999888e-04 2.750000000000000166e-04
1.003900000000000000e+09 8.932039999999999980e-01 1.768999999999999956e-03 -2.177000000000000116e-03 3.739999999999999835e-04 3.119999999999999944e-04 3.049999999999999868e-04
1.005600000000000000e+09 8.930590000000000472e-01 2.148000000000000170e-03 -1.802999999999999915e-03 3.699999999999999947e-04 2.959999999999999849e-04 3.499999999999999964e-04
1.007300000000000000e+09 8.936100000000000154e-01 1.497000000000000067e-03 -1.546000000000000065e-03 3.770000000000000022e-04 3.499999999999999964e-04 2.910000000000000260e-04
1.009000000000000000e+09 8.925999999999999490e-01 1.675999999999999972e-03 -1.827999999999999981e-03 3.559999999999999797e-04 3.209999999999999963e-04 3.629999999999999872e-04
1.010600000000000000e+09 8.933389999999999942e-01 1.779999999999999898e-03 -1.621999999999999961e-03 3.860000000000000041e-04 3.339999999999999870e-04 3.420000000000000188e-04
1.014000000000000000e+09 8.928779999999999495e-01 2.184000000000000177e-03 -1.616000000000000032e-03 3.510000000000000208e-04 2.930000000000000204e-04 2.629999999999999959e-04
1.017300000000000000e+09 8.927180000000000115e-01 1.616000000000000032e-03 -1.729000000000000068e-03 3.469999999999999777e-04 2.849999999999999886e-04 2.930000000000000204e-04
1.019000000000000000e+09 8.925859999999999905e-01 9.619999999999999645e-04 -9.730000000000000151e-04 3.510000000000000208e-04 3.110000000000000243e-04 2.919999999999999961e-04
1.020700000000000000e+09 8.923229999999999773e-01 9.150000000000000147e-04 -1.240000000000000000e-03 3.420000000000000188e-04 2.930000000000000204e-04 2.959999999999999849e-04
1.022300000000000000e+09 8.926899999999999835e-01 1.038999999999999993e-03 -4.180000000000000230e-04 2.799999999999999755e-04 3.119999999999999944e-04 3.249999999999999851e-04
1.025700000000000000e+09 8.929209999999999647e-01 1.827999999999999981e-03 -1.387999999999999911e-03 3.480000000000000020e-04 2.700000000000000035e-04 2.970000000000000092e-04
1.027400000000000000e+09 8.919989999999999863e-01 1.023999999999999954e-03 -1.443000000000000055e-03 3.480000000000000020e-04 3.249999999999999851e-04 2.979999999999999793e-04
1.034000000000000000e+09 8.919420000000000126e-01 1.721000000000000090e-03 -1.510000000000000057e-03 3.359999999999999814e-04 3.119999999999999944e-04 2.900000000000000017e-04
1.035700000000000000e+09 8.916159999999999641e-01 1.678999999999999937e-03 -1.301000000000000073e-03 3.409999999999999945e-04 2.860000000000000129e-04 3.229999999999999907e-04
1.037400000000000000e+09 8.915859999999999896e-01 2.445000000000000125e-03 -7.370000000000000249e-04 3.409999999999999945e-04 3.209999999999999963e-04 2.979999999999999793e-04
1.039100000000000000e+09 8.910930000000000240e-01 1.618000000000000081e-03 -1.160000000000000007e-03 3.750000000000000078e-04 3.049999999999999868e-04 3.150000000000000131e-04
1.040700000000000000e+09 8.902989999999999515e-01 1.978999999999999856e-03 -1.213000000000000102e-03 3.370000000000000057e-04 2.930000000000000204e-04 3.049999999999999868e-04
1.042400000000000000e+09 8.903480000000000283e-01 1.265999999999999981e-03 -7.619999999999999820e-04 3.370000000000000057e-04 2.809999999999999998e-04 2.900000000000000017e-04
1.044100000000000000e+09 8.889329999999999732e-01 1.946999999999999946e-03 -1.021999999999999905e-03 3.420000000000000188e-04 3.159999999999999832e-04 3.249999999999999851e-04
1.045700000000000000e+09 8.889669999999999517e-01 1.374000000000000004e-03 -4.780000000000000178e-04 3.699999999999999947e-04 2.849999999999999886e-04 2.900000000000000017e-04
1.047400000000000000e+09 8.886969999999999592e-01 2.324000000000000111e-03 -7.789999999999999616e-04 3.359999999999999814e-04 2.799999999999999755e-04 3.150000000000000131e-04
1.049100000000000000e+09 8.887410000000000032e-01 1.572999999999999962e-03 -8.959999999999999866e-04 4.169999999999999987e-04 3.040000000000000167e-04 2.979999999999999793e-04
1.050800000000000000e+09 8.889850000000000252e-01 1.984999999999999785e-03 -8.270000000000000441e-04 3.530000000000000152e-04 2.750000000000000166e-04 2.840000000000000185e-04
1.052400000000000000e+09 8.884349999999999747e-01 1.613999999999999983e-03 -1.495999999999999934e-03 3.609999999999999928e-04 2.979999999999999793e-04 2.910000000000000260e-04
1.054100000000000000e+09 8.888260000000000050e-01 2.008999999999999935e-03 -6.579999999999999478e-04 3.510000000000000208e-04 2.910000000000000260e-04 2.979999999999999793e-04
1.055800000000000000e+09 8.882390000000000008e-01 2.115000000000000126e-03 -1.159000000000000091e-03 3.570000000000000040e-04 2.889999999999999774e-04 2.999999999999999737e-04
1.057400000000000000e+09 8.886560000000000015e-01 1.887000000000000005e-03 -1.196000000000000014e-03 3.649999999999999816e-04 2.779999999999999811e-04 2.880000000000000073e-04
1.059100000000000000e+09 8.889449999999999852e-01 1.420000000000000038e-03 -9.210000000000000521e-04 3.379999999999999758e-04 2.759999999999999867e-04 3.040000000000000167e-04
1.060800000000000000e+09 8.878430000000000488e-01 1.789999999999999925e-03 -8.180000000000000422e-04 3.289999999999999739e-04 2.799999999999999755e-04 2.770000000000000110e-04
1.062500000000000000e+09 8.880670000000000508e-01 2.345999999999999995e-03 -1.345000000000000058e-03 3.640000000000000115e-04 2.610000000000000015e-04 3.200000000000000262e-04
1.064100000000000000e+09 8.880949999999999678e-01 1.662000000000000066e-03 -1.327999999999999970e-03 3.730000000000000134e-04 2.979999999999999793e-04 2.759999999999999867e-04
1.065800000000000000e+09 8.877939999999999721e-01 1.931999999999999907e-03 -8.720000000000000537e-04 3.069999999999999812e-04 2.759999999999999867e-04 2.799999999999999755e-04
1.067500000000000000e+09 8.878179999999999961e-01 1.526999999999999929e-03 -1.556000000000000091e-03 3.620000000000000171e-04 3.240000000000000150e-04 3.170000000000000075e-04
1.069200000000000000e+09 8.873619999999999841e-01 9.799999999999999684e-04 -8.980000000000000352e-04 3.420000000000000188e-04 2.999999999999999737e-04 3.040000000000000167e-04
1.070800000000000000e+09 8.869949999999999779e-01 1.400999999999999902e-03 -1.477000000000000014e-03 3.710000000000000190e-04 2.730000000000000222e-04 3.130000000000000187e-04
1.072500000000000000e+09 8.861970000000000125e-01 2.101000000000000003e-03 -1.229999999999999974e-03 3.579999999999999741e-04 2.599999999999999772e-04 3.119999999999999944e-04
1.074200000000000000e+09 8.866460000000000452e-01 1.121000000000000035e-03 -1.714000000000000029e-03 3.620000000000000171e-04 2.860000000000000129e-04 2.779999999999999811e-04
1.075800000000000000e+09 8.873259999999999481e-01 2.049000000000000040e-03 -5.699999999999999772e-04 3.669999999999999760e-04 3.260000000000000094e-04 2.790000000000000054e-04
1.077500000000000000e+09 8.876330000000000053e-01 1.448999999999999984e-03 -1.010000000000000020e-04 3.200000000000000262e-04 2.519999999999999996e-04 2.709999999999999735e-04
1.079200000000000000e+09 8.879280000000000506e-01 9.659999999999999533e-04 -3.690000000000000246e-04 3.339999999999999870e-04 2.799999999999999755e-04 3.130000000000000187e-04
1.080900000000000000e+09 8.863950000000000440e-01 1.183000000000000024e-03 -9.700000000000000505e-04 3.269999999999999795e-04 2.930000000000000204e-04 2.900000000000000017e-04
1.085900000000000000e+09 8.854419999999999513e-01 1.673000000000000008e-03 -1.958000000000000105e-03 3.649999999999999816e-04 2.889999999999999774e-04 3.299999999999999982e-04
1.094200000000000000e+09 8.858230000000000270e-01 1.329000000000000103e-03 -2.300000000000000070e-04 3.950000000000000061e-04 2.790000000000000054e-04 2.990000000000000036e-04
1.095900000000000000e+09 8.852189999999999781e-01 9.079999999999999530e-04 -4.409999999999999858e-04 3.589999999999999984e-04 2.820000000000000241e-04 2.849999999999999886e-04
1.097600000000000000e+09 8.843199999999999950e-01 1.466999999999999988e-03 -7.500000000000000156e-04 3.759999999999999779e-04 2.750000000000000166e-04 3.009999999999999980e-04
1.099200000000000000e+09 8.847770000000000357e-01 1.763999999999999943e-03 -3.280000000000000038e-04 3.400000000000000244e-04 2.959999999999999849e-04 3.260000000000000094e-04
1.100900000000000000e+09 8.850970000000000226e-01 1.639999999999999965e-03 -3.750000000000000078e-04 2.900000000000000017e-04 2.730000000000000222e-04 3.190000000000000019e-04
1.102600000000000000e+09 8.848019999999999774e-01 1.583999999999999905e-03 -1.855000000000000095e-03 3.910000000000000172e-04 3.690000000000000246e-04 3.359999999999999814e-04
1.104300000000000000e+09 8.854990000000000361e-01 1.685999999999999999e-03 -8.419999999999999750e-04 3.640000000000000115e-04 3.150000000000000131e-04 2.950000000000000148e-04
1.105900000000000000e+09 8.845119999999999649e-01 9.160000000000000390e-04 -8.890000000000000333e-04 3.609999999999999928e-04 2.719999999999999979e-04 2.880000000000000073e-04
1.107600000000000000e+09 8.831329999999999458e-01 8.189999999999999581e-04 -3.460000000000000076e-04 3.770000000000000022e-04 2.869999999999999830e-04 3.179999999999999776e-04
1.109300000000000000e+09 8.839639999999999720e-01 1.079000000000000098e-03 -1.183000000000000024e-03 3.449999999999999833e-04 2.970000000000000092e-04 2.880000000000000073e-04
1.110900000000000000e+09 8.838799999999999990e-01 9.990000000000001049e-04 -4.659999999999999971e-04 3.609999999999999928e-04 3.020000000000000223e-04 2.719999999999999979e-04
1.112600000000000000e+09 8.837779999999999525e-01 1.399000000000000070e-03 -8.339999999999999974e-04 4.139999999999999800e-04 2.939999999999999905e-04 3.240000000000000150e-04
1.116000000000000000e+09 8.839489999999999847e-01 1.760999999999999979e-03 -1.849999999999999973e-04 3.570000000000000040e-04 2.750000000000000166e-04 2.880000000000000073e-04
1.117600000000000000e+09 8.834469999999999823e-01 9.300000000000000541e-04 -6.520000000000000188e-04 3.089999999999999756e-04 2.829999999999999942e-04 2.979999999999999793e-04
1.119300000000000000e+09 8.831569999999999698e-01 9.560000000000000355e-04 -8.419999999999999750e-04 3.359999999999999814e-04 2.680000000000000090e-04 2.750000000000000166e-04
1.121000000000000000e+09 8.822470000000000034e-01 1.770000000000000089e-03 -1.296999999999999976e-03 3.150000000000000131e-04 2.979999999999999793e-04 2.750000000000000166e-04
1.122700000000000000e+09 8.829930000000000279e-01 8.140000000000000534e-04 -9.600000000000000243e-04 3.440000000000000132e-04 2.999999999999999737e-04 2.770000000000000110e-04
1.124300000000000000e+09 8.823290000000000299e-01 1.634000000000000036e-03 -1.043000000000000090e-03 3.510000000000000208e-04 3.200000000000000262e-04 3.040000000000000167e-04
1.126000000000000000e+09 8.827350000000000474e-01 1.647000000000000026e-03 -1.700000000000000122e-04 3.420000000000000188e-04 2.790000000000000054e-04 3.240000000000000150e-04
1.129300000000000000e+09 8.824929999999999719e-01 1.386000000000000079e-03 -4.300000000000000165e-05 3.559999999999999797e-04 3.179999999999999776e-04 2.970000000000000092e-04
1.131000000000000000e+09 8.822790000000000354e-01 1.057999999999999913e-03 -4.859999999999999954e-04 3.060000000000000111e-04 3.060000000000000111e-04 2.610000000000000015e-04
1.132700000000000000e+09 8.824250000000000149e-01 6.040000000000000447e-04 -3.190000000000000019e-04 3.420000000000000188e-04 2.779999999999999811e-04 2.530000000000000239e-04
1.134400000000000000e+09 8.831149999999999833e-01 1.940000000000000101e-03 -9.380000000000000317e-04 4.029999999999999837e-04 2.809999999999999998e-04 2.700000000000000035e-04
1.139400000000000000e+09 8.821229999999999905e-01 1.273999999999999959e-03 -7.969999999999999654e-04 3.280000000000000038e-04 3.110000000000000243e-04 2.840000000000000185e-04
1.141000000000000000e+09 8.815849999999999520e-01 1.541999999999999968e-03 -7.249999999999999500e-04 3.310000000000000225e-04 3.029999999999999924e-04 2.979999999999999793e-04
1.142700000000000000e+09 8.823640000000000372e-01 1.778000000000000067e-03 -8.469999999999999881e-04 3.600000000000000227e-04 3.020000000000000223e-04 2.820000000000000241e-04
1.146100000000000000e+09 8.823940000000000117e-01 1.766999999999999908e-03 -1.180999999999999975e-03 5.000000000000000104e-04 3.229999999999999907e-04 3.570000000000000040e-04
1.147700000000000000e+09 8.811769999999999881e-01 1.613999999999999983e-03 -7.190000000000000210e-04 4.580000000000000195e-04 4.040000000000000080e-04 3.570000000000000040e-04
1.149400000000000000e+09 8.813140000000000418e-01 2.301000000000000094e-03 -1.231000000000000106e-03 5.010000000000000347e-04 3.310000000000000225e-04 3.620000000000000171e-04
1.151100000000000000e+09 8.814570000000000460e-01 1.508000000000000009e-03 -1.175000000000000046e-03 3.980000000000000248e-04 2.979999999999999793e-04 3.280000000000000038e-04
1.152700000000000000e+09 8.811879999999999713e-01 1.920999999999999965e-03 -6.030000000000000204e-04 3.559999999999999797e-04 3.089999999999999756e-04 3.159999999999999832e-04
1.154400000000000000e+09 8.806270000000000486e-01 2.137000000000000011e-03 -1.036999999999999944e-03 3.510000000000000208e-04 2.979999999999999793e-04 2.739999999999999923e-04
1.156100000000000000e+09 8.794570000000000443e-01 2.220999999999999884e-03 -1.407999999999999963e-03 3.130000000000000187e-04 2.930000000000000204e-04 2.779999999999999811e-04
1.157800000000000000e+09 8.799529999999999852e-01 1.699999999999999905e-03 -9.020000000000000240e-04 3.519999999999999908e-04 2.889999999999999774e-04 2.930000000000000204e-04
1.161100000000000000e+09 8.803100000000000369e-01 2.083999999999999915e-03 -7.380000000000000492e-04 4.049999999999999781e-04 2.979999999999999793e-04 3.579999999999999741e-04
1.162800000000000000e+09 8.805739999999999679e-01 1.624000000000000010e-03 -8.249999999999999955e-04 4.220000000000000118e-04 3.009999999999999980e-04 3.370000000000000057e-04
1.164400000000000000e+09 8.806880000000000264e-01 1.744000000000000107e-03 -8.069999999999999916e-04 4.130000000000000099e-04 2.930000000000000204e-04 3.179999999999999776e-04
1.166100000000000000e+09 8.800780000000000269e-01 2.086000000000000180e-03 -1.479999999999999925e-04 3.499999999999999964e-04 2.979999999999999793e-04 3.200000000000000262e-04
1.187900000000000000e+09 8.784159999999999746e-01 1.763000000000000027e-03 -1.784999999999999911e-03 4.139999999999999800e-04 2.959999999999999849e-04 3.170000000000000075e-04
1.189500000000000000e+09 8.776159999999999517e-01 1.536999999999999955e-03 -8.419999999999999750e-04 4.040000000000000080e-04 2.919999999999999961e-04 3.339999999999999870e-04
1.192900000000000000e+09 8.783560000000000256e-01 1.557000000000000007e-03 -1.363999999999999978e-03 4.600000000000000139e-04 3.310000000000000225e-04 3.600000000000000227e-04
1.196200000000000000e+09 8.788359999999999506e-01 1.781000000000000031e-03 -1.217999999999999899e-03 4.079999999999999968e-04 3.179999999999999776e-04 3.130000000000000187e-04
1.217900000000000000e+09 8.761390000000000011e-01 1.441000000000000007e-03 -1.312999999999999931e-03 4.479999999999999933e-04 3.449999999999999833e-04 3.289999999999999739e-04
1.234700000000000000e+09 8.768700000000000383e-01 1.675999999999999972e-03 -1.028000000000000051e-03 5.529999999999999976e-04 3.519999999999999908e-04 3.699999999999999947e-04
1.236300000000000000e+09 8.758559999999999679e-01 2.125999999999999852e-03 -1.291000000000000047e-03 4.739999999999999747e-04 3.480000000000000020e-04 3.379999999999999758e-04
1.238000000000000000e+09 8.759940000000000504e-01 1.943000000000000066e-03 -7.889999999999999878e-04 3.849999999999999798e-04 3.310000000000000225e-04 3.020000000000000223e-04
1.239700000000000000e+09 8.765530000000000266e-01 1.991000000000000148e-03 -8.769999999999999584e-04 3.820000000000000153e-04 2.970000000000000092e-04 3.089999999999999756e-04
1.243000000000000000e+09 8.753750000000000142e-01 2.295999999999999864e-03 -1.198000000000000063e-03 5.550000000000000462e-04 4.209999999999999875e-04 4.319999999999999838e-04
1.254700000000000000e+09 8.753260000000000485e-01 1.495000000000000018e-03 -3.899999999999999929e-05 3.750000000000000078e-04 3.299999999999999982e-04 3.289999999999999739e-04
1.256400000000000000e+09 8.748780000000000445e-01 1.706999999999999967e-03 -4.199999999999999768e-05 3.780000000000000265e-04 2.669999999999999847e-04 3.040000000000000167e-04
1.281500000000000000e+09 8.729789999999999495e-01 2.354999999999999889e-03 -1.685999999999999999e-03 8.390000000000000105e-04 6.650000000000000095e-04 5.599999999999999509e-04
1.299900000000000000e+09 8.734420000000000517e-01 1.845999999999999985e-03 -2.356000000000000021e-03 3.240000000000000150e-04 2.880000000000000073e-04 2.719999999999999979e-04
1.301500000000000000e+09 8.731109999999999705e-01 2.530999999999999830e-03 -1.270999999999999994e-03 3.319999999999999926e-04 2.829999999999999942e-04 3.020000000000000223e-04
1.303200000000000000e+09 8.731510000000000105e-01 2.003000000000000006e-03 -1.508999999999999925e-03 3.420000000000000188e-04 2.660000000000000146e-04 2.599999999999999772e-04
1.304900000000000000e+09 8.723400000000000043e-01 1.802999999999999915e-03 -1.484999999999999992e-03 3.209999999999999963e-04 2.700000000000000035e-04 2.570000000000000127e-04
1.306600000000000000e+09 8.720059999999999478e-01 1.775000000000000102e-03 -1.136000000000000074e-03 2.880000000000000073e-04 2.579999999999999828e-04 2.730000000000000222e-04
1.308200000000000000e+09 8.725439999999999863e-01 1.964000000000000034e-03 -1.113999999999999973e-03 3.269999999999999795e-04 2.579999999999999828e-04 2.439999999999999949e-04
1.309900000000000000e+09 8.721740000000000048e-01 1.654000000000000088e-03 -1.147999999999999932e-03 2.860000000000000129e-04 2.530000000000000239e-04 2.660000000000000146e-04
1.311600000000000000e+09 8.715420000000000389e-01 1.680999999999999986e-03 -1.647999999999999942e-03 2.930000000000000204e-04 2.550000000000000183e-04 2.570000000000000127e-04
1.313200000000000000e+09 8.718960000000000043e-01 1.868000000000000086e-03 -1.288000000000000082e-03 3.179999999999999776e-04 2.500000000000000052e-04 2.420000000000000005e-04
1.314900000000000000e+09 8.716620000000000479e-01 1.869999999999999917e-03 -1.644000000000000062e-03 2.860000000000000129e-04 2.429999999999999977e-04 2.519999999999999996e-04
1.316600000000000000e+09 8.716760000000000064e-01 1.596999999999999895e-03 -5.019999999999999506e-04 2.900000000000000017e-04 2.400000000000000061e-04 2.359999999999999902e-04
1.318300000000000000e+09 8.711339999999999639e-01 1.410999999999999928e-03 -1.472999999999999917e-03 2.840000000000000185e-04 2.579999999999999828e-04 2.390000000000000089e-04
1.319900000000000000e+09 8.707880000000000065e-01 1.936999999999999920e-03 -1.139000000000000038e-03 2.509999999999999753e-04 2.339999999999999958e-04 2.539999999999999940e-04
1.321600000000000000e+09 8.709379999999999900e-01 1.977000000000000025e-03 -1.711000000000000064e-03 2.869999999999999830e-04 2.790000000000000054e-04 2.579999999999999828e-04
1.323300000000000000e+09 8.718510000000000426e-01 2.005999999999999971e-03 -1.250000000000000026e-03 3.099999999999999999e-04 2.110000000000000059e-04 2.480000000000000108e-04
1.324900000000000000e+09 8.711400000000000254e-01 1.864999999999999904e-03 -1.991000000000000148e-03 2.999999999999999737e-04 2.519999999999999996e-04 2.550000000000000183e-04
1.326600000000000000e+09 8.707500000000000240e-01 1.846999999999999901e-03 -1.216000000000000067e-03 2.950000000000000148e-04 2.259999999999999910e-04 2.509999999999999753e-04
1.328300000000000000e+09 8.713589999999999947e-01 1.975999999999999892e-03 -1.768000000000000040e-03 2.970000000000000092e-04 2.439999999999999949e-04 2.509999999999999753e-04
1.330000000000000000e+09 8.713130000000000042e-01 1.730999999999999900e-03 -1.670000000000000043e-03 2.779999999999999811e-04 2.400000000000000061e-04 2.300000000000000070e-04
1.331600000000000000e+09 8.710930000000000062e-01 1.289999999999999914e-03 -1.722999999999999922e-03 2.970000000000000092e-04 2.620000000000000258e-04 2.620000000000000258e-04
1.333300000000000000e+09 8.709320000000000395e-01 1.912000000000000071e-03 -1.026000000000000002e-03 2.990000000000000036e-04 2.429999999999999977e-04 2.339999999999999958e-04
1.335000000000000000e+09 8.706120000000000525e-01 1.732000000000000033e-03 -1.013000000000000012e-03 2.919999999999999961e-04 2.339999999999999958e-04 2.570000000000000127e-04
1.336700000000000000e+09 8.701879999999999615e-01 1.557000000000000007e-03 -8.769999999999999584e-04 2.939999999999999905e-04 2.400000000000000061e-04 2.620000000000000258e-04
1.338300000000000000e+09 8.701100000000000501e-01 1.350000000000000071e-03 -1.213000000000000102e-03 2.700000000000000035e-04 2.369999999999999874e-04 2.269999999999999882e-04
1.340000000000000000e+09 8.706150000000000277e-01 1.564999999999999985e-03 -1.185000000000000072e-03 2.809999999999999998e-04 2.420000000000000005e-04 2.429999999999999977e-04
1.341700000000000000e+09 8.703319999999999945e-01 1.232999999999999938e-03 -1.498999999999999898e-03 3.009999999999999980e-04 2.410000000000000033e-04 2.210000000000000050e-04
1.343300000000000000e+09 8.700630000000000308e-01 1.590000000000000050e-03 -7.380000000000000492e-04 2.930000000000000204e-04 2.329999999999999986e-04 2.439999999999999949e-04
1.345000000000000000e+09 8.702499999999999680e-01 1.618999999999999996e-03 -9.300000000000000541e-04 2.599999999999999772e-04 2.249999999999999938e-04 2.310000000000000042e-04
1.346700000000000000e+09 8.701529999999999543e-01 1.881999999999999992e-03 -9.790000000000000525e-04 2.820000000000000241e-04 2.509999999999999753e-04 2.329999999999999986e-04
1.348400000000000000e+09 8.698479999999999546e-01 1.954000000000000008e-03 -1.229000000000000058e-03 2.970000000000000092e-04 2.300000000000000070e-04 2.750000000000000166e-04
1.350000000000000000e+09 8.707310000000000327e-01 2.467000000000000009e-03 -7.649999999999999465e-04 2.759999999999999867e-04 2.359999999999999902e-04 2.359999999999999902e-04
1.351700000000000000e+09 8.698360000000000536e-01 1.899999999999999996e-03 -1.420999999999999954e-03 2.689999999999999791e-04 2.280000000000000126e-04 2.280000000000000126e-04
1.353400000000000000e+09 8.703279999999999905e-01 1.842000000000000104e-03 -8.700000000000000051e-04 2.880000000000000073e-04 2.519999999999999996e-04 2.239999999999999966e-04
1.355000000000000000e+09 8.696500000000000341e-01 2.174999999999999850e-03 -1.002000000000000069e-03 3.080000000000000055e-04 2.599999999999999772e-04 2.640000000000000202e-04
1.356700000000000000e+09 8.701200000000000045e-01 2.239999999999999804e-03 -9.319999999999999942e-04 2.680000000000000090e-04 2.349999999999999930e-04 2.559999999999999884e-04
1.358400000000000000e+09 8.700620000000000021e-01 2.273999999999999980e-03 -9.690000000000000262e-04 2.750000000000000166e-04 2.449999999999999921e-04 2.190000000000000106e-04
1.360100000000000000e+09 8.698190000000000088e-01 2.223000000000000149e-03 -8.080000000000000160e-04 2.669999999999999847e-04 2.460000000000000164e-04 2.339999999999999958e-04
1.361700000000000000e+09 8.693180000000000351e-01 2.514000000000000175e-03 -1.284999999999999901e-03 2.759999999999999867e-04 2.420000000000000005e-04 2.480000000000000108e-04
1.363400000000000000e+09 8.695009999999999684e-01 2.203999999999999796e-03 -9.420000000000000205e-04 2.739999999999999923e-04 2.449999999999999921e-04 2.390000000000000089e-04
1.365100000000000000e+09 8.694669999999999899e-01 2.135000000000000179e-03 -1.039999999999999909e-03 2.750000000000000166e-04 2.400000000000000061e-04 2.449999999999999921e-04
1.366700000000000000e+09 8.688339999999999952e-01 1.757000000000000098e-03 -9.330000000000000186e-04 2.869999999999999830e-04 2.500000000000000052e-04 2.460000000000000164e-04
1.368400000000000000e+09 8.692029999999999479e-01 1.905999999999999925e-03 -1.324000000000000090e-03 2.930000000000000204e-04 2.480000000000000108e-04 2.410000000000000033e-04
1.370100000000000000e+09 8.694579999999999531e-01 2.132999999999999913e-03 -4.440000000000000045e-04 3.020000000000000223e-04 2.280000000000000126e-04 2.570000000000000127e-04
1.371800000000000000e+09 8.694030000000000369e-01 2.582000000000000094e-03 -7.870000000000000476e-04 2.809999999999999998e-04 2.449999999999999921e-04 2.550000000000000183e-04
1.373400000000000000e+09 8.686160000000000547e-01 2.648000000000000180e-03 -9.110000000000000259e-04 2.799999999999999755e-04 2.480000000000000108e-04 2.290000000000000098e-04
1.375100000000000000e+09 8.685380000000000322e-01 2.991999999999999868e-03 -1.231000000000000106e-03 2.629999999999999959e-04 2.280000000000000126e-04 2.249999999999999938e-04
1.376800000000000000e+09 8.690470000000000139e-01 1.991999999999999847e-03 -1.239000000000000084e-03 2.840000000000000185e-04 2.410000000000000033e-04 2.439999999999999949e-04
1.378400000000000000e+09 8.686549999999999550e-01 1.905999999999999925e-03 -1.409000000000000096e-03 3.009999999999999980e-04 2.660000000000000146e-04 2.530000000000000239e-04
1.380100000000000000e+09 8.684450000000000225e-01 2.226999999999999813e-03 -1.283999999999999985e-03 2.550000000000000183e-04 2.239999999999999966e-04 2.550000000000000183e-04
1.381800000000000000e+09 8.685180000000000122e-01 2.740999999999999947e-03 -1.142000000000000003e-03 2.910000000000000260e-04 2.110000000000000059e-04 2.439999999999999949e-04
1.383500000000000000e+09 8.687639999999999807e-01 2.322999999999999978e-03 -4.029999999999999837e-04 2.849999999999999886e-04 2.280000000000000126e-04 2.629999999999999959e-04
1.385100000000000000e+09 8.683539999999999592e-01 2.961999999999999789e-03 -7.290000000000000473e-04 2.860000000000000129e-04 2.410000000000000033e-04 2.190000000000000106e-04
1.386800000000000000e+09 8.686319999999999597e-01 2.464000000000000044e-03 -8.480000000000000124e-04 2.759999999999999867e-04 2.320000000000000014e-04 2.259999999999999910e-04
1.388500000000000000e+09 8.684199999999999697e-01 2.637000000000000021e-03 -9.110000000000000259e-04 2.849999999999999886e-04 2.390000000000000089e-04 2.329999999999999986e-04
1.390200000000000000e+09 8.683750000000000080e-01 2.977000000000000045e-03 3.699999999999999811e-05 2.900000000000000017e-04 2.480000000000000108e-04 2.509999999999999753e-04
1.391800000000000000e+09 8.686199999999999477e-01 2.598000000000000049e-03 -1.131000000000000061e-03 2.689999999999999791e-04 2.349999999999999930e-04 2.469999999999999865e-04
1.393500000000000000e+09 8.677740000000000453e-01 2.907999999999999995e-03 3.629999999999999872e-04 2.900000000000000017e-04 2.469999999999999865e-04 2.820000000000000241e-04
1.395200000000000000e+09 8.682119999999999838e-01 2.968999999999999851e-03 -4.979999999999999618e-04 2.779999999999999811e-04 2.139999999999999975e-04 2.410000000000000033e-04
1.396800000000000000e+09 8.679799999999999738e-01 2.792999999999999910e-03 -3.789999999999999966e-04 2.860000000000000129e-04 2.369999999999999874e-04 2.620000000000000258e-04
1.398500000000000000e+09 8.681959999999999678e-01 3.161999999999999880e-03 -3.469999999999999777e-04 2.959999999999999849e-04 2.410000000000000033e-04 2.329999999999999986e-04
1.400200000000000000e+09 8.679489999999999705e-01 2.798999999999999839e-03 6.299999999999999990e-05 2.640000000000000202e-04 2.229999999999999994e-04 2.579999999999999828e-04
1.401900000000000000e+09 8.678900000000000503e-01 3.021999999999999947e-03 -3.629999999999999872e-04 2.599999999999999772e-04 2.519999999999999996e-04 2.229999999999999994e-04
1.403500000000000000e+09 8.676279999999999548e-01 2.978000000000000178e-03 -6.499999999999999702e-04 2.739999999999999923e-04 2.239999999999999966e-04 2.599999999999999772e-04
1.405200000000000000e+09 8.678460000000000063e-01 2.701999999999999975e-03 -1.190000000000000058e-04 2.919999999999999961e-04 2.489999999999999809e-04 2.290000000000000098e-04
1.406900000000000000e+09 8.675150000000000361e-01 3.026000000000000044e-03 2.180000000000000134e-04 2.790000000000000054e-04 2.259999999999999910e-04 2.539999999999999940e-04
1.408500000000000000e+09 8.674849999999999506e-01 3.075000000000000042e-03 -3.119999999999999944e-04 2.759999999999999867e-04 2.439999999999999949e-04 2.369999999999999874e-04
1.410200000000000000e+09 8.675159999999999538e-01 3.348999999999999980e-03 1.299999999999999920e-05 2.730000000000000222e-04 2.439999999999999949e-04 2.570000000000000127e-04
1.411900000000000000e+09 8.673170000000000046e-01 3.199000000000000021e-03 1.849999999999999973e-04 2.910000000000000260e-04 2.320000000000000014e-04 2.500000000000000052e-04
1.413600000000000000e+09 8.674600000000000088e-01 3.108999999999999785e-03 -1.699999999999999987e-05 2.900000000000000017e-04 2.130000000000000003e-04 2.380000000000000117e-04
1.415200000000000000e+09 8.677669999999999551e-01 3.226999999999999834e-03 1.250000000000000026e-04 2.770000000000000110e-04 2.509999999999999753e-04 2.210000000000000050e-04
1.416900000000000000e+09 8.675410000000000066e-01 3.376000000000000095e-03 2.919999999999999961e-04 2.709999999999999735e-04 2.380000000000000117e-04 2.420000000000000005e-04
1.423600000000000000e+09 8.674060000000000104e-01 3.409999999999999837e-03 3.370000000000000057e-04 2.739999999999999923e-04 2.429999999999999977e-04 2.280000000000000126e-04
1.425300000000000000e+09 8.671759999999999469e-01 2.952000000000000197e-03 -2.799999999999999755e-04 2.709999999999999735e-04 2.220000000000000022e-04 2.579999999999999828e-04
1.426900000000000000e+09 8.675329999999999986e-01 3.311000000000000141e-03 3.159999999999999832e-04 2.730000000000000222e-04 2.310000000000000042e-04 2.420000000000000005e-04
1.428600000000000000e+09 8.666089999999999627e-01 3.263999999999999974e-03 5.199999999999999680e-05 3.029999999999999924e-04 2.380000000000000117e-04 2.269999999999999882e-04
1.430300000000000000e+09 8.674600000000000088e-01 2.958999999999999825e-03 6.989999999999999686e-04 2.759999999999999867e-04 2.229999999999999994e-04 2.420000000000000005e-04
1.431900000000000000e+09 8.674450000000000216e-01 3.230999999999999931e-03 -2.660000000000000146e-04 2.790000000000000054e-04 2.519999999999999996e-04 2.329999999999999986e-04
1.433600000000000000e+09 8.674680000000000168e-01 3.274000000000000000e-03 2.699999999999999899e-05 2.829999999999999942e-04 2.269999999999999882e-04 2.539999999999999940e-04
1.435300000000000000e+09 8.665979999999999794e-01 3.222000000000000038e-03 5.389999999999999826e-04 2.939999999999999905e-04 2.660000000000000146e-04 2.420000000000000005e-04
1.437000000000000000e+09 8.667040000000000299e-01 3.371999999999999997e-03 1.530000000000000056e-04 2.919999999999999961e-04 2.480000000000000108e-04 2.439999999999999949e-04
1.438600000000000000e+09 8.666800000000000059e-01 3.050999999999999893e-03 1.800000000000000113e-04 2.719999999999999979e-04 2.369999999999999874e-04 2.429999999999999977e-04
1.440300000000000000e+09 8.667449999999999877e-01 3.520000000000000125e-03 3.530000000000000152e-04 2.770000000000000110e-04 2.329999999999999986e-04 2.519999999999999996e-04
1.442000000000000000e+09 8.663579999999999615e-01 3.442000000000000181e-03 -1.499999999999999869e-04 2.739999999999999923e-04 2.439999999999999949e-04 2.429999999999999977e-04
1.443700000000000000e+09 8.668080000000000229e-01 3.471999999999999826e-03 1.630000000000000047e-04 2.739999999999999923e-04 2.300000000000000070e-04 2.390000000000000089e-04
1.445300000000000000e+09 8.666059999999999874e-01 3.644999999999999803e-03 4.000000000000000327e-05 2.910000000000000260e-04 2.449999999999999921e-04 2.410000000000000033e-04
1.447000000000000000e+09 8.666479999999999739e-01 3.403999999999999908e-03 5.829999999999999679e-04 3.159999999999999832e-04 2.449999999999999921e-04 2.349999999999999930e-04
1.448700000000000000e+09 8.662419999999999565e-01 3.658999999999999926e-03 1.540000000000000028e-04 2.930000000000000204e-04 2.369999999999999874e-04 2.530000000000000239e-04
1.450300000000000000e+09 8.660729999999999817e-01 3.360000000000000139e-03 -6.170000000000000354e-04 2.629999999999999959e-04 2.239999999999999966e-04 2.200000000000000078e-04
1.452000000000000000e+09 8.663889999999999647e-01 4.099000000000000213e-03 7.450000000000000025e-04 2.809999999999999998e-04 2.530000000000000239e-04 2.550000000000000183e-04
1.453700000000000000e+09 8.665030000000000232e-01 3.494999999999999843e-03 -2.480000000000000108e-04 2.689999999999999791e-04 2.500000000000000052e-04 2.320000000000000014e-04
1.455400000000000000e+09 8.663640000000000230e-01 3.506000000000000002e-03 -1.689999999999999879e-04 2.959999999999999849e-04 2.489999999999999809e-04 2.500000000000000052e-04
1.457000000000000000e+09 8.661090000000000177e-01 3.317000000000000070e-03 2.700000000000000035e-04 3.009999999999999980e-04 2.259999999999999910e-04 2.329999999999999986e-04
1.458700000000000000e+09 8.658909999999999663e-01 4.227999999999999987e-03 -1.699999999999999987e-05 2.700000000000000035e-04 2.439999999999999949e-04 2.530000000000000239e-04
1.460400000000000000e+09 8.664830000000000032e-01 4.009999999999999676e-03 5.749999999999999903e-04 2.930000000000000204e-04 2.130000000000000003e-04 2.380000000000000117e-04
1.462000000000000000e+09 8.658310000000000173e-01 3.848999999999999991e-03 5.559999999999999621e-04 2.809999999999999998e-04 2.429999999999999977e-04 2.480000000000000108e-04
1.463700000000000000e+09 8.659059999999999535e-01 3.847000000000000159e-03 1.890000000000000133e-04 2.739999999999999923e-04 2.280000000000000126e-04 2.239999999999999966e-04
1.465400000000000000e+09 8.660959999999999770e-01 3.687999999999999872e-03 5.439999999999999957e-04 3.099999999999999999e-04 2.200000000000000078e-04 2.159999999999999919e-04
1.467100000000000000e+09 8.655519999999999881e-01 3.455000000000000172e-03 1.749999999999999982e-04 2.790000000000000054e-04 2.550000000000000183e-04 2.380000000000000117e-04
1.468700000000000000e+09 8.653779999999999806e-01 3.759000000000000188e-03 5.850000000000000165e-04 2.719999999999999979e-04 2.090000000000000115e-04 2.259999999999999910e-04
1.470400000000000000e+09 8.658879999999999910e-01 4.087999999999999620e-03 7.439999999999999782e-04 2.869999999999999830e-04 2.559999999999999884e-04 2.460000000000000164e-04
1.472100000000000000e+09 8.649780000000000246e-01 3.680000000000000111e-03 4.659999999999999971e-04 2.770000000000000110e-04 2.599999999999999772e-04 2.460000000000000164e-04
1.473700000000000000e+09 8.659710000000000463e-01 3.798999999999999860e-03 7.370000000000000249e-04 2.829999999999999942e-04 2.390000000000000089e-04 2.349999999999999930e-04
1.475400000000000000e+09 8.657209999999999628e-01 3.836000000000000000e-03 2.759999999999999867e-04 2.809999999999999998e-04 2.429999999999999977e-04 2.460000000000000164e-04
1.477100000000000000e+09 8.659810000000000008e-01 4.316999999999999657e-03 9.399999999999999719e-04 2.869999999999999830e-04 2.420000000000000005e-04 2.469999999999999865e-04
1.478800000000000000e+09 8.656460000000000266e-01 4.128999999999999858e-03 6.999999999999999387e-05 2.770000000000000110e-04 2.310000000000000042e-04 2.390000000000000089e-04
1.480400000000000000e+09 8.655749999999999833e-01 3.701999999999999996e-03 5.619999999999999996e-04 2.959999999999999849e-04 2.259999999999999910e-04 2.599999999999999772e-04
1.482100000000000000e+09 8.654119999999999591e-01 3.831999999999999903e-03 2.699999999999999899e-05 3.060000000000000111e-04 2.400000000000000061e-04 2.480000000000000108e-04
1.483800000000000000e+09 8.653739999999999766e-01 3.356000000000000042e-03 8.850000000000000444e-04 2.910000000000000260e-04 2.290000000000000098e-04 2.229999999999999994e-04
1.485400000000000000e+09 8.650799999999999601e-01 3.586000000000000212e-03 7.820000000000000345e-04 2.820000000000000241e-04 2.380000000000000117e-04 2.180000000000000134e-04
1.487100000000000000e+09 8.651919999999999611e-01 3.755999999999999790e-03 6.179999999999999513e-04 2.889999999999999774e-04 2.390000000000000089e-04 2.579999999999999828e-04
1.488800000000000000e+09 8.652720000000000411e-01 4.329999999999999648e-03 9.550000000000000112e-04 3.009999999999999980e-04 2.400000000000000061e-04 2.460000000000000164e-04
1.490500000000000000e+09 8.653849999999999598e-01 3.755999999999999790e-03 4.330000000000000081e-04 2.629999999999999959e-04 2.229999999999999994e-04 2.420000000000000005e-04
1.492100000000000000e+09 8.652180000000000426e-01 4.180999999999999821e-03 4.380000000000000213e-04 2.860000000000000129e-04 2.629999999999999959e-04 2.449999999999999921e-04
1.493800000000000000e+09 8.650269999999999904e-01 3.899999999999999821e-03 9.929999999999999591e-04 2.910000000000000260e-04 2.429999999999999977e-04 2.410000000000000033e-04
1.495500000000000000e+09 8.647500000000000187e-01 4.078000000000000028e-03 7.669999999999999951e-04 2.809999999999999998e-04 2.429999999999999977e-04 2.570000000000000127e-04
1.497200000000000000e+09 8.648860000000000436e-01 4.213999999999999864e-03 1.121999999999999950e-03 2.900000000000000017e-04 2.390000000000000089e-04 2.349999999999999930e-04
1.498800000000000000e+09 8.647070000000000034e-01 3.857000000000000185e-03 8.540000000000000499e-04 2.950000000000000148e-04 2.369999999999999874e-04 2.310000000000000042e-04
1.500500000000000000e+09 8.648770000000000069e-01 4.154999999999999839e-03 4.889999999999999599e-04 2.999999999999999737e-04 2.290000000000000098e-04 2.469999999999999865e-04
1.502200000000000000e+09 8.648789999999999534e-01 4.107000000000000407e-03 7.789999999999999616e-04 3.099999999999999999e-04 2.539999999999999940e-04 2.559999999999999884e-04
1.503800000000000000e+09 8.645599999999999952e-01 3.501999999999999905e-03 4.110000000000000155e-04 2.910000000000000260e-04 2.519999999999999996e-04 2.149999999999999947e-04
1.505500000000000000e+09 8.646310000000000384e-01 3.602000000000000167e-03 7.479999999999999670e-04 2.829999999999999942e-04 2.460000000000000164e-04 2.339999999999999958e-04
1.507200000000000000e+09 8.644810000000000549e-01 3.478999999999999888e-03 3.629999999999999872e-04 2.790000000000000054e-04 2.210000000000000050e-04 2.390000000000000089e-04
1.508900000000000000e+09 8.644220000000000237e-01 3.095999999999999794e-03 3.800000000000000209e-04 2.849999999999999886e-04 2.439999999999999949e-04 2.460000000000000164e-04
1.510500000000000000e+09 8.642840000000000522e-01 3.738000000000000003e-03 6.200000000000000270e-05 2.750000000000000166e-04 2.229999999999999994e-04 2.400000000000000061e-04
1.512200000000000000e+09 8.642649999999999499e-01 3.840000000000000097e-03 8.289999999999999843e-04 2.959999999999999849e-04 2.349999999999999930e-04 2.579999999999999828e-04
1.513900000000000000e+09 8.640299999999999647e-01 4.099000000000000213e-03 5.199999999999999680e-05 2.730000000000000222e-04 2.519999999999999996e-04 2.280000000000000126e-04
1.515500000000000000e+09 8.646430000000000504e-01 3.566000000000000159e-03 4.130000000000000099e-04 2.939999999999999905e-04 2.500000000000000052e-04 2.429999999999999977e-04
1.520600000000000000e+09 8.648350000000000204e-01 4.099000000000000213e-03 3.440000000000000132e-04 3.409999999999999945e-04 2.739999999999999923e-04 2.500000000000000052e-04
1.522200000000000000e+09 8.643389999999999684e-01 3.485999999999999949e-03 4.380000000000000213e-04 3.130000000000000187e-04 2.269999999999999882e-04 2.329999999999999986e-04
1.565700000000000000e+09 8.630719999999999503e-01 3.439000000000000216e-03 -1.310000000000000129e-04 3.860000000000000041e-04 2.719999999999999979e-04 2.640000000000000202e-04
1.567400000000000000e+09 8.637150000000000105e-01 3.478000000000000189e-03 -2.799999999999999755e-04 4.209999999999999875e-04 2.750000000000000166e-04 3.350000000000000113e-04
1.569000000000000000e+09 8.631919999999999593e-01 3.344999999999999883e-03 1.269999999999999970e-04 4.820000000000000066e-04 3.649999999999999816e-04 3.510000000000000208e-04
1.580700000000000000e+09 8.632140000000000368e-01 3.001000000000000195e-03 -6.400000000000000524e-04 4.820000000000000066e-04 3.559999999999999797e-04 3.429999999999999889e-04
1.582400000000000000e+09 8.626869999999999816e-01 3.063999999999999883e-03 -1.129999999999999955e-04 4.260000000000000006e-04 3.089999999999999756e-04 3.150000000000000131e-04
1.584100000000000000e+09 8.629059999999999508e-01 3.403000000000000209e-03 3.000000000000000076e-06 3.750000000000000078e-04 2.719999999999999979e-04 2.689999999999999791e-04
1.585800000000000000e+09 8.625059999999999949e-01 3.403999999999999908e-03 -8.800000000000000313e-04 3.579999999999999741e-04 2.779999999999999811e-04 3.060000000000000111e-04
1.605800000000000000e+09 8.618010000000000392e-01 3.072000000000000078e-03 -9.820000000000000170e-04 4.279999999999999950e-04 2.750000000000000166e-04 3.110000000000000243e-04
1.607500000000000000e+09 8.612239999999999895e-01 3.592999999999999840e-03 -6.480000000000000300e-04 3.110000000000000243e-04 2.570000000000000127e-04 2.469999999999999865e-04
1.609200000000000000e+09 8.611940000000000150e-01 3.288000000000000124e-03 -7.299999999999999632e-04 2.790000000000000054e-04 2.269999999999999882e-04 2.249999999999999938e-04
1.610800000000000000e+09 8.607650000000000023e-01 3.438000000000000084e-03 -8.350000000000000217e-04 2.750000000000000166e-04 2.429999999999999977e-04 2.550000000000000183e-04
1.612500000000000000e+09 8.608310000000000128e-01 3.279999999999999930e-03 -1.173999999999999913e-03 3.020000000000000223e-04 2.210000000000000050e-04 2.429999999999999977e-04
1.614200000000000000e+09 8.604640000000000066e-01 3.599000000000000202e-03 -1.005000000000000034e-03 2.959999999999999849e-04 2.269999999999999882e-04 2.210000000000000050e-04
1.615900000000000000e+09 8.608440000000000536e-01 3.585000000000000079e-03 -7.190000000000000210e-04 2.959999999999999849e-04 2.110000000000000059e-04 2.280000000000000126e-04
1.617500000000000000e+09 8.600539999999999852e-01 3.288999999999999823e-03 -1.497000000000000067e-03 4.150000000000000043e-04 2.889999999999999774e-04 2.860000000000000129e-04
1.619200000000000000e+09 8.618959999999999955e-01 2.848999999999999970e-03 -1.564999999999999985e-03 4.249999999999999763e-04 3.110000000000000243e-04 3.150000000000000131e-04
1.629200000000000000e+09 8.597510000000000430e-01 3.380000000000000192e-03 -4.029999999999999837e-04 3.330000000000000169e-04 2.249999999999999938e-04 2.429999999999999977e-04
1.630900000000000000e+09 8.600360000000000227e-01 3.196000000000000056e-03 -6.109999999999999980e-04 3.229999999999999907e-04 2.380000000000000117e-04 2.280000000000000126e-04
1.632600000000000000e+09 8.603290000000000104e-01 3.008999999999999956e-03 -9.380000000000000317e-04 3.150000000000000131e-04 2.439999999999999949e-04 2.829999999999999942e-04
1.634200000000000000e+09 8.602079999999999727e-01 2.635000000000000189e-03 -1.185000000000000072e-03 2.970000000000000092e-04 2.329999999999999986e-04 2.200000000000000078e-04
1.635900000000000000e+09 8.594330000000000025e-01 2.504999999999999848e-03 -7.129999999999999836e-04 2.950000000000000148e-04 2.570000000000000127e-04 2.380000000000000117e-04
1.639300000000000000e+09 8.609539999999999971e-01 3.298000000000000150e-03 -8.339999999999999974e-04 3.139999999999999888e-04 2.259999999999999910e-04 2.400000000000000061e-04
1.640900000000000000e+09 8.594610000000000305e-01 3.023000000000000079e-03 -1.061000000000000094e-03 3.139999999999999888e-04 2.620000000000000258e-04 2.460000000000000164e-04
1.642600000000000000e+09 8.591879999999999518e-01 3.497999999999999807e-03 -1.306000000000000086e-03 3.200000000000000262e-04 2.380000000000000117e-04 2.590000000000000071e-04
1.645900000000000000e+09 8.596599999999999797e-01 3.180000000000000101e-03 -1.647999999999999942e-03 3.139999999999999888e-04 2.339999999999999958e-04 2.329999999999999986e-04
